0 0.307618 0.541015 0.420899 0.541015 0.420899 0.643554 0.307618 0.643554
0 0.155273 0.340820 0.272461 0.340820 0.272461 0.462890 0.155273 0.462890
0 0.478515 0.471679 0.609375 0.471679 0.609375 0.620117 0.478515 0.620117
0 0.121094 0.463867 0.243164 0.463867 0.243164 0.593750 0.121094 0.593750
0 0.064453 0.313477 0.155273 0.313477 0.155273 0.445313 0.064453 0.445313
0 0.423828 0.201173 0.582032 0.201173 0.582032 0.345703 0.423828 0.345703
0 0.634766 0.298828 0.839844 0.298828 0.839844 0.461914 0.634766 0.461914
0 0.215820 0.603515 0.372070 0.603515 0.372070 0.729492 0.215820 0.729492
0 0.065430 0.735351 0.170899 0.735351 0.170899 0.831055 0.065430 0.831055
0 0.002930 0.550781 0.078124 0.550781 0.078124 0.613281 0.002930 0.613281
0 0.808593 0.403320 0.977539 0.403320 0.977539 0.560547 0.808593 0.560547
0 0.123047 0.878907 0.245117 0.878907 0.245117 0.960938 0.123047 0.960938
0 0.149414 0.130860 0.212891 0.130860 0.212891 0.232422 0.149414 0.232422
0 0.016602 0.449218 0.114258 0.449218 0.114258 0.558593 0.016602 0.558593
0 0.080078 0.628906 0.197266 0.628906 0.197266 0.740234 0.080078 0.740234
0 0.211915 0.736328 0.304688 0.736328 0.304688 0.875000 0.211915 0.875000
0 0.551758 0.241211 0.669922 0.241211 0.669922 0.374023 0.551758 0.374023
0 0.011719 0.843750 0.121094 0.843750 0.121094 0.969727 0.011719 0.969727
0 0.004883 0.273438 0.088867 0.273438 0.088867 0.416992 0.004883 0.416992
0 0.356445 0.208008 0.429687 0.208008 0.429687 0.303710 0.356445 0.303710
0 0.348633 0.406250 0.478515 0.406250 0.478515 0.553710 0.348633 0.553710
0 0.099609 0.584961 0.199218 0.584961 0.199218 0.640625 0.099609 0.640625
0 0.226562 0.081055 0.289062 0.081055 0.289062 0.161133 0.226562 0.161133
0 0.234375 0.955078 0.351563 0.955078 0.351563 1.000000 0.234375 1.000000
0 0.148437 0.800782 0.217773 0.800782 0.217773 0.864259 0.148437 0.864259
0 0.208008 0.166992 0.363281 0.166992 0.363281 0.260742 0.208008 0.260742
0 0.939454 0.487305 1.000000 0.487305 1.000000 0.632813 0.939454 0.632813
0 0.303711 0.384765 0.369141 0.384765 0.369141 0.484375 0.303711 0.484375
0 0.242188 0.357422 0.330079 0.357422 0.330079 0.480469 0.242188 0.480469
0 0.000976 0.263672 0.034180 0.263672 0.034180 0.389649 0.000976 0.389649
0 0.000976 0.601562 0.059570 0.601562 0.059570 0.752930 0.000976 0.752930
0 0.000976 0.615234 0.073242 0.615234 0.073242 0.680664 0.000976 0.680664
0 0.262695 0.035157 0.363281 0.035157 0.363281 0.117188 0.262695 0.117188
