0 0.400390 0.218750 0.500000 0.218750 0.500000 0.326172 0.400390 0.326172
0 0.164062 0.208985 0.363282 0.208985 0.363282 0.416015 0.164062 0.416015
0 0.155273 0.647461 0.237305 0.647461 0.237305 0.741211 0.155273 0.741211
0 0.506836 0.237305 0.590820 0.237305 0.590820 0.341797 0.506836 0.341797
0 0.652343 0.445312 0.803710 0.445312 0.803710 0.538085 0.652343 0.538085
0 0.512695 0.340821 0.605468 0.340821 0.605468 0.422851 0.512695 0.422851
0 0.695312 0.823242 0.785156 0.823242 0.785156 0.922852 0.695312 0.922852
0 0.535156 0.786133 0.649414 0.786133 0.649414 0.854492 0.535156 0.854492
0 0.340820 0.682616 0.437500 0.682616 0.437500 0.777343 0.340820 0.777343
0 0.519531 0.483398 0.615235 0.483398 0.615235 0.557617 0.519531 0.557617
0 0.815430 0.301758 0.964844 0.301758 0.964844 0.428710 0.815430 0.428710
0 0.243164 0.665040 0.353516 0.665040 0.353516 0.843751 0.243164 0.843751
0 0.698242 0.925782 0.784180 0.925782 0.784180 1.000000 0.698242 1.000000
0 0.525390 0.419922 0.610352 0.419922 0.610352 0.486328 0.525390 0.486328
0 0.641601 0.356445 0.783203 0.356445 0.783203 0.445312 0.641601 0.445312
0 0.427735 0.698242 0.522462 0.698242 0.522462 0.798828 0.427735 0.798828
0 0.097656 0.483399 0.222656 0.483399 0.222656 0.612305 0.097656 0.612305
0 0.563477 0.852538 0.654297 0.852538 0.654297 0.902344 0.563477 0.902344
0 0.823242 0.911133 0.942383 0.911133 0.942383 0.999023 0.823242 0.999023
0 0.082031 0.625000 0.162109 0.625000 0.162109 0.715820 0.082031 0.715820
0 0.880859 0.859375 0.977539 0.859375 0.977539 0.936523 0.880859 0.936523
0 0.917968 0.739258 0.999999 0.739258 0.999999 0.878906 0.917968 0.878906
0 0.512695 0.711914 0.644531 0.711914 0.644531 0.789062 0.512695 0.789062
0 0.781250 0.657226 0.974610 0.657226 0.974610 0.777343 0.781250 0.777343
0 0.634765 0.270508 0.762695 0.270508 0.762695 0.359375 0.634765 0.359375
0 0.003907 0.792969 0.137695 0.792969 0.137695 0.904297 0.003907 0.904297
0 0.179688 0.007812 0.393555 0.007812 0.393555 0.210938 0.179688 0.210938
0 0.666016 0.635742 0.801758 0.635742 0.801758 0.762696 0.666016 0.762696
0 0.299804 0.571289 0.425781 0.571289 0.425781 0.651367 0.299804 0.651367
0 0.889648 0.522461 1.000000 0.522461 1.000000 0.681641 0.889648 0.681641
0 0.352540 0.408203 0.452148 0.408203 0.452148 0.472656 0.352540 0.472656
0 0.340821 0.462890 0.421876 0.462890 0.421876 0.520508 0.340821 0.520508
0 0.630860 0.159179 0.763672 0.159179 0.763672 0.269531 0.630860 0.269531
0 0.187500 0.829102 0.326172 0.829102 0.326172 0.983398 0.187500 0.983398
0 0.000977 0.449219 0.130860 0.449219 0.130860 0.570313 0.000977 0.570313
0 0.303710 0.941406 0.413085 0.941406 0.413085 1.000000 0.303710 1.000000
0 0.116210 0.778320 0.208008 0.778320 0.208008 0.859376 0.116210 0.859376
0 0.704101 0.054688 0.818359 0.054688 0.818359 0.119141 0.704101 0.119141
0 0.672851 0.100586 0.780273 0.100586 0.780273 0.172852 0.672851 0.172852
0 0.321289 0.515625 0.431641 0.515625 0.431641 0.582031 0.321289 0.582031
0 0.000977 0.775390 0.040039 0.775390 0.040039 0.871094 0.000977 0.871094
0 0.019532 0.605469 0.100586 0.605469 0.100586 0.693360 0.019532 0.693360
0 0.848633 0.005859 0.947265 0.005859 0.947265 0.072265 0.848633 0.072265
0 0.513672 0.554687 0.622070 0.554687 0.622070 0.626953 0.513672 0.626953
0 0.566406 0.900390 0.663086 0.900390 0.663086 0.951171 0.566406 0.951171
0 0.446289 0.035156 0.644531 0.035156 0.644531 0.214844 0.446289 0.214844
0 0.579102 0.953125 0.670898 0.953125 0.670898 1.000000 0.579102 1.000000
0 0.500976 0.628906 0.637695 0.628906 0.637695 0.694336 0.500976 0.694336
0 0.373047 0.338867 0.481445 0.338867 0.481445 0.417969 0.373047 0.417969
0 0.951172 0.377930 1.000000 0.377930 1.000000 0.508788 0.951172 0.508788
0 0.735351 0.004883 0.849609 0.004883 0.849609 0.079101 0.735351 0.079101
0 0.227539 0.429687 0.297851 0.429687 0.297851 0.620117 0.227539 0.620117
0 0.686523 0.767578 0.780273 0.767578 0.780273 0.820312 0.686523 0.820312
0 0.662110 0.536133 0.875000 0.536133 0.875000 0.624023 0.662110 0.624023
