0 0.653321 0.259115 0.803712 0.259115 0.803712 0.385417 0.653321 0.385417
0 0.154297 0.528646 0.237305 0.528646 0.237305 0.654948 0.154297 0.654948
0 0.520508 0.311198 0.615235 0.311198 0.615235 0.410156 0.520508 0.410156
0 0.098633 0.311198 0.223633 0.311198 0.223633 0.480468 0.098633 0.480468
0 0.352539 0.208333 0.453125 0.208333 0.453125 0.300781 0.352539 0.300781
0 0.782226 0.542969 0.975585 0.542969 0.975585 0.701823 0.782226 0.701823
0 0.340820 0.576823 0.438476 0.576823 0.438476 0.703125 0.340820 0.703125
0 0.242188 0.553386 0.353516 0.553386 0.353516 0.792968 0.242188 0.792968
0 0.514649 0.125000 0.606445 0.125000 0.606445 0.240886 0.514649 0.240886
0 0.082031 0.498698 0.162109 0.498698 0.162109 0.621094 0.082031 0.621094
0 0.526367 0.225260 0.610351 0.225260 0.610351 0.315104 0.526367 0.315104
0 0.339844 0.272135 0.423828 0.272135 0.423828 0.364583 0.339844 0.364583
0 0.889648 0.363281 1.000000 0.363281 1.000000 0.574219 0.889648 0.574219
0 0.170899 0.002604 0.356446 0.002604 0.356446 0.216146 0.170899 0.216146
0 0.830078 0.062500 0.949218 0.062500 0.949218 0.213542 0.830078 0.213542
0 0.299804 0.429688 0.425781 0.429688 0.425781 0.533855 0.299804 0.533855
0 0.011718 0.263020 0.110351 0.263020 0.110351 0.432292 0.011718 0.432292
0 0.198242 0.765626 0.327148 0.765626 0.327148 0.973958 0.198242 0.973958
0 0.918945 0.649740 1.000000 0.649740 1.000000 0.841146 0.918945 0.841146
0 0.534179 0.714844 0.650390 0.714844 0.650390 0.803386 0.534179 0.803386
0 0.646484 0.138021 0.782226 0.138021 0.782226 0.261719 0.646484 0.261719
0 0.427735 0.597657 0.523438 0.597657 0.523438 0.731772 0.427735 0.731772
0 0.696290 0.761719 0.785157 0.761719 0.785157 0.890625 0.696290 0.890625
0 0.513672 0.615886 0.645508 0.615886 0.645508 0.717448 0.513672 0.717448
0 0.666016 0.514322 0.784180 0.514322 0.784180 0.684895 0.666016 0.684895
0 0.321289 0.351563 0.435547 0.351563 0.435547 0.445313 0.321289 0.445313
0 0.010742 0.726562 0.137695 0.726562 0.137695 0.876302 0.010742 0.876302
0 0.115234 0.704427 0.205078 0.704427 0.205078 0.816407 0.115234 0.816407
0 0.882812 0.812500 0.981445 0.812500 0.981445 0.912760 0.882812 0.912760
0 0.019532 0.473958 0.100586 0.473958 0.100586 0.591146 0.019532 0.591146
0 0.560546 0.799480 0.656250 0.799480 0.656250 0.872396 0.560546 0.872396
0 0.375001 0.106770 0.484376 0.106770 0.484376 0.220052 0.375001 0.220052
0 0.500976 0.001302 0.589843 0.001302 0.589843 0.125000 0.500976 0.125000
0 0.000977 0.701823 0.039063 0.701823 0.039063 0.826823 0.000977 0.826823
0 0.814453 0.875000 0.941407 0.875000 0.941407 0.998698 0.814453 0.998698
0 0.958008 0.173177 1.000000 0.173177 1.000000 0.332031 0.958008 0.332031
0 0.511719 0.406250 0.622071 0.406250 0.622071 0.502604 0.511719 0.502604
0 0.395508 0.001302 0.495116 0.001302 0.495116 0.108074 0.395508 0.108074
0 0.502930 0.506510 0.631836 0.506510 0.631836 0.595052 0.502930 0.595052
0 0.322266 0.933594 0.419922 0.933594 0.419922 1.000000 0.322266 1.000000
0 0.702148 0.895834 0.783204 0.895834 0.783204 0.997396 0.702148 0.997396
0 0.204101 0.229167 0.310547 0.229167 0.310547 0.486979 0.204101 0.486979
0 0.000976 0.230468 0.026368 0.230468 0.026368 0.372395 0.000976 0.372395
0 0.565430 0.869791 0.662110 0.869791 0.662110 0.924479 0.565430 0.924479
0 0.572265 0.923177 0.667969 0.923177 0.667969 1.000000 0.572265 1.000000
0 0.641601 0.022135 0.753907 0.022135 0.753907 0.140625 0.641601 0.140625
0 0.690430 0.687500 0.773438 0.687500 0.773438 0.763020 0.690430 0.763020
0 0.671876 0.390624 0.872070 0.390624 0.872070 0.493489 0.671876 0.493489
