0 0.400390 0.468750 0.500000 0.468750 0.500000 0.576172 0.400390 0.576172
0 0.167968 0.465821 0.367188 0.465821 0.367188 0.671876 0.167968 0.671876
0 0.652343 0.696290 0.803710 0.696290 0.803710 0.788086 0.652343 0.788086
0 0.506836 0.485351 0.589844 0.485351 0.589844 0.591796 0.506836 0.591796
0 0.512695 0.590820 0.605468 0.590820 0.605468 0.671876 0.512695 0.671876
0 0.154297 0.895508 0.242188 0.895508 0.242188 0.981446 0.154297 0.981446
0 0.642578 0.606445 0.782226 0.606445 0.782226 0.695312 0.642578 0.695312
0 0.842773 0.245117 0.955079 0.245117 0.955079 0.328125 0.842773 0.328125
0 0.604492 0.132813 0.733398 0.132813 0.733398 0.286133 0.604492 0.286133
0 0.519531 0.733399 0.615235 0.733399 0.615235 0.806641 0.519531 0.806641
0 0.826172 0.559570 0.944336 0.559570 0.944336 0.663086 0.826172 0.663086
0 0.356446 0.929688 0.438476 0.929688 0.438476 1.000000 0.356446 1.000000
0 0.526367 0.668945 0.609375 0.668945 0.609375 0.735351 0.526367 0.735351
0 0.016602 0.031250 0.135742 0.031250 0.135742 0.152344 0.016602 0.152344
0 0.185547 0.253906 0.393555 0.253906 0.393555 0.462890 0.185547 0.462890
0 0.634766 0.521485 0.763672 0.521485 0.763672 0.609375 0.634766 0.609375
0 0.107422 0.727539 0.211914 0.727539 0.211914 0.835937 0.107422 0.835937
0 0.677735 0.881836 0.807617 0.881836 0.807617 1.000000 0.677735 1.000000
0 0.757812 0.207032 0.858398 0.207032 0.858398 0.277344 0.757812 0.277344
0 0.350586 0.088867 0.486328 0.088867 0.486328 0.185547 0.350586 0.185547
0 0.268555 0.912110 0.353515 0.912110 0.353515 1.000000 0.268555 1.000000
0 0.109375 0.071289 0.191407 0.071289 0.191407 0.158203 0.109375 0.158203
0 0.237305 0.084961 0.328125 0.084961 0.328125 0.170899 0.237305 0.170899
0 0.178710 0.076172 0.259765 0.076172 0.259765 0.163086 0.178710 0.163086
0 0.630860 0.410156 0.760742 0.410156 0.760742 0.519532 0.630860 0.519532
0 0.088867 0.875977 0.160157 0.875977 0.160157 0.956055 0.088867 0.956055
0 0.298828 0.822265 0.424805 0.822265 0.424805 0.901367 0.298828 0.901367
0 0.505860 0.086913 0.628906 0.086913 0.628906 0.223633 0.505860 0.223633
0 0.894532 0.775390 1.000000 0.775390 1.000000 0.916015 0.894532 0.916015
0 0.395508 0.008789 0.514648 0.008789 0.514648 0.102539 0.395508 0.102539
0 0.705079 0.304688 0.818360 0.304688 0.818360 0.369140 0.705079 0.369140
0 0.673829 0.350586 0.780273 0.350586 0.780273 0.422852 0.673829 0.422852
0 0.558594 0.000976 0.677735 0.000976 0.677735 0.088867 0.558594 0.088867
0 0.352540 0.658203 0.452148 0.658203 0.452148 0.722657 0.352540 0.722657
0 0.340821 0.712890 0.421876 0.712890 0.421876 0.770508 0.340821 0.770508
0 0.714844 0.000977 0.821288 0.000977 0.821288 0.131835 0.714844 0.131835
0 0.006836 0.702148 0.106445 0.702148 0.106445 0.809570 0.006836 0.809570
0 0.810547 0.910156 0.972657 0.910156 0.972657 1.000000 0.810547 1.000000
0 0.318360 0.768555 0.430665 0.768555 0.430665 0.830078 0.318360 0.830078
0 0.022462 0.854492 0.097657 0.854492 0.097657 0.942383 0.022462 0.942383
0 0.444336 0.286133 0.644532 0.286133 0.644532 0.461913 0.444336 0.461913
0 0.307617 0.112305 0.367187 0.112305 0.367187 0.175782 0.307617 0.175782
0 0.644531 0.050782 0.710937 0.050782 0.710937 0.107423 0.644531 0.107423
0 0.513672 0.804687 0.622070 0.804687 0.622070 0.876953 0.513672 0.876953
0 0.734375 0.255859 0.849609 0.255859 0.849609 0.329101 0.734375 0.329101
0 0.335938 0.000977 0.419922 0.000977 0.419922 0.091797 0.335938 0.091797
0 0.519531 0.961914 0.640625 0.961914 0.640625 1.000000 0.519531 1.000000
0 0.207031 0.685547 0.308593 0.685547 0.308593 0.869141 0.207031 0.869141
0 0.477539 0.881836 0.630859 0.881836 0.630859 0.941406 0.477539 0.941406
0 0.663086 0.786133 0.863282 0.786133 0.863282 0.865235 0.663086 0.865235
0 0.439453 0.947266 0.518555 0.947266 0.518555 1.000000 0.439453 1.000000
0 0.375976 0.581055 0.490234 0.581055 0.490234 0.663085 0.375976 0.663085
