0 0.417969 0.091797 0.534180 0.091797 0.534180 0.212891 0.417969 0.212891
0 0.557617 0.291015 0.670898 0.291015 0.670898 0.393555 0.557617 0.393555
0 0.732421 0.218750 0.869140 0.218750 0.869140 0.383790 0.732421 0.383790
0 0.378906 0.210938 0.500976 0.210938 0.500976 0.340820 0.378906 0.340820
0 0.302734 0.060547 0.408203 0.060547 0.408203 0.200195 0.302734 0.200195
0 0.308594 0.466796 0.421874 0.466796 0.421874 0.586913 0.308594 0.586913
0 0.247071 0.300781 0.328126 0.300781 0.328126 0.363281 0.247071 0.363281
0 0.350585 0.632812 0.484375 0.632812 0.484375 0.785156 0.350585 0.785156
0 0.046875 0.000976 0.281250 0.000976 0.281250 0.168945 0.046875 0.168945
0 0.594727 0.744140 0.706055 0.744140 0.706055 0.829102 0.594727 0.829102
0 0.460937 0.341797 0.630859 0.341797 0.630859 0.473633 0.460937 0.473633
0 0.076172 0.271484 0.189453 0.271484 0.189453 0.430664 0.076172 0.430664
0 0.000977 0.418945 0.051757 0.418945 0.051757 0.553711 0.000977 0.553711
0 0.255860 0.585938 0.382812 0.585938 0.382812 0.722657 0.255860 0.722657
0 0.870117 0.044922 1.000000 0.044922 1.000000 0.220703 0.870117 0.220703
0 0.267578 0.200196 0.364258 0.200196 0.364258 0.308594 0.267578 0.308594
0 0.506836 0.708008 0.608398 0.708008 0.608398 0.776367 0.506836 0.776367
0 0.334961 0.370117 0.452149 0.370117 0.452149 0.479492 0.334961 0.479492
0 0.262696 0.031250 0.330078 0.031250 0.330078 0.163086 0.262696 0.163086
0 0.464844 0.483399 0.573242 0.483399 0.573242 0.627930 0.464844 0.627930
0 0.140624 0.375977 0.208008 0.375977 0.208008 0.463867 0.140624 0.463867
0 0.000976 0.583985 0.079101 0.583985 0.079101 0.671875 0.000976 0.671875
0 0.790039 0.000977 0.913085 0.000977 0.913085 0.136719 0.790039 0.136719
0 0.222656 0.426758 0.302734 0.426758 0.302734 0.500000 0.222656 0.500000
0 0.000977 0.755860 0.144531 0.755860 0.144531 0.979492 0.000977 0.979492
0 0.664062 0.000976 0.833007 0.000976 0.833007 0.103516 0.664062 0.103516
0 0.446289 0.806641 0.560547 0.806641 0.560547 0.873047 0.446289 0.873047
0 0.415039 0.853516 0.522461 0.853516 0.522461 0.926758 0.415039 0.926758
0 0.366212 0.326172 0.465820 0.326172 0.465820 0.380860 0.366212 0.380860
0 0.603515 0.161133 0.733398 0.161133 0.733398 0.307617 0.603515 0.307617
0 0.373047 0.538085 0.472657 0.538085 0.472657 0.629882 0.373047 0.629882
0 0.138672 0.503907 0.272460 0.503907 0.272460 0.596680 0.138672 0.596680
0 0.603516 0.000976 0.690430 0.000976 0.690430 0.069335 0.603516 0.069335
0 0.087891 0.475586 0.157227 0.475586 0.157227 0.586914 0.087891 0.586914
0 0.247070 0.369140 0.323242 0.369140 0.323242 0.430663 0.247070 0.430663
0 0.193360 0.787110 0.395508 0.787110 0.395508 0.968750 0.193360 0.968750
0 0.484374 0.756836 0.600585 0.756836 0.600585 0.829102 0.484374 0.829102
0 0.104492 0.602538 0.239258 0.602538 0.239258 0.683594 0.104492 0.683594
0 0.377930 0.915040 0.520508 0.915040 0.520508 1.000000 0.377930 1.000000
0 0.560547 0.133788 0.625977 0.133788 0.625977 0.232422 0.560547 0.232422
0 0.504883 0.107422 0.592773 0.107422 0.592773 0.230469 0.504883 0.230469
0 0.056640 0.611328 0.118163 0.611328 0.118163 0.674805 0.056640 0.674805
0 0.045898 0.440429 0.097656 0.440429 0.097656 0.575195 0.045898 0.575195
