0 0.731446 0.226562 0.864258 0.226562 0.864258 0.454427 0.731446 0.454427
0 0.425782 0.212240 0.570312 0.212240 0.570312 0.497396 0.425782 0.497396
0 0.135741 0.252603 0.261718 0.252603 0.261718 0.449218 0.135741 0.449218
0 0.487305 0.458334 0.607422 0.458334 0.607422 0.658855 0.487305 0.658855
0 0.788085 0.420573 0.907226 0.420573 0.907226 0.602865 0.788085 0.602865
0 0.001954 0.286459 0.097657 0.286459 0.097657 0.432291 0.001954 0.432291
0 0.227539 0.480469 0.317383 0.480469 0.317383 0.657552 0.227539 0.657552
0 0.824219 0.561198 0.943360 0.561198 0.943360 0.733073 0.824219 0.733073
0 0.261719 0.694010 0.358399 0.694010 0.358399 0.808594 0.261719 0.808594
0 0.536133 0.619792 0.664063 0.619792 0.664063 0.851562 0.536133 0.851562
0 0.137695 0.682292 0.217773 0.682292 0.217773 0.805990 0.137695 0.805990
0 0.695312 0.078125 0.816406 0.078125 0.816406 0.259115 0.695312 0.259115
0 0.386718 0.074219 0.509765 0.074219 0.509765 0.256511 0.386718 0.256511
0 0.080078 0.532552 0.188476 0.532552 0.188476 0.684896 0.080078 0.684896
0 0.278320 0.798177 0.378906 0.798177 0.378906 0.891927 0.278320 0.891927
0 0.000976 0.613281 0.059570 0.613281 0.059570 0.742187 0.000976 0.742187
0 0.098633 0.031250 0.207031 0.031250 0.207031 0.218750 0.098633 0.218750
0 0.024415 0.768229 0.102540 0.768229 0.102540 0.859375 0.024415 0.859375
0 0.176758 0.792969 0.276367 0.792969 0.276367 0.917969 0.176758 0.917969
0 0.057617 0.467448 0.141601 0.467448 0.141601 0.548177 0.057617 0.548177
0 0.039062 0.850260 0.117188 0.850260 0.117188 0.921875 0.039062 0.921875
0 0.041016 0.408854 0.121094 0.408854 0.121094 0.496094 0.041016 0.496094
0 0.354491 0.001302 0.473633 0.001302 0.473633 0.102864 0.354491 0.102864
0 0.000977 0.130209 0.037110 0.130209 0.037110 0.277344 0.000977 0.277344
0 0.311524 0.938802 0.420899 0.938802 0.420899 1.000000 0.311524 1.000000
0 0.666015 0.001302 0.778321 0.001302 0.778321 0.096354 0.666015 0.096354
0 0.070313 0.911458 0.140625 0.911458 0.140625 0.985677 0.070313 0.985677
0 0.907227 0.861980 1.000000 0.861980 1.000000 1.000000 0.907227 1.000000
