0 0.698242 0.306640 0.815430 0.306640 0.815430 0.447265 0.698242 0.447265
0 0.733399 0.421874 0.862305 0.421874 0.862305 0.589843 0.733399 0.589843
0 0.095703 0.271484 0.209961 0.271484 0.209961 0.416992 0.095703 0.416992
0 0.654297 0.183594 0.773438 0.183594 0.773438 0.328124 0.654297 0.328124
0 0.488282 0.594727 0.608399 0.594727 0.608399 0.745117 0.488282 0.745117
0 0.440430 0.416991 0.570312 0.416991 0.570312 0.605468 0.440430 0.605468
0 0.389648 0.297852 0.507812 0.297852 0.507812 0.448242 0.389648 0.448242
0 0.226563 0.609375 0.317383 0.609375 0.317383 0.742187 0.226563 0.742187
0 0.614258 0.070312 0.731446 0.070312 0.731446 0.202148 0.614258 0.202148
0 0.131836 0.440429 0.262695 0.440429 0.262695 0.588867 0.131836 0.588867
0 0.000976 0.462891 0.100585 0.462891 0.100585 0.574219 0.000976 0.574219
0 0.790040 0.569337 0.906251 0.569337 0.906251 0.700196 0.790040 0.700196
0 0.260742 0.770508 0.358398 0.770508 0.358398 0.856446 0.260742 0.856446
0 0.534180 0.715820 0.663086 0.715820 0.663086 0.889648 0.534180 0.889648
0 0.137695 0.760741 0.217773 0.760741 0.217773 0.855468 0.137695 0.855468
0 0.824219 0.669922 0.945313 0.669922 0.945313 0.800782 0.824219 0.800782
0 0.326172 0.133789 0.471680 0.133789 0.471680 0.338867 0.326172 0.338867
0 0.275390 0.847656 0.378906 0.847656 0.378906 0.916992 0.275390 0.916992
0 0.578125 0.000976 0.695313 0.000976 0.695313 0.088867 0.578125 0.088867
0 0.080078 0.649414 0.187500 0.649414 0.187500 0.763672 0.080078 0.763672
0 0.039062 0.885742 0.117188 0.885742 0.117188 0.941406 0.039062 0.941406
0 0.000976 0.708008 0.059570 0.708008 0.059570 0.807617 0.000976 0.807617
0 0.000976 0.114257 0.122070 0.114257 0.122070 0.189452 0.000976 0.189452
0 0.023438 0.825196 0.100586 0.825196 0.100586 0.895508 0.023438 0.895508
0 0.175781 0.843750 0.277343 0.843750 0.277343 0.939454 0.175781 0.939454
0 0.000976 0.037110 0.113282 0.037110 0.113282 0.114258 0.000976 0.114258
0 0.056641 0.600586 0.141601 0.600586 0.141601 0.660156 0.056641 0.660156
0 0.749024 0.915040 0.903320 0.915040 0.903320 1.000000 0.749024 1.000000
0 0.073243 0.928711 0.140626 0.928711 0.140626 0.988281 0.073243 0.988281
0 0.311523 0.960938 0.414062 0.960938 0.414062 1.000000 0.311523 1.000000
0 0.041016 0.556640 0.121094 0.556640 0.121094 0.621094 0.041016 0.621094
0 0.000976 0.339844 0.038086 0.339844 0.038086 0.458008 0.000976 0.458008
0 0.906250 0.897461 1.000000 0.897461 1.000000 0.999023 0.906250 0.999023
