0 0.522135 0.201822 0.709635 0.201822 0.709635 0.432291 0.522135 0.432291
0 0.359376 0.250000 0.537760 0.250000 0.537760 0.414062 0.359376 0.414062
0 0.661458 0.750000 0.903646 0.750000 0.903646 1.000000 0.661458 1.000000
0 0.528645 0.592448 0.764322 0.592448 0.764322 0.792968 0.528645 0.792968
0 0.364584 0.492188 0.574218 0.492188 0.574218 0.653646 0.364584 0.653646
0 0.190105 0.277344 0.420574 0.277344 0.420574 0.587240 0.190105 0.587240
0 0.001301 0.480469 0.167969 0.480469 0.167969 0.744792 0.001301 0.744792
0 0.010417 0.628906 0.287761 0.628906 0.287761 0.911458 0.010417 0.911458
0 0.173177 0.917968 0.440105 0.917968 0.440105 0.999999 0.173177 0.999999
0 0.092448 0.815104 0.356770 0.815104 0.356770 0.996094 0.092448 0.996094
0 0.924480 0.177084 1.000000 0.177084 1.000000 0.444011 0.924480 0.444011
0 0.649740 0.748698 0.993490 0.748698 0.993490 0.997396 0.649740 0.997396
