0 0.270508 0.186524 0.404296 0.186524 0.404296 0.308594 0.270508 0.308594
0 0.276367 0.372071 0.430665 0.372071 0.430665 0.485351 0.276367 0.485351
0 0.134766 0.208984 0.312500 0.208984 0.312500 0.436523 0.134766 0.436523
0 0.398437 0.444336 0.571289 0.444336 0.571289 0.589844 0.398437 0.589844
0 0.688477 0.127930 0.783204 0.127930 0.783204 0.335938 0.688477 0.335938
0 0.483399 0.562500 0.727540 0.562500 0.727540 0.822266 0.483399 0.822266
0 0.770508 0.142579 1.000000 0.142579 1.000000 0.367188 0.770508 0.367188
0 0.387695 0.149414 0.537109 0.149414 0.537109 0.327148 0.387695 0.327148
0 0.000976 0.358398 0.149414 0.358398 0.149414 0.577148 0.000976 0.577148
0 0.036133 0.593750 0.280274 0.593750 0.280274 0.757812 0.036133 0.757812
0 0.104492 0.677735 0.333984 0.677735 0.333984 0.873047 0.104492 0.873047
0 0.625000 0.774414 0.811523 0.774414 0.811523 0.927734 0.625000 0.927734
0 0.000976 0.479492 0.222656 0.479492 0.222656 0.706054 0.000976 0.706054
0 0.720703 0.529297 0.894531 0.529297 0.894531 0.740235 0.720703 0.740235
0 0.728515 0.887695 0.856445 0.887695 0.856445 1.000000 0.728515 1.000000
0 0.168945 0.771485 0.398437 0.771485 0.398437 0.966797 0.168945 0.966797
0 0.244140 0.868164 0.458984 0.868164 0.458984 1.000000 0.244140 1.000000
