0 0.522135 0.201822 0.709635 0.201822 0.709635 0.432291 0.522135 0.432291
0 0.359376 0.250000 0.537760 0.250000 0.537760 0.414062 0.359376 0.414062
0 0.680989 0.750000 0.923177 0.750000 0.923177 1.000000 0.680989 1.000000
0 0.528645 0.592448 0.764322 0.592448 0.764322 0.792968 0.528645 0.792968
0 0.364584 0.492188 0.574218 0.492188 0.574218 0.653646 0.364584 0.653646
0 0.190105 0.277344 0.420574 0.277344 0.420574 0.587240 0.190105 0.587240
0 0.001302 0.490886 0.158854 0.490886 0.158854 0.757812 0.001302 0.757812
0 0.026041 0.660156 0.285156 0.660156 0.285156 0.934896 0.026041 0.934896
0 0.173177 0.915365 0.430989 0.915365 0.430989 1.000000 0.173177 1.000000
0 0.093750 0.803385 0.368490 0.803385 0.368490 0.985677 0.093750 0.985677
0 0.924480 0.177084 1.000000 0.177084 1.000000 0.444011 0.924480 0.444011
