0 0.398438 0.256510 0.573242 0.256510 0.573242 0.455730 0.398438 0.455730
0 0.480468 0.420573 0.721680 0.420573 0.721680 0.757813 0.480468 0.757813
0 0.277343 0.160156 0.431640 0.160156 0.431640 0.313802 0.277343 0.313802
0 0.000976 0.160156 0.128906 0.160156 0.128906 0.437500 0.000976 0.437500
0 0.149415 0.005208 0.311524 0.005208 0.311524 0.236980 0.149415 0.236980
0 0.006835 0.317708 0.199218 0.317708 0.199218 0.601562 0.006835 0.601562
0 0.050781 0.471355 0.264649 0.471355 0.264649 0.671875 0.050781 0.671875
0 0.099610 0.570313 0.330078 0.570313 0.330078 0.828125 0.099610 0.828125
0 0.634765 0.716146 0.824219 0.716146 0.824219 0.924478 0.634765 0.924478
0 0.719726 0.360677 0.923828 0.360677 0.923828 0.671875 0.719726 0.671875
0 0.169922 0.742188 0.375000 0.742188 0.375000 0.933594 0.169922 0.933594
0 0.248047 0.833333 0.453125 0.833333 0.453125 0.994791 0.248047 0.994791
0 0.278320 0.001301 0.400390 0.001301 0.400390 0.076823 0.278320 0.076823
0 0.686523 0.001302 0.793945 0.001302 0.793945 0.128906 0.686523 0.128906
