0 0.386719 0.828125 0.174479 0.175781
0 0.887370 0.077637 0.108073 0.088867
0 0.567057 0.266113 0.105469 0.079102
0 0.723307 0.322266 0.084635 0.091797
0 0.642578 0.296875 0.105469 0.080078
0 0.686849 0.695312 0.238281 0.171875
0 0.488281 0.665039 0.161458 0.183594
0 0.935547 0.395508 0.095052 0.093750
0 0.124349 0.352051 0.246094 0.319336
0 0.301432 0.952148 0.165365 0.095703
0 0.090495 0.814453 0.178385 0.306641
0 0.904948 0.702148 0.190104 0.189453
0 0.857422 0.372070 0.095052 0.093750
0 0.793620 0.346680 0.095052 0.093750
0 0.808594 0.101562 0.096354 0.080078
0 0.716146 0.100586 0.096354 0.080078
0 0.638021 0.131836 0.096354 0.080078
0 0.488932 0.033203 0.175781 0.064453
0 0.328125 0.055664 0.187500 0.109375
0 0.953125 0.221680 0.093750 0.111328
