0 0.477539 0.953613 0.193359 0.092773
0 0.965820 0.115723 0.068359 0.229492
0 0.061523 0.063477 0.121094 0.125000
0 0.577148 0.063477 0.429688 0.125000
0 0.176270 0.096191 0.200195 0.188477
0 0.306641 0.829102 0.177734 0.265625
0 0.120605 0.362305 0.153320 0.123047
0 0.021484 0.326172 0.041016 0.107422
0 0.633789 0.569336 0.189453 0.091797
0 0.471680 0.203125 0.429688 0.335938
0 0.460938 0.502441 0.146484 0.110352
0 0.283691 0.434082 0.198242 0.124023
0 0.758301 0.778320 0.092773 0.082031
0 0.093750 0.737305 0.185547 0.376953
0 0.972168 0.783203 0.055664 0.107422
0 0.726562 0.677734 0.109375 0.132812
