0 0.844727 0.844727 0.173828 0.167969
0 0.123047 0.397949 0.146484 0.122070
0 0.155762 0.034180 0.114258 0.066406
0 0.419434 0.353027 0.133789 0.143555
0 0.442871 0.532715 0.129883 0.204102
0 0.681641 0.024414 0.126953 0.046875
0 0.121582 0.269531 0.231445 0.144531
0 0.358398 0.159668 0.138672 0.270508
0 0.837402 0.286133 0.163086 0.087891
0 0.151367 0.693848 0.111328 0.122070
0 0.035156 0.926758 0.068359 0.134766
0 0.280273 0.821777 0.150391 0.198242
0 0.411621 0.900879 0.333008 0.198242
0 0.958496 0.282227 0.083008 0.087891
