0 0.063965 0.299805 0.125977 0.146484
0 0.196289 0.304688 0.138672 0.148438
0 0.837402 0.246094 0.116211 0.121094
0 0.717773 0.323730 0.128906 0.223633
0 0.853516 0.428223 0.154297 0.114258
0 0.527832 0.468262 0.217773 0.178711
0 0.377441 0.159180 0.170898 0.158203
0 0.946289 0.245117 0.107422 0.167969
0 0.454102 0.348145 0.216797 0.204102
0 0.948730 0.529297 0.102539 0.140625
0 0.668945 0.680664 0.212891 0.167969
0 0.082031 0.586426 0.162109 0.157227
0 0.728027 0.774414 0.215820 0.183594
0 0.463379 0.946777 0.194336 0.106445
0 0.608398 0.586426 0.203125 0.190430
0 0.178223 0.665039 0.118164 0.080078
0 0.794434 0.869629 0.188477 0.163086
0 0.846680 0.930664 0.210938 0.138672
0 0.385254 0.870117 0.206055 0.191406
0 0.026855 0.452148 0.051758 0.117188
0 0.287598 0.779297 0.188477 0.173828
