0 0.063965 0.399089 0.125977 0.196615
0 0.720703 0.427083 0.134766 0.299479
0 0.196289 0.402995 0.138672 0.201823
0 0.835938 0.332031 0.111328 0.166667
0 0.848145 0.570312 0.122070 0.158854
0 0.447266 0.470703 0.203125 0.240885
0 0.527344 0.626953 0.216797 0.233073
0 0.377930 0.212891 0.169922 0.212240
0 0.945312 0.320312 0.109375 0.234375
0 0.949707 0.708333 0.100586 0.184896
0 0.083984 0.770182 0.158203 0.186198
0 0.605957 0.779297 0.233398 0.235677
0 0.671387 0.884115 0.198242 0.190104
0 0.748047 0.950521 0.185547 0.098958
0 0.187012 0.908203 0.180664 0.183594
