0 0.610677 0.521484 0.117188 0.121094
0 0.949870 0.456380 0.100260 0.108073
0 0.552083 0.101562 0.093750 0.106771
0 0.229818 0.360026 0.113281 0.126302
0 0.699870 0.606771 0.079427 0.117188
0 0.845052 0.257812 0.179688 0.122396
0 0.103516 0.772135 0.128906 0.182292
0 0.524089 0.499349 0.108073 0.139323
0 0.156901 0.881510 0.178385 0.234375
0 0.379557 0.432292 0.115885 0.135417
0 0.932292 0.813151 0.101562 0.157552
0 0.306641 0.397786 0.108073 0.136719
0 0.494792 0.490885 0.171875 0.156250
0 0.585938 0.918620 0.213542 0.160156
0 0.361328 0.895833 0.259115 0.208333
0 0.044922 0.061849 0.087240 0.121094
0 0.751953 0.635417 0.079427 0.117188
0 0.802734 0.653646 0.079427 0.117188
0 0.869141 0.670573 0.079427 0.117188
0 0.123698 0.041016 0.104167 0.079427
0 0.217448 0.023438 0.127604 0.044271
0 0.470052 0.132812 0.093750 0.106771
0 0.381510 0.140625 0.093750 0.106771
0 0.303385 0.173177 0.093750 0.106771
0 0.665365 0.268229 0.179688 0.122396
