0 0.312988 0.326660 0.081055 0.090820
0 0.037598 0.125977 0.073242 0.121094
0 0.874023 0.564941 0.099609 0.098633
0 0.395996 0.717285 0.096680 0.165039
0 0.714844 0.597656 0.121094 0.115234
0 0.630371 0.483398 0.077148 0.091797
0 0.492188 0.919434 0.101562 0.161133
0 0.403809 0.380371 0.088867 0.084961
0 0.180176 0.212402 0.073242 0.094727
0 0.792480 0.866699 0.122070 0.176758
0 0.483887 0.398926 0.077148 0.073242
0 0.629395 0.159668 0.092773 0.112305
0 0.120605 0.179199 0.079102 0.092773
0 0.813965 0.281250 0.073242 0.076172
0 0.454590 0.153320 0.141602 0.101562
0 0.042969 0.529785 0.083984 0.153320
0 0.248535 0.293945 0.081055 0.080078
0 0.968750 0.532227 0.062500 0.089844
0 0.386230 0.018555 0.067383 0.035156
0 0.868652 0.247559 0.092773 0.081055
0 0.960938 0.457031 0.078125 0.078125
0 0.122070 0.979492 0.119141 0.041016
0 0.162598 0.876953 0.106445 0.160156
0 0.817383 0.617676 0.056641 0.075195
0 0.841797 0.951172 0.123047 0.097656
0 0.738770 0.291504 0.096680 0.088867
0 0.552246 0.162598 0.061523 0.102539
0 0.323730 0.024902 0.063477 0.047852
0 0.261230 0.014648 0.059570 0.027344
0 0.564941 0.461914 0.077148 0.091797
