0 0.891113 0.644043 0.086914 0.090820
0 0.798340 0.653320 0.102539 0.068359
0 0.159180 0.890137 0.126953 0.098633
0 0.808594 0.967773 0.099609 0.064453
0 0.125000 0.760742 0.101562 0.080078
0 0.229004 0.723633 0.096680 0.082031
0 0.039551 0.779297 0.077148 0.085938
0 0.893555 0.955078 0.070312 0.072266
0 0.432129 0.780762 0.086914 0.067383
0 0.874023 0.497070 0.103516 0.087891
0 0.710938 0.977539 0.093750 0.044922
0 0.789062 0.524414 0.082031 0.085938
0 0.164062 0.961914 0.083984 0.054688
0 0.248535 0.854980 0.071289 0.090820
0 0.470215 0.856934 0.077148 0.055664
0 0.964355 0.630859 0.071289 0.103516
0 0.688477 0.549316 0.130859 0.077148
0 0.962891 0.943848 0.074219 0.077148
0 0.029785 0.654785 0.057617 0.094727
0 0.257812 0.266602 0.328125 0.310547
0 0.549805 0.134766 0.328125 0.267578
0 0.511719 0.754395 0.087891 0.081055
0 0.029785 0.158691 0.057617 0.293945
0 0.361816 0.677734 0.088867 0.083984
0 0.580566 0.735840 0.075195 0.102539
0 0.159668 0.682617 0.067383 0.068359
0 0.647949 0.341797 0.069336 0.078125
0 0.517578 0.603516 0.087891 0.109375
0 0.018066 0.957520 0.034180 0.084961
0 0.045898 0.526367 0.070312 0.076172
0 0.386230 0.891602 0.102539 0.076172
0 0.179199 0.564941 0.065430 0.059570
0 0.700684 0.673828 0.104492 0.064453
0 0.284668 0.978516 0.059570 0.042969
0 0.340332 0.970703 0.047852 0.058594
0 0.249512 0.583496 0.077148 0.067383
0 0.701660 0.309570 0.069336 0.078125
0 0.744629 0.270508 0.069336 0.078125
0 0.787598 0.239258 0.069336 0.078125
0 0.830566 0.206055 0.069336 0.078125
0 0.865723 0.156250 0.069336 0.078125
0 0.895020 0.102539 0.069336 0.078125
0 0.115234 0.549805 0.070312 0.076172
0 0.091797 0.671387 0.070312 0.069336
0 0.434082 0.649414 0.088867 0.083984
0 0.523926 0.847656 0.034180 0.050781
0 0.546875 0.838867 0.027344 0.050781
0 0.578125 0.827148 0.027344 0.050781
0 0.134277 0.033691 0.081055 0.065430
0 0.945312 0.343262 0.109375 0.133789
