0 0.701660 0.558594 0.120117 0.143229
0 0.643066 0.692057 0.118164 0.136719
0 0.797363 0.441406 0.137695 0.171875
0 0.394531 0.254557 0.089844 0.110677
0 0.578125 0.812500 0.111328 0.145833
0 0.354492 0.677083 0.093750 0.096354
0 0.319824 0.773438 0.090820 0.104167
0 0.279785 0.875000 0.096680 0.122396
0 0.976562 0.408854 0.046875 0.119792
0 0.390137 0.575521 0.092773 0.106771
0 0.931641 0.534505 0.136719 0.126302
0 0.959961 0.166016 0.080078 0.115885
0 0.461426 0.293620 0.069336 0.110677
0 0.638184 0.039062 0.133789 0.075521
0 0.850586 0.149740 0.140625 0.119792
0 0.185547 0.885417 0.091797 0.111979
0 0.193359 0.169271 0.085938 0.098958
0 0.089355 0.102214 0.124023 0.173177
0 0.484863 0.460938 0.102539 0.177083
0 0.134766 0.483073 0.267578 0.380208
0 0.532227 0.942708 0.109375 0.114583
0 0.325195 0.208984 0.089844 0.110677
0 0.746094 0.072917 0.095703 0.122396
0 0.099609 0.829427 0.091797 0.111979
0 0.029297 0.770182 0.056641 0.110677
0 0.546387 0.325521 0.102539 0.177083
