0 0.723307 0.032715 0.115885 0.063477
0 0.648438 0.107910 0.169271 0.084961
0 0.225260 0.385254 0.197917 0.174805
0 0.172526 0.625488 0.225260 0.231445
0 0.434896 0.024414 0.135417 0.046875
0 0.343099 0.863770 0.253906 0.268555
0 0.496745 0.148926 0.162760 0.086914
0 0.448568 0.265137 0.128906 0.153320
0 0.848958 0.353516 0.164062 0.101562
0 0.263021 0.037109 0.192708 0.072266
0 0.270182 0.102539 0.199219 0.105469
0 0.953776 0.041992 0.092448 0.082031
0 0.959635 0.303223 0.080729 0.094727
0 0.811198 0.476562 0.143229 0.156250
0 0.891927 0.612305 0.143229 0.156250
0 0.945312 0.745117 0.109375 0.148438
0 0.512370 0.398926 0.128906 0.153320
0 0.586589 0.528809 0.128906 0.153320
0 0.667318 0.672363 0.128906 0.153320
0 0.733724 0.801270 0.128906 0.153320
0 0.802734 0.928223 0.134115 0.127930
