0 0.273438 0.597168 0.148438 0.083008
0 0.676432 0.895508 0.160156 0.160156
0 0.915365 0.306152 0.169271 0.096680
0 0.694010 0.362305 0.145833 0.128906
0 0.774740 0.971680 0.106771 0.056641
0 0.097005 0.568359 0.170573 0.136719
0 0.963542 0.937988 0.072917 0.124023
0 0.374349 0.970703 0.230469 0.058594
0 0.061849 0.098145 0.121094 0.194336
0 0.070312 0.377441 0.138021 0.258789
0 0.580729 0.729004 0.164062 0.178711
0 0.500000 0.575684 0.164062 0.178711
0 0.955729 0.464355 0.088542 0.088867
0 0.792318 0.540527 0.149740 0.131836
0 0.847005 0.644043 0.149740 0.131836
0 0.904297 0.759277 0.149740 0.131836
0 0.634115 0.236328 0.153646 0.140625
0 0.555990 0.109375 0.153646 0.140625
0 0.473307 0.434570 0.123698 0.115234
0 0.412109 0.312988 0.152344 0.143555
0 0.340495 0.174316 0.152344 0.143555
0 0.268880 0.050293 0.149740 0.098633
