0 0.361979 0.783691 0.169271 0.151367
0 0.270833 0.368164 0.169271 0.142578
0 0.684896 0.115723 0.130208 0.118164
0 0.467448 0.183105 0.119792 0.124023
0 0.489583 0.318359 0.151042 0.150391
0 0.080729 0.125977 0.158854 0.250000
0 0.097005 0.317871 0.170573 0.135742
0 0.423177 0.913086 0.179688 0.117188
0 0.913411 0.518066 0.134115 0.133789
0 0.662760 0.639160 0.169271 0.170898
0 0.399740 0.064941 0.114583 0.127930
0 0.580078 0.472656 0.167969 0.169922
0 0.779948 0.758789 0.138021 0.119141
0 0.843099 0.862793 0.144531 0.122070
0 0.893229 0.954590 0.130208 0.088867
0 0.843099 0.401855 0.134115 0.133789
0 0.780599 0.289551 0.134115 0.133789
0 0.643229 0.036133 0.127604 0.070312
0 0.923828 0.058105 0.152344 0.114258
0 0.953776 0.220703 0.092448 0.082031
0 0.963542 0.695801 0.072917 0.157227
