0 0.642090 0.767578 0.131836 0.121094
0 0.644043 0.269531 0.131836 0.113281
0 0.706055 0.666016 0.125000 0.093750
0 0.090332 0.325684 0.122070 0.122070
0 0.858398 0.347656 0.132812 0.115234
0 0.618164 0.052246 0.099609 0.102539
0 0.579590 0.860840 0.122070 0.094727
0 0.128418 0.619141 0.254883 0.320312
0 0.748047 0.322754 0.085938 0.092773
0 0.535156 0.226562 0.099609 0.101562
0 0.402832 0.446289 0.077148 0.074219
0 0.965332 0.385254 0.069336 0.112305
0 0.278809 0.904297 0.096680 0.082031
0 0.978027 0.168457 0.041992 0.075195
0 0.361816 0.761719 0.088867 0.076172
0 0.458008 0.203125 0.083984 0.105469
0 0.546875 0.957520 0.146484 0.084961
0 0.314941 0.826660 0.090820 0.075195
0 0.190918 0.379395 0.088867 0.083008
0 0.395508 0.686523 0.093750 0.080078
0 0.932129 0.650391 0.135742 0.103516
0 0.905762 0.130371 0.110352 0.124023
0 0.796875 0.581055 0.152344 0.121094
0 0.376953 0.183105 0.080078 0.104492
0 0.460938 0.470215 0.070312 0.083008
0 0.937500 0.020996 0.101562 0.040039
0 0.977051 0.565918 0.045898 0.092773
0 0.121094 0.215332 0.091797 0.108398
0 0.547363 0.490234 0.102539 0.123047
0 0.206543 0.130371 0.147461 0.125977
0 0.434082 0.020020 0.106445 0.038086
0 0.017090 0.065430 0.032227 0.091797
0 0.181152 0.915039 0.096680 0.082031
0 0.095215 0.869141 0.096680 0.082031
0 0.030273 0.824219 0.058594 0.080078
0 0.213379 0.979004 0.094727 0.040039
0 0.696289 0.071289 0.070312 0.117188
0 0.319824 0.401367 0.077148 0.074219
0 0.908203 0.054688 0.080078 0.042969
0 0.487793 0.592773 0.102539 0.123047
0 0.310059 0.166504 0.059570 0.102539
