0 0.274414 0.527344 0.140625 0.171875
0 0.354004 0.771973 0.141602 0.139648
0 0.373535 0.075684 0.098633 0.149414
0 0.843750 0.200195 0.119141 0.076172
0 0.412598 0.963379 0.139648 0.073242
0 0.206543 0.124512 0.116211 0.137695
0 0.909180 0.348633 0.119141 0.087891
0 0.069824 0.067871 0.135742 0.133789
0 0.630859 0.622559 0.109375 0.133789
0 0.804199 0.979004 0.116211 0.041992
0 0.814941 0.592773 0.094727 0.097656
0 0.683594 0.261230 0.097656 0.125977
0 0.755371 0.427734 0.106445 0.134766
0 0.789062 0.518066 0.087891 0.071289
0 0.374023 0.882324 0.132812 0.116211
0 0.432617 0.213867 0.125000 0.195312
0 0.501953 0.392578 0.107422 0.169922
0 0.587402 0.505859 0.094727 0.126953
0 0.687012 0.746582 0.122070 0.155273
0 0.743652 0.895020 0.122070 0.155273
0 0.313965 0.665527 0.141602 0.139648
0 0.629883 0.151855 0.097656 0.125977
0 0.589355 0.045410 0.092773 0.088867
0 0.951660 0.165039 0.096680 0.080078
0 0.858398 0.694336 0.115234 0.144531
0 0.915039 0.825195 0.115234 0.144531
0 0.954590 0.944336 0.090820 0.109375
0 0.537598 0.916016 0.141602 0.125000
