0 0.279297 0.389648 0.100260 0.080078
0 0.141927 0.102539 0.096354 0.083984
0 0.513021 0.197266 0.182292 0.107422
0 0.414062 0.938477 0.143229 0.123047
0 0.608724 0.610840 0.105469 0.133789
0 0.654948 0.339355 0.184896 0.083008
0 0.696615 0.635254 0.101562 0.118164
0 0.787760 0.345703 0.083333 0.085938
0 0.239583 0.693848 0.200521 0.159180
0 0.825521 0.688477 0.096354 0.105469
0 0.978516 0.482910 0.042969 0.104492
0 0.904297 0.710449 0.087240 0.090820
0 0.077474 0.690430 0.152344 0.183594
0 0.711589 0.975098 0.139323 0.049805
0 0.052734 0.323730 0.087240 0.086914
0 0.124349 0.342285 0.087240 0.086914
0 0.195964 0.368652 0.087240 0.086914
0 0.337240 0.205078 0.182292 0.107422
0 0.217448 0.078125 0.096354 0.083984
0 0.048828 0.106445 0.095052 0.083984
0 0.882812 0.333008 0.104167 0.089844
0 0.367188 0.453125 0.088542 0.095703
0 0.417969 0.475586 0.088542 0.095703
0 0.467448 0.492188 0.088542 0.095703
0 0.520833 0.509766 0.106771 0.115234
