0 0.898926 0.343099 0.141602 0.121094
0 0.342773 0.434245 0.128906 0.157552
0 0.900879 0.972005 0.125977 0.055990
0 0.071289 0.613281 0.091797 0.104167
0 0.133301 0.209635 0.102539 0.119792
0 0.783691 0.300781 0.094727 0.106771
0 0.649414 0.587891 0.091797 0.110677
0 0.448242 0.507161 0.087891 0.110677
0 0.701172 0.266927 0.076172 0.117188
0 0.715332 0.635417 0.073242 0.091146
0 0.047852 0.294271 0.091797 0.145833
0 0.630859 0.253906 0.078125 0.127604
0 0.041016 0.725911 0.080078 0.126302
0 0.941406 0.888021 0.117188 0.156250
0 0.875000 0.070312 0.125000 0.132812
0 0.975098 0.401693 0.049805 0.113281
0 0.367676 0.287760 0.106445 0.127604
0 0.569824 0.541667 0.088867 0.085938
0 0.610840 0.977214 0.100586 0.045573
0 0.560059 0.227214 0.059570 0.115885
0 0.265137 0.104818 0.147461 0.207031
0 0.193359 0.037109 0.089844 0.071615
0 0.360352 0.798828 0.292969 0.345052
0 0.460938 0.185547 0.150391 0.128906
0 0.645996 0.906250 0.102539 0.111979
0 0.741211 0.788411 0.123047 0.154948
0 0.792969 0.656901 0.123047 0.154948
0 0.030762 0.897786 0.059570 0.175781
0 0.101074 0.951823 0.102539 0.096354
