0 0.603027 0.869141 0.106445 0.123047
0 0.561035 0.458984 0.143555 0.156250
0 0.054688 0.328125 0.107422 0.177734
0 0.428223 0.197754 0.176758 0.149414
0 0.573730 0.965332 0.104492 0.069336
0 0.929688 0.216797 0.091797 0.111328
0 0.859863 0.188965 0.086914 0.112305
0 0.793945 0.529297 0.144531 0.150391
0 0.518066 0.646484 0.143555 0.130859
0 0.281250 0.180176 0.195312 0.190430
0 0.432129 0.885742 0.188477 0.136719
0 0.707520 0.107910 0.083008 0.127930
0 0.135742 0.151855 0.123047 0.184570
0 0.769531 0.139160 0.078125 0.120117
0 0.257812 0.823242 0.175781 0.099609
0 0.907227 0.873047 0.123047 0.158203
0 0.871582 0.979492 0.118164 0.041016
0 0.974121 0.293457 0.049805 0.151367
0 0.362793 0.621094 0.143555 0.130859
