0 0.109375 0.359375 0.134766 0.151042
0 0.975098 0.640625 0.049805 0.169271
0 0.971680 0.893229 0.056641 0.130208
0 0.821777 0.196615 0.084961 0.184896
0 0.158691 0.677734 0.127930 0.212240
0 0.329590 0.735677 0.153320 0.205729
0 0.875000 0.933594 0.166016 0.117188
0 0.548340 0.714193 0.127930 0.209635
0 0.068848 0.235677 0.127930 0.177083
0 0.135742 0.509115 0.119141 0.143229
0 0.350586 0.050130 0.101562 0.097656
0 0.607422 0.873047 0.113281 0.188802
0 0.054199 0.076823 0.106445 0.145833
0 0.387695 0.168620 0.117188 0.214844
0 0.376953 0.898438 0.177734 0.197917
0 0.202637 0.850911 0.127930 0.180990
0 0.231445 0.964844 0.113281 0.070312
0 0.291504 0.562500 0.153320 0.205729
0 0.440430 0.339193 0.117188 0.214844
0 0.499023 0.535807 0.117188 0.214844
0 0.898926 0.329427 0.084961 0.184896
0 0.946777 0.490885 0.084961 0.184896
0 0.766602 0.771484 0.115234 0.186198
0 0.714844 0.621094 0.115234 0.187500
0 0.661133 0.434896 0.115234 0.187500
0 0.616211 0.263021 0.115234 0.187500
0 0.547852 0.093750 0.115234 0.184896
0 0.835449 0.042318 0.166992 0.082031
