0 0.358887 0.875488 0.086914 0.110352
0 0.811523 0.328125 0.074219 0.097656
0 0.895508 0.715332 0.105469 0.161133
0 0.910645 0.371094 0.059570 0.087891
0 0.680664 0.213379 0.072266 0.096680
0 0.310547 0.454590 0.109375 0.159180
0 0.333984 0.965332 0.083984 0.069336
0 0.456055 0.109863 0.082031 0.120117
0 0.970703 0.391113 0.058594 0.073242
0 0.191406 0.194824 0.160156 0.149414
0 0.609863 0.187988 0.075195 0.096680
0 0.944336 0.151855 0.111328 0.100586
0 0.531738 0.530273 0.102539 0.148438
0 0.750977 0.288086 0.083984 0.099609
0 0.261230 0.656250 0.127930 0.111328
0 0.849609 0.023926 0.132812 0.045898
0 0.185547 0.873047 0.162109 0.107422
0 0.052734 0.202148 0.103516 0.162109
0 0.539062 0.129883 0.082031 0.121094
0 0.622070 0.979492 0.119141 0.041016
0 0.663086 0.876465 0.103516 0.155273
0 0.119141 0.614258 0.130859 0.111328
0 0.053223 0.836426 0.104492 0.100586
