0 0.667969 0.322266 0.080078 0.097656
0 0.704102 0.641113 0.070312 0.088867
0 0.411133 0.032715 0.123047 0.063477
0 0.960938 0.591797 0.078125 0.080078
0 0.772949 0.079102 0.143555 0.156250
0 0.327637 0.830078 0.096680 0.123047
0 0.882324 0.441895 0.141602 0.098633
0 0.532227 0.567383 0.068359 0.085938
0 0.419922 0.518066 0.089844 0.094727
0 0.483398 0.542969 0.074219 0.097656
0 0.373535 0.250000 0.135742 0.109375
0 0.098633 0.606934 0.195312 0.315430
0 0.025391 0.248535 0.048828 0.098633
0 0.365723 0.911621 0.125977 0.174805
0 0.953613 0.855957 0.077148 0.112305
0 0.776855 0.704102 0.051758 0.089844
0 0.524414 0.936035 0.197266 0.127930
0 0.589844 0.595215 0.066406 0.084961
0 0.245605 0.306641 0.135742 0.109375
0 0.103027 0.210449 0.124023 0.118164
0 0.603516 0.351562 0.080078 0.097656
0 0.537109 0.355957 0.076172 0.079102
0 0.472656 0.377441 0.076172 0.079102
0 0.749512 0.452637 0.141602 0.098633
0 0.682129 0.928711 0.165039 0.142578
0 0.647461 0.619629 0.066406 0.084961
0 0.815918 0.717773 0.051758 0.089844
0 0.856934 0.738281 0.051758 0.089844
0 0.893555 0.764160 0.072266 0.116211
