0 0.522786 0.509766 0.154948 0.089844
0 0.384115 0.522461 0.135417 0.085938
0 0.737630 0.079102 0.149740 0.156250
0 0.638672 0.238281 0.157552 0.169922
0 0.046875 0.540039 0.091146 0.101562
0 0.436849 0.814941 0.188802 0.083008
0 0.310547 0.971680 0.170573 0.056641
0 0.799479 0.769531 0.192708 0.072266
0 0.262370 0.102539 0.516927 0.203125
0 0.242188 0.537109 0.135417 0.085938
0 0.240234 0.827637 0.188802 0.083008
0 0.613932 0.803223 0.188802 0.083008
0 0.948568 0.565918 0.102865 0.077148
0 0.133464 0.940918 0.207031 0.106445
