0 0.274740 0.391602 0.088542 0.072266
0 0.222005 0.077637 0.102865 0.081055
0 0.510417 0.191406 0.187500 0.095703
0 0.413411 0.943359 0.139323 0.113281
0 0.615885 0.608887 0.104167 0.100586
0 0.654948 0.339355 0.184896 0.083008
0 0.369792 0.456543 0.080729 0.092773
0 0.791016 0.347168 0.084635 0.086914
0 0.233073 0.698242 0.182292 0.148438
0 0.821615 0.686035 0.078125 0.088867
0 0.085286 0.685547 0.167969 0.173828
0 0.903646 0.711914 0.083333 0.078125
0 0.973307 0.792969 0.053385 0.115234
0 0.719401 0.973145 0.154948 0.053711
0 0.049479 0.317871 0.080729 0.084961
0 0.325521 0.207031 0.187500 0.095703
0 0.152995 0.104980 0.102865 0.081055
0 0.052083 0.105957 0.101562 0.081055
0 0.122396 0.343262 0.080729 0.084961
0 0.194010 0.372559 0.080729 0.084961
0 0.881510 0.336914 0.096354 0.085938
0 0.420573 0.472168 0.080729 0.092773
0 0.471354 0.490723 0.080729 0.092773
0 0.520833 0.517090 0.098958 0.124023
0 0.699870 0.636230 0.100260 0.104492
0 0.981120 0.481445 0.037760 0.087891
