0 0.875488 0.064941 0.100586 0.100586
0 0.396484 0.209473 0.128906 0.163086
0 0.491699 0.420898 0.122070 0.156250
0 0.604492 0.893555 0.130859 0.212891
0 0.452148 0.577637 0.111328 0.151367
0 0.867676 0.592285 0.102539 0.145508
0 0.788574 0.357422 0.098633 0.156250
0 0.080566 0.692871 0.116211 0.145508
0 0.126465 0.535156 0.110352 0.152344
0 0.051270 0.052246 0.100586 0.102539
0 0.968750 0.038574 0.062500 0.075195
0 0.413086 0.737305 0.113281 0.152344
0 0.837402 0.462891 0.104492 0.164062
0 0.606934 0.025879 0.124023 0.049805
0 0.817383 0.117188 0.056641 0.076172
0 0.712402 0.096191 0.124023 0.114258
0 0.375488 0.972656 0.235352 0.054688
0 0.165527 0.375000 0.122070 0.160156
0 0.929199 0.709473 0.102539 0.145508
0 0.617676 0.717285 0.161133 0.086914
0 0.048828 0.811523 0.095703 0.080078
