0 0.458333 0.899414 0.125000 0.085938
0 0.724609 0.731445 0.183594 0.132812
0 0.774740 0.608887 0.166667 0.116211
0 0.848307 0.927246 0.105469 0.069336
0 0.373698 0.652344 0.119792 0.078125
0 0.533854 0.192871 0.106771 0.079102
0 0.550781 0.950684 0.093750 0.083008
0 0.124349 0.080078 0.191406 0.121094
0 0.849609 0.030762 0.191406 0.059570
0 0.654948 0.971191 0.127604 0.057617
0 0.421875 0.582031 0.119792 0.082031
0 0.475260 0.512207 0.122396 0.075195
0 0.279297 0.742188 0.115885 0.078125
0 0.526693 0.432129 0.121094 0.079102
0 0.724609 0.249512 0.128906 0.122070
0 0.853516 0.515137 0.154948 0.100586
0 0.804688 0.977539 0.093750 0.044922
0 0.620443 0.226562 0.092448 0.082031
0 0.263672 0.128906 0.113281 0.080078
0 0.359375 0.862793 0.111979 0.071289
0 0.891276 0.834473 0.162760 0.135742
0 0.169271 0.365234 0.335938 0.316406
0 0.240885 0.658203 0.119792 0.078125
0 0.127604 0.621094 0.119792 0.078125
0 0.036458 0.590332 0.070312 0.084961
0 0.234375 0.826172 0.174479 0.097656
0 0.655599 0.341309 0.128906 0.122070
0 0.433594 0.157715 0.106771 0.079102
0 0.929036 0.412598 0.141927 0.106445
