0 0.450195 0.529297 0.076172 0.113281
0 0.415039 0.103516 0.070312 0.105469
0 0.633301 0.254557 0.139648 0.128906
0 0.172852 0.358073 0.074219 0.111979
0 0.526367 0.600911 0.058594 0.121094
0 0.282715 0.422526 0.067383 0.113281
0 0.230957 0.394531 0.069336 0.111979
0 0.742676 0.453125 0.141602 0.111979
0 0.847656 0.462891 0.062500 0.115885
0 0.701172 0.808594 0.080078 0.143229
0 0.926758 0.947266 0.070312 0.102865
0 0.860352 0.906901 0.068359 0.121094
0 0.329102 0.457031 0.056641 0.104167
0 0.986328 0.647786 0.027344 0.121094
0 0.392578 0.490885 0.060547 0.111979
0 0.358398 0.134766 0.070312 0.105469
0 0.287109 0.141276 0.070312 0.105469
0 0.228516 0.171875 0.070312 0.106771
0 0.120117 0.879557 0.140625 0.240885
0 0.264648 0.891276 0.197266 0.217448
0 0.432129 0.912760 0.153320 0.174479
0 0.916016 0.447266 0.074219 0.113281
0 0.495605 0.272786 0.139648 0.128906
0 0.159668 0.024089 0.088867 0.045573
0 0.089355 0.044271 0.084961 0.085938
0 0.032227 0.055339 0.062500 0.108073
0 0.565430 0.625651 0.058594 0.121094
0 0.602539 0.651693 0.058594 0.121094
0 0.648438 0.675781 0.072266 0.135417
0 0.770508 0.847656 0.080078 0.143229
