0 0.560547 0.582031 0.078125 0.087891
0 0.571777 0.254395 0.059570 0.090820
0 0.816895 0.706055 0.073242 0.078125
0 0.652832 0.622559 0.071289 0.077148
0 0.424805 0.458984 0.074219 0.089844
0 0.505859 0.232422 0.070312 0.087891
0 0.025879 0.207520 0.047852 0.098633
0 0.060059 0.712402 0.106445 0.153320
0 0.725098 0.646484 0.075195 0.074219
0 0.801270 0.407715 0.057617 0.102539
0 0.358398 0.429688 0.070312 0.093750
0 0.497559 0.544922 0.084961 0.089844
0 0.283691 0.781250 0.110352 0.154297
0 0.650391 0.940918 0.103516 0.118164
0 0.202148 0.357422 0.083984 0.115234
0 0.241699 0.089844 0.139648 0.083984
0 0.347168 0.096680 0.061523 0.085938
0 0.835449 0.025879 0.108398 0.049805
0 0.955566 0.847168 0.088867 0.116211
0 0.875488 0.400391 0.090820 0.099609
0 0.633301 0.251465 0.059570 0.090820
0 0.410156 0.085938 0.074219 0.080078
0 0.965820 0.550781 0.068359 0.101562
0 0.737305 0.400391 0.066406 0.097656
0 0.670898 0.409180 0.066406 0.097656
0 0.062988 0.223145 0.053711 0.092773
0 0.103027 0.242676 0.057617 0.094727
0 0.140625 0.263184 0.074219 0.116211
0 0.267578 0.385742 0.083984 0.115234
0 0.885254 0.733398 0.073242 0.078125
0 0.923828 0.161621 0.152344 0.129883
