0 0.261230 0.645508 0.098633 0.068359
0 0.188477 0.550293 0.101562 0.077148
0 0.220215 0.588867 0.108398 0.074219
0 0.355469 0.166016 0.164062 0.220703
0 0.620605 0.764160 0.127930 0.137695
0 0.145996 0.499512 0.104492 0.088867
0 0.300293 0.689941 0.118164 0.073242
0 0.382324 0.891113 0.155273 0.073242
0 0.251953 0.041016 0.134766 0.080078
0 0.082520 0.447754 0.096680 0.135742
0 0.346680 0.817383 0.126953 0.095703
0 0.319824 0.748047 0.108398 0.068359
0 0.534180 0.492188 0.189453 0.234375
0 0.235840 0.380371 0.245117 0.237305
0 0.573242 0.659668 0.134766 0.125977
