0 0.325195 0.314453 0.103516 0.149740
0 0.268555 0.588542 0.087891 0.122396
0 0.301270 0.473307 0.104492 0.157552
0 0.626465 0.381510 0.110352 0.205729
0 0.913574 0.651042 0.118164 0.203125
0 0.352051 0.162760 0.104492 0.164062
0 0.948730 0.435547 0.102539 0.199219
0 0.581543 0.591797 0.120117 0.191406
0 0.902344 0.028646 0.111328 0.054688
0 0.187500 0.162760 0.187500 0.177083
0 0.389648 0.941406 0.210938 0.117188
0 0.541504 0.757812 0.110352 0.109375
0 0.238281 0.701172 0.082031 0.095052
0 0.057129 0.583333 0.112305 0.388021
0 0.861328 0.964844 0.277344 0.070312
0 0.964355 0.251953 0.071289 0.157552
0 0.046875 0.113932 0.091797 0.147135
0 0.664551 0.166667 0.110352 0.205729
