0 0.171875 0.134277 0.160156 0.180664
0 0.132324 0.360352 0.159180 0.228516
0 0.932129 0.378418 0.135742 0.204102
0 0.616699 0.813965 0.112305 0.141602
0 0.673340 0.935547 0.129883 0.128906
0 0.449219 0.868652 0.134766 0.141602
0 0.946777 0.172852 0.106445 0.128906
0 0.836914 0.788086 0.111328 0.121094
0 0.318848 0.816406 0.137695 0.132812
0 0.756348 0.061523 0.122070 0.121094
0 0.966797 0.717285 0.066406 0.069336
0 0.903320 0.062988 0.128906 0.124023
0 0.762207 0.612305 0.108398 0.148438
0 0.246582 0.606445 0.237305 0.281250
0 0.342773 0.045410 0.123047 0.088867
0 0.940430 0.554199 0.119141 0.081055
0 0.388184 0.150879 0.129883 0.159180
0 0.437988 0.280762 0.129883 0.159180
0 0.502441 0.428223 0.129883 0.159180
0 0.544434 0.549805 0.129883 0.160156
0 0.604980 0.678223 0.112305 0.114258
0 0.638184 0.085449 0.122070 0.122070
0 0.885742 0.894531 0.111328 0.121094
0 0.922363 0.972168 0.096680 0.055664
0 0.722168 0.478027 0.098633 0.133789
0 0.660645 0.337402 0.116211 0.157227
0 0.609375 0.223633 0.091797 0.166016
