0 0.062500 0.303711 0.082031 0.078125
0 0.871582 0.859375 0.098633 0.111328
0 0.868652 0.440918 0.104492 0.092773
0 0.655273 0.651855 0.105469 0.112305
0 0.425781 0.427246 0.076172 0.075195
0 0.363770 0.381836 0.088867 0.076172
0 0.492676 0.141113 0.090820 0.090820
0 0.599609 0.098633 0.082031 0.083984
0 0.473145 0.469727 0.065430 0.076172
0 0.838867 0.275879 0.103516 0.079102
0 0.659180 0.141113 0.080078 0.081055
0 0.616211 0.796387 0.095703 0.086914
0 0.504883 0.333984 0.074219 0.068359
0 0.542969 0.369141 0.074219 0.074219
0 0.428711 0.073730 0.111328 0.108398
0 0.764160 0.531250 0.084961 0.085938
0 0.961914 0.340820 0.076172 0.105469
0 0.925293 0.395020 0.086914 0.083008
0 0.926270 0.609863 0.102539 0.092773
0 0.695801 0.308594 0.084961 0.085938
0 0.542969 0.181152 0.070312 0.083008
0 0.651855 0.269531 0.083008 0.078125
0 0.583496 0.209961 0.077148 0.080078
0 0.810547 0.489746 0.070312 0.069336
0 0.047852 0.837891 0.093750 0.099609
0 0.924316 0.924316 0.065430 0.071289
0 0.770020 0.760742 0.100586 0.085938
0 0.346191 0.211914 0.137695 0.107422
0 0.146973 0.965332 0.096680 0.067383
0 0.079102 0.104980 0.117188 0.120117
0 0.753418 0.945312 0.086914 0.070312
0 0.968262 0.578613 0.063477 0.077148
0 0.411133 0.965332 0.089844 0.069336
0 0.611816 0.243164 0.061523 0.074219
0 0.539551 0.058105 0.079102 0.071289
0 0.463379 0.828613 0.067383 0.065430
0 0.532227 0.531738 0.103516 0.096680
0 0.601074 0.412598 0.088867 0.077148
0 0.284668 0.036133 0.075195 0.070312
0 0.151855 0.192871 0.118164 0.083008
0 0.715332 0.909180 0.086914 0.074219
0 0.279297 0.306641 0.136719 0.111328
0 0.212402 0.108887 0.114258 0.102539
0 0.408203 0.598145 0.050781 0.065430
0 0.586426 0.958984 0.084961 0.072266
0 0.744629 0.365234 0.081055 0.080078
0 0.315918 0.872070 0.106445 0.074219
0 0.652344 0.461426 0.076172 0.075195
0 0.448730 0.633789 0.084961 0.078125
0 0.460938 0.298340 0.070312 0.069336
0 0.590820 0.500488 0.085938 0.079102
0 0.369141 0.557617 0.080078 0.068359
0 0.714844 0.183105 0.076172 0.084961
0 0.020020 0.263184 0.038086 0.083008
0 0.155273 0.396484 0.080078 0.087891
0 0.112793 0.351562 0.053711 0.060547
0 0.180176 0.687012 0.122070 0.096680
0 0.840820 0.703125 0.095703 0.091797
0 0.844238 0.028809 0.055664 0.055664
0 0.146973 0.814941 0.108398 0.049805
0 0.967773 0.964844 0.064453 0.070312
0 0.796387 0.977051 0.083008 0.045898
0 0.703125 0.592285 0.082031 0.088867
0 0.549805 0.924316 0.066406 0.061523
0 0.088379 0.701660 0.061523 0.057617
0 0.983398 0.532227 0.033203 0.076172
0 0.746582 0.083008 0.057617 0.062500
0 0.941895 0.792480 0.084961 0.073242
0 0.519043 0.886230 0.071289 0.065430
0 0.490723 0.862793 0.075195 0.065430
0 0.471191 0.026367 0.104492 0.050781
0 0.823242 0.737793 0.050781 0.059570
0 0.975586 0.025391 0.048828 0.048828
0 0.754395 0.023438 0.061523 0.044922
0 0.970703 0.739746 0.058594 0.114258
0 0.728516 0.718750 0.074219 0.068359
0 0.103516 0.893555 0.103516 0.048828
0 0.253906 0.837402 0.121094 0.063477
0 0.155762 0.034668 0.102539 0.067383
0 0.240723 0.476562 0.104492 0.103516
0 0.309570 0.519043 0.093750 0.088867
0 0.374512 0.697266 0.073242 0.080078
0 0.304199 0.707031 0.081055 0.068359
0 0.031250 0.729004 0.060547 0.057617
0 0.252441 0.708008 0.071289 0.062500
0 0.124512 0.929199 0.086914 0.040039
0 0.416992 0.268066 0.070312 0.069336
0 0.873047 0.056152 0.044922 0.051758
0 0.913086 0.087891 0.066406 0.074219
0 0.962402 0.120605 0.053711 0.051758
0 0.786621 0.114258 0.057617 0.062500
0 0.782715 0.322266 0.081055 0.080078
0 0.953125 0.198730 0.093750 0.104492
0 0.880371 0.662598 0.075195 0.073242
0 0.669922 0.862305 0.082031 0.072266
0 0.550293 0.744629 0.116211 0.090820
0 0.442871 0.790039 0.098633 0.074219
