0 0.123698 0.323730 0.158854 0.124023
0 0.527995 0.438965 0.097656 0.069336
0 0.778646 0.867676 0.138021 0.098633
0 0.373047 0.902832 0.115885 0.084961
0 0.828125 0.051758 0.138021 0.089844
0 0.390625 0.413086 0.156250 0.103516
0 0.718750 0.224121 0.130208 0.084961
0 0.607422 0.196777 0.100260 0.092773
0 0.423177 0.826172 0.119792 0.076172
0 0.485677 0.760742 0.125000 0.076172
0 0.526693 0.688965 0.115885 0.079102
0 0.855469 0.770996 0.169271 0.118164
0 0.508464 0.177734 0.115885 0.091797
0 0.255208 0.381836 0.101562 0.078125
0 0.619792 0.471191 0.091146 0.083008
0 0.414714 0.162109 0.074219 0.089844
0 0.173828 0.219727 0.126302 0.111328
0 0.588542 0.023438 0.130208 0.044922
0 0.851562 0.264160 0.177083 0.096680
0 0.160156 0.605957 0.317708 0.280273
0 0.714844 0.958984 0.158854 0.082031
0 0.281901 0.128906 0.207031 0.115234
0 0.723958 0.487793 0.135417 0.120117
0 0.652344 0.588379 0.135417 0.120117
0 0.240885 0.910156 0.135417 0.082031
0 0.130208 0.875000 0.135417 0.082031
0 0.045573 0.829590 0.088542 0.079102
0 0.274089 0.977051 0.118490 0.043945
0 0.930339 0.667969 0.139323 0.115234
0 0.964193 0.298828 0.071615 0.093750
0 0.937500 0.082031 0.104167 0.117188
