0 0.419922 0.551758 0.123698 0.089844
0 0.633464 0.199219 0.105469 0.068359
0 0.708984 0.283203 0.118490 0.072266
0 0.413411 0.113281 0.220052 0.166016
0 0.824870 0.628906 0.121094 0.066406
0 0.330729 0.967773 0.140625 0.064453
0 0.527995 0.445801 0.173177 0.090820
0 0.453125 0.355957 0.135417 0.114258
0 0.280599 0.039062 0.105469 0.064453
0 0.309896 0.489746 0.151042 0.088867
0 0.548177 0.643066 0.130208 0.098633
0 0.886719 0.102539 0.111979 0.076172
0 0.621094 0.360840 0.145833 0.112305
0 0.147135 0.780273 0.109375 0.093750
0 0.240885 0.540039 0.132812 0.085938
0 0.545573 0.266602 0.132812 0.105469
0 0.164714 0.247559 0.084635 0.059570
0 0.898438 0.676758 0.111979 0.074219
0 0.718099 0.553711 0.157552 0.111328
0 0.263021 0.296875 0.138021 0.078125
0 0.339844 0.241699 0.125000 0.084961
0 0.483073 0.602539 0.098958 0.068359
0 0.193359 0.846191 0.097656 0.073242
0 0.816406 0.811035 0.098958 0.075195
0 0.842448 0.154297 0.083333 0.052734
0 0.105469 0.714844 0.096354 0.074219
0 0.313802 0.837891 0.101562 0.064453
0 0.264323 0.935547 0.083333 0.060547
0 0.164062 0.142578 0.130208 0.085938
0 0.873047 0.852051 0.082031 0.061523
0 0.800130 0.461914 0.173177 0.087891
0 0.085938 0.197266 0.098958 0.062500
0 0.962891 0.714355 0.074219 0.075195
0 0.902344 0.330078 0.138021 0.097656
0 0.199870 0.016602 0.113281 0.031250
0 0.597005 0.030273 0.113281 0.058594
0 0.079427 0.956055 0.101562 0.052734
0 0.570964 0.940430 0.141927 0.087891
0 0.192708 0.396973 0.091146 0.069336
0 0.675130 0.141113 0.097656 0.045898
0 0.652344 0.729492 0.169271 0.109375
0 0.102865 0.981445 0.091146 0.037109
0 0.734375 0.088867 0.106771 0.068359
0 0.977214 0.593750 0.045573 0.066406
0 0.035156 0.153320 0.067708 0.089844
0 0.062500 0.079590 0.065104 0.063477
0 0.033854 0.041504 0.065104 0.065430
0 0.121094 0.347168 0.109375 0.077148
0 0.054688 0.303223 0.106771 0.077148
0 0.090495 0.447266 0.165365 0.099609
0 0.240234 0.195312 0.110677 0.070312
0 0.953776 0.260742 0.092448 0.083984
0 0.965495 0.385742 0.069010 0.072266
0 0.946615 0.548340 0.106771 0.077148
0 0.890625 0.520508 0.091146 0.066406
0 0.777344 0.189453 0.114583 0.056641
0 0.763021 0.234375 0.083333 0.052734
0 0.031901 0.622559 0.061198 0.110352
0 0.451172 0.947266 0.092448 0.083984
0 0.663411 0.945801 0.105469 0.086914
0 0.743490 0.959961 0.091146 0.070312
0 0.824219 0.955078 0.091146 0.070312
0 0.744792 0.770996 0.117188 0.096680
0 0.936198 0.900879 0.127604 0.100586
0 0.098958 0.101074 0.065104 0.063477
0 0.253255 0.890625 0.089844 0.064453
0 0.944010 0.038574 0.111979 0.075195
