0 0.818848 0.335286 0.061523 0.115885
0 0.813477 0.768229 0.091797 0.111979
0 0.943848 0.536458 0.112305 0.132812
0 0.205078 0.192057 0.074219 0.105469
0 0.910645 0.835938 0.075195 0.104167
0 0.673340 0.621094 0.071289 0.119792
0 0.451172 0.472005 0.083984 0.131510
0 0.755859 0.310547 0.070312 0.115885
0 0.186523 0.597005 0.175781 0.196615
0 0.610840 0.572917 0.073242 0.119792
0 0.972168 0.861328 0.055664 0.110677
0 0.756348 0.714844 0.086914 0.130208
0 0.272949 0.272786 0.057617 0.126302
0 0.060059 0.575521 0.118164 0.226562
0 0.593750 0.128255 0.064453 0.115885
0 0.307129 0.917318 0.102539 0.165365
0 0.146484 0.162109 0.058594 0.102865
0 0.090820 0.124349 0.058594 0.102865
0 0.035156 0.086589 0.058594 0.102865
0 0.663086 0.119792 0.078125 0.114583
0 0.312988 0.293620 0.057617 0.126302
0 0.355957 0.324870 0.057617 0.126302
0 0.394043 0.339844 0.073242 0.148438
0 0.519531 0.513021 0.087891 0.148438
0 0.884277 0.330078 0.061523 0.115885
0 0.489258 0.108073 0.150391 0.161458
0 0.534180 0.966797 0.101562 0.066406
