0 0.896973 0.345703 0.133789 0.123698
0 0.326172 0.412760 0.095703 0.127604
0 0.377441 0.470052 0.081055 0.096354
0 0.072754 0.610677 0.114258 0.125000
0 0.131348 0.208333 0.098633 0.135417
0 0.780762 0.314453 0.092773 0.139323
0 0.651855 0.594401 0.075195 0.110677
0 0.445801 0.510417 0.077148 0.109375
0 0.702148 0.263021 0.066406 0.122396
0 0.712891 0.634766 0.070312 0.110677
0 0.052734 0.286458 0.101562 0.130208
0 0.624023 0.250651 0.080078 0.136719
0 0.041016 0.712891 0.080078 0.126302
0 0.946777 0.882161 0.106445 0.136719
0 0.864258 0.076823 0.095703 0.122396
0 0.975098 0.401693 0.049805 0.113281
0 0.460938 0.178385 0.154297 0.161458
0 0.571289 0.545573 0.083984 0.122396
0 0.740234 0.785807 0.105469 0.154948
0 0.560059 0.222005 0.063477 0.115885
0 0.248535 0.101562 0.139648 0.200521
0 0.355957 0.815104 0.317383 0.359375
0 0.031250 0.863281 0.060547 0.221354
0 0.103027 0.959635 0.100586 0.080729
0 0.953125 0.104818 0.068359 0.147135
0 0.377441 0.283854 0.102539 0.119792
0 0.796875 0.660807 0.105469 0.154948
0 0.642578 0.913411 0.087891 0.110677
0 0.614258 0.972656 0.085938 0.054688
0 0.899902 0.969401 0.110352 0.061198
