0 0.608398 0.176270 0.128906 0.116211
0 0.840820 0.427246 0.208984 0.233398
0 0.734863 0.266602 0.172852 0.146484
0 0.476562 0.090820 0.123047 0.179688
0 0.278809 0.220215 0.215820 0.174805
0 0.593262 0.032715 0.112305 0.063477
0 0.196289 0.104004 0.232422 0.168945
0 0.408691 0.428711 0.213867 0.152344
0 0.972656 0.044434 0.054688 0.086914
0 0.479004 0.515625 0.227539 0.179688
0 0.372070 0.330078 0.218750 0.183594
0 0.529297 0.608887 0.210938 0.147461
0 0.607422 0.693848 0.210938 0.147461
0 0.679199 0.797852 0.213867 0.173828
0 0.759277 0.906250 0.184570 0.148438
0 0.852539 0.957031 0.160156 0.083984
0 0.715820 0.030762 0.130859 0.059570
0 0.953613 0.601074 0.092773 0.186523
0 0.072754 0.513184 0.143555 0.168945
0 0.110840 0.628418 0.206055 0.213867
0 0.183105 0.751465 0.184570 0.200195
0 0.249512 0.885254 0.184570 0.200195
0 0.372070 0.958496 0.203125 0.083008
0 0.064941 0.383789 0.127930 0.132812
0 0.040039 0.284180 0.078125 0.119141
