0 0.171387 0.134277 0.137695 0.172852
0 0.132812 0.371582 0.162109 0.241211
0 0.632324 0.815918 0.118164 0.145508
0 0.676270 0.944824 0.122070 0.110352
0 0.460449 0.873047 0.124023 0.134766
0 0.946777 0.172852 0.106445 0.128906
0 0.842773 0.791016 0.101562 0.138672
0 0.318848 0.816406 0.137695 0.132812
0 0.756836 0.049805 0.126953 0.097656
0 0.966797 0.719238 0.066406 0.079102
0 0.908203 0.061035 0.115234 0.120117
0 0.671387 0.361816 0.108398 0.141602
0 0.768066 0.614746 0.096680 0.125977
0 0.938965 0.555664 0.122070 0.093750
0 0.346191 0.041992 0.127930 0.082031
0 0.246094 0.613770 0.156250 0.264648
0 0.388184 0.162598 0.122070 0.163086
0 0.443848 0.291504 0.122070 0.163086
0 0.501465 0.438965 0.122070 0.163086
0 0.551270 0.550781 0.122070 0.164062
0 0.596680 0.682129 0.103516 0.124023
0 0.884766 0.902344 0.101562 0.138672
0 0.637695 0.095703 0.126953 0.099609
0 0.719238 0.489746 0.118164 0.151367
0 0.607910 0.219238 0.108398 0.141602
