0 0.097168 0.694010 0.165039 0.190104
0 0.276855 0.259766 0.077148 0.136719
0 0.872559 0.860677 0.122070 0.158854
0 0.405762 0.697266 0.225586 0.277344
0 0.913574 0.317708 0.120117 0.205729
0 0.582520 0.255208 0.122070 0.195312
0 0.875488 0.688151 0.219727 0.196615
0 0.304688 0.128906 0.080078 0.161458
0 0.947754 0.097656 0.104492 0.190104
0 0.627441 0.074870 0.112305 0.144531
0 0.541504 0.422526 0.110352 0.108073
0 0.238770 0.360026 0.077148 0.089844
0 0.319336 0.026693 0.076172 0.050781
0 0.051758 0.240885 0.101562 0.354167
