0 0.103027 0.618652 0.106445 0.124023
0 0.052734 0.841797 0.097656 0.111328
0 0.075684 0.734863 0.102539 0.108398
0 0.564941 0.074219 0.092773 0.080078
0 0.645020 0.463867 0.110352 0.154297
0 0.741699 0.670410 0.122070 0.155273
0 0.822754 0.202637 0.083008 0.081055
0 0.062988 0.210938 0.102539 0.164062
0 0.332031 0.933105 0.113281 0.129883
0 0.376953 0.784668 0.109375 0.151367
0 0.035156 0.946777 0.068359 0.106445
0 0.702148 0.828125 0.111328 0.150391
0 0.661621 0.125488 0.073242 0.075195
0 0.728516 0.148926 0.085938 0.075195
0 0.286621 0.279297 0.112305 0.150391
0 0.416992 0.623047 0.101562 0.160156
0 0.491699 0.050293 0.096680 0.086914
0 0.951660 0.350098 0.096680 0.112305
0 0.877930 0.949707 0.167969 0.100586
0 0.664062 0.955566 0.103516 0.088867
0 0.881348 0.233887 0.079102 0.088867
0 0.986816 0.589844 0.026367 0.121094
0 0.958496 0.054199 0.083008 0.106445
