0 0.704590 0.533203 0.057617 0.108073
0 0.960938 0.455078 0.078125 0.108073
0 0.098145 0.469401 0.194336 0.430990
0 0.421875 0.352214 0.074219 0.110677
0 0.882812 0.251953 0.138672 0.131510
0 0.529297 0.430339 0.058594 0.110677
0 0.477539 0.394531 0.066406 0.098958
0 0.603027 0.132161 0.075195 0.110677
0 0.954102 0.805339 0.089844 0.165365
0 0.584961 0.455078 0.068359 0.108073
0 0.647461 0.496094 0.064453 0.114583
0 0.687500 0.912109 0.150391 0.175781
0 0.663574 0.100911 0.075195 0.110677
0 0.536133 0.137370 0.062500 0.102865
0 0.481445 0.164714 0.070312 0.108073
0 0.249512 0.071615 0.125977 0.140625
0 0.338867 0.045573 0.074219 0.088542
0 0.403320 0.024740 0.089844 0.046875
0 0.750977 0.270182 0.138672 0.131510
0 0.375488 0.876953 0.120117 0.240885
0 0.511230 0.906250 0.204102 0.187500
0 0.774902 0.604818 0.055664 0.123698
0 0.816895 0.632161 0.055664 0.123698
0 0.853027 0.652995 0.055664 0.123698
0 0.898438 0.674479 0.062500 0.140625
0 0.025879 0.024089 0.049805 0.045573
0 0.087402 0.019531 0.065430 0.036458
0 0.073730 0.947917 0.145508 0.101562
