0 0.224121 0.777832 0.124023 0.145508
0 0.616211 0.823730 0.183594 0.116211
0 0.052734 0.056641 0.103516 0.111328
0 0.406738 0.684570 0.127930 0.173828
0 0.206543 0.643555 0.135742 0.134766
0 0.165039 0.509277 0.140625 0.161133
0 0.534180 0.029785 0.099609 0.057617
0 0.098633 0.269043 0.171875 0.125977
0 0.972168 0.482422 0.055664 0.130859
0 0.408691 0.873047 0.190430 0.136719
0 0.873047 0.717773 0.167969 0.111328
0 0.971191 0.667969 0.057617 0.099609
0 0.337891 0.549805 0.142578 0.158203
0 0.940430 0.377441 0.085938 0.131836
0 0.075195 0.160156 0.148438 0.138672
0 0.851074 0.024902 0.192383 0.047852
0 0.944824 0.959961 0.110352 0.080078
0 0.390137 0.126465 0.098633 0.153320
0 0.347656 0.035645 0.085938 0.069336
0 0.280762 0.940918 0.137695 0.100586
0 0.129395 0.384766 0.106445 0.123047
0 0.282227 0.419922 0.142578 0.158203
0 0.437988 0.255859 0.098633 0.152344
0 0.495605 0.391602 0.098633 0.152344
0 0.550293 0.524902 0.098633 0.153320
0 0.604004 0.650391 0.098633 0.152344
0 0.573730 0.108887 0.098633 0.153320
0 0.613770 0.208984 0.098633 0.152344
0 0.668457 0.334961 0.098633 0.152344
0 0.719238 0.464844 0.098633 0.152344
0 0.768555 0.592773 0.097656 0.117188
0 0.896484 0.252441 0.085938 0.131836
0 0.819336 0.147949 0.085938 0.131836
