0 0.600586 0.187988 0.183594 0.229492
0 0.478516 0.044922 0.197266 0.087891
0 0.717285 0.361328 0.137695 0.140625
0 0.192383 0.176270 0.183594 0.157227
0 0.230957 0.277344 0.208008 0.185547
0 0.947754 0.464355 0.104492 0.163086
0 0.110352 0.086914 0.173828 0.171875
0 0.814941 0.131836 0.204102 0.236328
0 0.043457 0.029785 0.084961 0.057617
0 0.773926 0.957031 0.135742 0.085938
0 0.157227 0.901367 0.144531 0.154297
0 0.089844 0.768066 0.173828 0.170898
0 0.050293 0.602051 0.098633 0.110352
0 0.030273 0.463867 0.058594 0.119141
0 0.293457 0.374023 0.192383 0.164062
0 0.352051 0.444336 0.192383 0.164062
0 0.424316 0.559570 0.192383 0.164062
0 0.505371 0.666016 0.192383 0.164062
0 0.629883 0.766113 0.167969 0.184570
0 0.720703 0.894043 0.091797 0.067383
0 0.821777 0.517578 0.178711 0.201172
0 0.931641 0.640625 0.130859 0.123047
