0 0.198568 0.714844 0.144531 0.162109
0 0.516276 0.484863 0.102865 0.081055
0 0.833333 0.565430 0.132812 0.099609
0 0.502604 0.153320 0.109375 0.099609
0 0.322917 0.923828 0.140625 0.152344
0 0.720703 0.866211 0.126302 0.158203
0 0.315755 0.396484 0.102865 0.085938
0 0.205078 0.379883 0.115885 0.083984
0 0.757161 0.284668 0.097656 0.073242
0 0.614583 0.594727 0.140625 0.107422
0 0.774740 0.944824 0.125000 0.110352
0 0.085938 0.331055 0.104167 0.087891
0 0.133464 0.024414 0.180990 0.046875
0 0.824870 0.250000 0.100260 0.072266
0 0.756510 0.617676 0.072917 0.075195
0 0.289062 0.151367 0.151042 0.101562
0 0.406901 0.155273 0.079427 0.085938
0 0.655599 0.295410 0.097656 0.073242
0 0.031250 0.300781 0.059896 0.109375
0 0.960938 0.542480 0.078125 0.090820
0 0.425130 0.461426 0.102865 0.081055
