0 0.633789 0.406901 0.101562 0.139323
0 0.680664 0.533203 0.091797 0.149740
0 0.501953 0.533854 0.101562 0.132812
0 0.249512 0.440104 0.084961 0.148438
0 0.467285 0.427083 0.098633 0.127604
0 0.538574 0.669271 0.118164 0.164062
0 0.743652 0.681641 0.137695 0.144531
0 0.844238 0.475260 0.081055 0.135417
0 0.181152 0.484375 0.077148 0.119792
0 0.800781 0.322917 0.099609 0.169271
0 0.413574 0.328125 0.153320 0.125000
0 0.324707 0.399089 0.090820 0.131510
0 0.967285 0.195964 0.065430 0.123698
0 0.484863 0.796875 0.125977 0.114583
0 0.720703 0.189453 0.150391 0.128906
0 0.870605 0.608073 0.129883 0.135417
0 0.986328 0.326172 0.027344 0.128906
0 0.604492 0.268229 0.103516 0.145833
0 0.093750 0.082682 0.154297 0.162760
0 0.109375 0.540365 0.093750 0.148438
0 0.211914 0.054036 0.087891 0.105469
0 0.277832 0.035156 0.041992 0.067708
0 0.312988 0.027344 0.036133 0.052083
0 0.373535 0.867188 0.125977 0.114583
0 0.321289 0.964193 0.089844 0.071615
0 0.197266 0.703776 0.136719 0.118490
0 0.212891 0.808594 0.148438 0.138021
0 0.836426 0.916667 0.165039 0.166667
0 0.852051 0.127604 0.125977 0.140625
