0 0.104492 0.625488 0.083984 0.116211
0 0.061523 0.843262 0.080078 0.108398
0 0.085938 0.734375 0.082031 0.109375
0 0.567383 0.075684 0.089844 0.081055
0 0.648926 0.461914 0.116211 0.156250
0 0.741699 0.670410 0.122070 0.155273
0 0.881348 0.241211 0.081055 0.091797
0 0.068848 0.205566 0.116211 0.155273
0 0.332031 0.933105 0.113281 0.129883
0 0.376953 0.784668 0.109375 0.151367
0 0.035156 0.946777 0.068359 0.106445
0 0.702148 0.828125 0.111328 0.150391
0 0.663086 0.125977 0.070312 0.076172
0 0.738281 0.153320 0.082031 0.091797
0 0.278809 0.277832 0.112305 0.153320
0 0.416016 0.625000 0.121094 0.160156
0 0.499512 0.055664 0.081055 0.085938
0 0.951660 0.359863 0.096680 0.118164
0 0.867676 0.953613 0.208008 0.092773
0 0.664062 0.955566 0.103516 0.088867
0 0.820801 0.205078 0.059570 0.089844
0 0.986816 0.589844 0.026367 0.121094
