0 0.642578 0.766602 0.123047 0.091797
0 0.649414 0.261230 0.126953 0.092773
0 0.706055 0.665039 0.128906 0.095703
0 0.328613 0.403809 0.083008 0.096680
0 0.866699 0.350098 0.143555 0.116211
0 0.625000 0.055664 0.121094 0.103516
0 0.580566 0.861816 0.129883 0.100586
0 0.098633 0.323730 0.144531 0.129883
0 0.750977 0.315430 0.099609 0.097656
0 0.535645 0.229004 0.106445 0.088867
0 0.394531 0.440918 0.091797 0.083008
0 0.962891 0.372559 0.074219 0.104492
0 0.276367 0.896973 0.085938 0.077148
0 0.978516 0.174316 0.042969 0.108398
0 0.353516 0.762207 0.091797 0.083008
0 0.458008 0.197266 0.083984 0.105469
0 0.315918 0.831055 0.079102 0.085938
0 0.196289 0.376465 0.087891 0.079102
0 0.394531 0.689453 0.089844 0.080078
0 0.935059 0.650879 0.129883 0.102539
0 0.895996 0.138672 0.116211 0.113281
0 0.794434 0.579102 0.159180 0.121094
0 0.381348 0.186035 0.077148 0.090820
0 0.909180 0.051270 0.085938 0.043945
0 0.460938 0.470215 0.070312 0.083008
0 0.936035 0.025391 0.098633 0.048828
0 0.974121 0.559082 0.051758 0.094727
0 0.547363 0.489258 0.104492 0.113281
0 0.317383 0.162598 0.072266 0.102539
0 0.541992 0.954102 0.148438 0.091797
0 0.442871 0.023438 0.096680 0.044922
0 0.016602 0.074219 0.031250 0.074219
0 0.210938 0.120117 0.148438 0.125000
0 0.129395 0.216797 0.108398 0.107422
0 0.489746 0.593750 0.104492 0.113281
0 0.124023 0.616211 0.246094 0.318359
0 0.184082 0.908203 0.100586 0.091797
0 0.099121 0.869141 0.100586 0.091797
0 0.030273 0.830566 0.058594 0.084961
