0 0.355957 0.874023 0.086914 0.113281
0 0.817871 0.333496 0.098633 0.098633
0 0.896484 0.710449 0.126953 0.161133
0 0.904297 0.380371 0.091797 0.084961
0 0.673828 0.217285 0.076172 0.083008
0 0.312988 0.459961 0.118164 0.154297
0 0.323730 0.965332 0.104492 0.069336
0 0.458496 0.104492 0.084961 0.113281
0 0.966797 0.405273 0.066406 0.101562
0 0.187500 0.189941 0.148438 0.131836
0 0.618652 0.180664 0.090820 0.103516
0 0.967773 0.148438 0.064453 0.093750
0 0.529785 0.530762 0.116211 0.147461
0 0.752441 0.297363 0.088867 0.094727
0 0.268555 0.646484 0.142578 0.130859
0 0.849609 0.023926 0.132812 0.045898
0 0.187500 0.878418 0.187500 0.135742
0 0.053223 0.201172 0.104492 0.160156
0 0.526855 0.133301 0.081055 0.114258
0 0.622070 0.979492 0.119141 0.041016
0 0.664551 0.873047 0.124023 0.156250
0 0.118164 0.609375 0.142578 0.130859
0 0.050293 0.830566 0.098633 0.102539
0 0.969238 0.932129 0.061523 0.135742
