0 0.450195 0.364583 0.099609 0.143229
0 0.261719 0.423177 0.181641 0.257812
0 0.727539 0.656250 0.150391 0.119792
0 0.547852 0.384766 0.083984 0.139323
0 0.711426 0.535156 0.139648 0.119792
0 0.697754 0.418620 0.124023 0.121094
0 0.559082 0.507812 0.092773 0.104167
0 0.889648 0.490234 0.152344 0.173177
0 0.160156 0.719401 0.101562 0.141927
0 0.697266 0.285156 0.130859 0.145833
0 0.567383 0.691406 0.099609 0.093750
0 0.569336 0.603516 0.082031 0.082031
0 0.945312 0.802083 0.109375 0.210938
0 0.567871 0.786458 0.106445 0.096354
0 0.728027 0.180990 0.102539 0.096354
0 0.062988 0.680339 0.096680 0.128906
0 0.763184 0.113281 0.108398 0.085938
0 0.196777 0.923828 0.084961 0.121094
0 0.292969 0.143229 0.201172 0.255208
0 0.361328 0.812500 0.121094 0.096354
0 0.059082 0.867188 0.077148 0.117188
0 0.121094 0.894531 0.076172 0.119792
0 0.404297 0.582031 0.099609 0.083333
0 0.381348 0.656250 0.081055 0.075521
0 0.375488 0.732422 0.112305 0.084635
0 0.544922 0.167318 0.199219 0.235677
0 0.579102 0.880208 0.117188 0.091146
0 0.396484 0.955729 0.091797 0.088542
0 0.737305 0.921875 0.138672 0.148438
0 0.312500 0.943359 0.091797 0.113281
0 0.895508 0.043620 0.093750 0.084635
0 0.254395 0.688151 0.090820 0.243490
0 0.792969 0.054036 0.103516 0.069010
0 0.017090 0.839844 0.032227 0.114583
0 0.887207 0.938802 0.184570 0.122396
0 0.011719 0.648438 0.021484 0.114583
0 0.427734 0.489583 0.107422 0.101562
0 0.770508 0.764323 0.205078 0.104167
0 0.479980 0.963542 0.073242 0.072917
0 0.579590 0.977214 0.120117 0.045573
