0 0.586589 0.335449 0.128906 0.081055
0 0.470703 0.664062 0.131510 0.087891
0 0.248698 0.275391 0.135417 0.087891
0 0.516276 0.532227 0.134115 0.064453
0 0.466797 0.314453 0.118490 0.083984
0 0.483724 0.167969 0.110677 0.128906
0 0.218099 0.356445 0.128906 0.091797
0 0.441406 0.741211 0.127604 0.076172
0 0.489583 0.591797 0.143229 0.074219
0 0.369141 0.939941 0.165365 0.120117
0 0.594401 0.937500 0.147135 0.099609
0 0.419922 0.830566 0.134115 0.104492
0 0.548177 0.417969 0.148438 0.089844
0 0.116536 0.869629 0.225260 0.094727
0 0.135417 0.614258 0.127604 0.087891
0 0.589193 0.191406 0.115885 0.103516
0 0.527344 0.480469 0.132812 0.048828
0 0.400391 0.130371 0.123698 0.161133
0 0.166667 0.540039 0.135417 0.083984
0 0.696615 0.195801 0.114583 0.135742
0 0.361979 0.299316 0.111979 0.096680
0 0.333333 0.387207 0.098958 0.088867
0 0.297526 0.136719 0.089844 0.093750
0 0.169922 0.049805 0.089844 0.083984
0 0.714193 0.584961 0.173177 0.236328
0 0.116536 0.673340 0.118490 0.047852
0 0.086589 0.796875 0.136719 0.062500
0 0.653646 0.763184 0.161458 0.139648
0 0.099609 0.730469 0.134115 0.078125
0 0.806641 0.243652 0.110677 0.084961
0 0.184896 0.473633 0.125000 0.058594
0 0.405599 0.028809 0.160156 0.055664
0 0.644531 0.060059 0.127604 0.092773
0 0.619792 0.861816 0.148438 0.081055
0 0.906250 0.781250 0.174479 0.060547
0 0.800130 0.445312 0.201823 0.083984
0 0.823568 0.382812 0.201823 0.083984
0 0.906250 0.265625 0.098958 0.072266
0 0.909505 0.202637 0.139323 0.083008
0 0.540365 0.046875 0.127604 0.091797
0 0.753906 0.087402 0.127604 0.092773
0 0.854167 0.111816 0.127604 0.092773
0 0.936198 0.132324 0.127604 0.092773
0 0.245443 0.059570 0.089844 0.083984
0 0.205729 0.146973 0.075521 0.059570
0 0.144531 0.130371 0.075521 0.059570
0 0.057943 0.074219 0.113281 0.146484
0 0.055990 0.250488 0.109375 0.116211
0 0.049479 0.341797 0.096354 0.062500
0 0.196615 0.424316 0.125000 0.049805
0 0.104167 0.942871 0.205729 0.086914
0 0.874349 0.863281 0.178385 0.068359
0 0.852865 0.909668 0.177083 0.061523
0 0.839844 0.958496 0.174479 0.063477
0 0.917318 0.722168 0.165365 0.065430
0 0.923177 0.671387 0.153646 0.063477
0 0.936849 0.617676 0.126302 0.071289
0 0.944661 0.559082 0.110677 0.057617
0 0.955729 0.504395 0.088542 0.057617
0 0.966797 0.456055 0.066406 0.058594
0 0.966797 0.400391 0.066406 0.058594
