0 0.586589 0.335449 0.128906 0.081055
0 0.470703 0.664062 0.131510 0.087891
0 0.248698 0.275391 0.135417 0.087891
0 0.516276 0.532227 0.134115 0.064453
0 0.466797 0.314453 0.118490 0.083984
0 0.490885 0.167969 0.106771 0.115234
0 0.218099 0.356445 0.128906 0.091797
0 0.441406 0.741211 0.127604 0.076172
0 0.489583 0.591797 0.143229 0.074219
0 0.377604 0.939941 0.143229 0.120117
0 0.594401 0.937500 0.147135 0.099609
0 0.419922 0.830566 0.134115 0.104492
0 0.548177 0.417969 0.148438 0.089844
0 0.097656 0.937500 0.192708 0.070312
0 0.135417 0.614258 0.127604 0.087891
0 0.588542 0.192871 0.114583 0.100586
0 0.527344 0.480469 0.132812 0.048828
0 0.405599 0.132324 0.123698 0.161133
0 0.166667 0.540039 0.135417 0.083984
0 0.695964 0.208008 0.113281 0.111328
0 0.361979 0.299316 0.111979 0.096680
0 0.333333 0.387207 0.098958 0.088867
0 0.298828 0.139648 0.087240 0.113281
0 0.214193 0.145020 0.071615 0.051758
0 0.720703 0.586914 0.173177 0.236328
0 0.909505 0.779297 0.180990 0.083984
0 0.113932 0.673340 0.118490 0.047852
0 0.087891 0.796875 0.136719 0.062500
0 0.654948 0.760254 0.148438 0.124023
0 0.099609 0.730469 0.134115 0.078125
0 0.800130 0.242676 0.110677 0.083008
0 0.182292 0.475586 0.125000 0.058594
0 0.533854 0.047363 0.111979 0.079102
0 0.884766 0.848633 0.180990 0.083984
0 0.859375 0.905273 0.184896 0.064453
0 0.842448 0.958008 0.184896 0.064453
0 0.918620 0.722656 0.162760 0.066406
0 0.930339 0.670410 0.139323 0.071289
0 0.623047 0.857910 0.139323 0.079102
0 0.113932 0.870605 0.225260 0.086914
0 0.199219 0.425781 0.125000 0.058594
0 0.938151 0.618652 0.123698 0.061523
0 0.945312 0.561523 0.109375 0.064453
0 0.953776 0.511230 0.092448 0.059570
0 0.965495 0.457031 0.069010 0.056641
0 0.972656 0.403320 0.054688 0.054688
0 0.811198 0.443359 0.197917 0.083984
0 0.822917 0.375488 0.210938 0.079102
0 0.147786 0.131348 0.071615 0.051758
0 0.167318 0.050781 0.074219 0.078125
0 0.242839 0.064453 0.074219 0.078125
0 0.055339 0.251953 0.108073 0.119141
0 0.041667 0.329590 0.080729 0.059570
0 0.063151 0.077637 0.123698 0.153320
0 0.910807 0.273926 0.110677 0.083008
0 0.910156 0.209473 0.148438 0.067383
0 0.635417 0.061035 0.111979 0.079102
0 0.735677 0.083984 0.111979 0.080078
0 0.837240 0.111816 0.111979 0.079102
0 0.932292 0.132324 0.111979 0.079102
