0 0.316406 0.247070 0.203125 0.113281
0 0.551432 0.655762 0.173177 0.108398
0 0.490234 0.472168 0.141927 0.083008
0 0.401042 0.325195 0.143229 0.070312
0 0.436198 0.404297 0.179688 0.099609
0 0.572917 0.804199 0.158854 0.077148
0 0.520182 0.552246 0.180990 0.088867
0 0.176432 0.887695 0.134115 0.068359
0 0.873047 0.748047 0.118490 0.089844
0 0.201823 0.951172 0.125000 0.074219
0 0.868490 0.822754 0.096354 0.049805
0 0.122396 0.774902 0.140625 0.065430
0 0.584635 0.927734 0.182292 0.070312
0 0.576823 0.871582 0.182292 0.055664
0 0.139974 0.828613 0.139323 0.067383
0 0.388672 0.625488 0.100260 0.049805
0 0.905599 0.886230 0.160156 0.081055
0 0.570964 0.737793 0.154948 0.055664
0 0.597656 0.979980 0.166667 0.040039
0 0.102214 0.713867 0.160156 0.072266
0 0.164062 0.251465 0.101562 0.083008
0 0.848958 0.591797 0.156250 0.085938
0 0.821615 0.450195 0.161458 0.087891
0 0.162109 0.046387 0.141927 0.083008
0 0.076172 0.653809 0.139323 0.069336
0 0.489583 0.024902 0.138021 0.047852
0 0.141276 0.114258 0.128906 0.066406
0 0.040365 0.113281 0.078125 0.085938
0 0.808594 0.520508 0.104167 0.054688
0 0.962240 0.579102 0.075521 0.109375
0 0.967448 0.749512 0.065104 0.114258
0 0.919271 0.961426 0.161458 0.075195
0 0.055339 0.276855 0.108073 0.088867
0 0.059245 0.597168 0.115885 0.077148
0 0.048828 0.538086 0.095052 0.068359
0 0.049479 0.466797 0.096354 0.074219
0 0.041667 0.396484 0.080729 0.060547
