0 0.896973 0.190430 0.114258 0.117188
0 0.712891 0.497070 0.144531 0.101562
0 0.531250 0.821777 0.099609 0.114258
0 0.884766 0.500488 0.072266 0.067383
0 0.070312 0.741699 0.093750 0.086914
0 0.605957 0.885254 0.135742 0.129883
0 0.433105 0.721680 0.075195 0.093750
0 0.727539 0.782715 0.087891 0.096680
0 0.862793 0.635254 0.120117 0.077148
0 0.478027 0.762695 0.081055 0.093750
0 0.262695 0.554688 0.095703 0.085938
0 0.179688 0.432129 0.105469 0.094727
0 0.771973 0.844238 0.067383 0.079102
0 0.848633 0.759766 0.115234 0.078125
0 0.463867 0.123535 0.109375 0.110352
0 0.280273 0.129395 0.166016 0.147461
0 0.693848 0.608398 0.108398 0.056641
0 0.682617 0.949219 0.099609 0.089844
0 0.363770 0.445801 0.088867 0.069336
0 0.109863 0.482422 0.112305 0.101562
0 0.687988 0.664062 0.112305 0.058594
0 0.919434 0.091309 0.083008 0.081055
0 0.503906 0.354004 0.125000 0.106445
0 0.857422 0.696289 0.111328 0.048828
0 0.479492 0.971191 0.119141 0.057617
0 0.454102 0.561035 0.078125 0.083008
0 0.608887 0.029785 0.108398 0.057617
0 0.818359 0.513184 0.070312 0.104492
0 0.977051 0.942871 0.045898 0.059570
0 0.669922 0.740723 0.080078 0.084961
0 0.353516 0.671875 0.095703 0.105469
0 0.307129 0.320801 0.096680 0.116211
0 0.750488 0.331543 0.073242 0.120117
0 0.109863 0.299805 0.102539 0.103516
0 0.815918 0.345703 0.059570 0.095703
0 0.232422 0.388184 0.083984 0.083008
0 0.703125 0.162109 0.095703 0.087891
0 0.541504 0.064941 0.106445 0.098633
0 0.533691 0.614746 0.086914 0.086914
0 0.981934 0.868652 0.036133 0.092773
0 0.412109 0.403320 0.078125 0.074219
0 0.853516 0.834961 0.101562 0.068359
0 0.978027 0.986328 0.041992 0.027344
0 0.884766 0.276367 0.101562 0.056641
0 0.325684 0.033691 0.104492 0.065430
0 0.852051 0.912598 0.096680 0.079102
0 0.886719 0.347656 0.093750 0.089844
0 0.056152 0.883789 0.077148 0.070312
0 0.176758 0.250000 0.115234 0.093750
0 0.983398 0.654297 0.033203 0.085938
0 0.978516 0.759277 0.042969 0.114258
0 0.731934 0.973633 0.090820 0.052734
0 0.134277 0.658691 0.098633 0.102539
0 0.561523 0.436523 0.074219 0.074219
0 0.322266 0.850586 0.119141 0.150391
0 0.620605 0.234863 0.141602 0.120117
0 0.928223 0.022461 0.061523 0.042969
0 0.558105 0.518066 0.081055 0.092773
0 0.686523 0.357422 0.054688 0.082031
0 0.767578 0.097656 0.095703 0.087891
0 0.840332 0.030762 0.077148 0.059570
0 0.630859 0.366211 0.060547 0.078125
0 0.204102 0.614258 0.095703 0.085938
0 0.871582 0.566895 0.108398 0.067383
