0 0.455078 0.814941 0.113281 0.120117
0 0.736328 0.748047 0.154297 0.113281
0 0.285645 0.856445 0.102539 0.089844
0 0.624023 0.752441 0.080078 0.090820
0 0.170410 0.470215 0.114258 0.075195
0 0.129883 0.340332 0.119141 0.079102
0 0.508789 0.444336 0.083984 0.070312
0 0.217285 0.882324 0.067383 0.106445
0 0.354492 0.536621 0.093750 0.104492
0 0.322266 0.438965 0.089844 0.098633
0 0.186523 0.542480 0.119141 0.075195
0 0.165527 0.902344 0.061523 0.113281
0 0.120117 0.739746 0.064453 0.102539
0 0.227539 0.610352 0.083984 0.080078
0 0.792969 0.833984 0.109375 0.070312
0 0.865723 0.965820 0.098633 0.068359
0 0.826660 0.901855 0.114258 0.094727
0 0.147461 0.410645 0.117188 0.075195
0 0.108887 0.913086 0.061523 0.097656
0 0.173828 0.739258 0.054688 0.076172
0 0.031250 0.125488 0.060547 0.108398
0 0.404297 0.644043 0.130859 0.116211
0 0.053223 0.932129 0.065430 0.092773
0 0.287109 0.974121 0.146484 0.051758
0 0.052246 0.743164 0.069336 0.117188
0 0.454102 0.408203 0.093750 0.082031
0 0.284668 0.287109 0.102539 0.099609
0 0.513184 0.625488 0.092773 0.088867
0 0.288574 0.365234 0.061523 0.056641
0 0.622070 0.545898 0.107422 0.085938
0 0.607910 0.619141 0.100586 0.060547
0 0.247070 0.698730 0.097656 0.094727
0 0.509277 0.965820 0.141602 0.068359
0 0.082031 0.191406 0.115234 0.123047
0 0.495605 0.906250 0.143555 0.072266
0 0.379395 0.347168 0.102539 0.100586
0 0.102539 0.274414 0.119141 0.080078
0 0.700684 0.257324 0.110352 0.124023
0 0.548828 0.782715 0.085938 0.084961
0 0.548828 0.482422 0.099609 0.074219
0 0.011230 0.365723 0.020508 0.083008
0 0.327637 0.920898 0.073242 0.052734
0 0.796875 0.377441 0.158203 0.153320
0 0.869629 0.489258 0.077148 0.105469
