0 0.471680 0.510417 0.085938 0.132812
0 0.390625 0.524740 0.085938 0.122396
0 0.547852 0.486979 0.089844 0.111979
0 0.298828 0.539714 0.103516 0.092448
0 0.673340 0.440755 0.174805 0.123698
0 0.912109 0.782552 0.105469 0.067708
0 0.291504 0.363281 0.081055 0.114583
0 0.561523 0.897135 0.087891 0.085938
0 0.374512 0.328776 0.104492 0.113281
0 0.031250 0.472656 0.060547 0.143229
0 0.186523 0.406901 0.132812 0.118490
0 0.893066 0.458984 0.196289 0.332031
0 0.076172 0.638672 0.070312 0.121094
0 0.473145 0.921224 0.090820 0.100260
0 0.645020 0.875651 0.077148 0.087240
0 0.393066 0.937500 0.069336 0.091146
0 0.203125 0.572917 0.109375 0.101562
0 0.718750 0.858073 0.074219 0.083333
0 0.250488 0.031901 0.069336 0.061198
0 0.203613 0.070964 0.069336 0.082031
0 0.154785 0.123047 0.069336 0.082031
0 0.024414 0.658854 0.046875 0.111979
0 0.309570 0.958984 0.097656 0.082031
0 0.210938 0.969401 0.097656 0.061198
0 0.479004 0.102865 0.182617 0.195312
0 0.675781 0.042318 0.179688 0.082031
0 0.618164 0.250000 0.236328 0.203125
0 0.787109 0.206380 0.099609 0.123698
0 0.916504 0.172526 0.166992 0.165365
0 0.079102 0.771484 0.027344 0.074219
0 0.052246 0.780599 0.028320 0.074219
0 0.019531 0.797526 0.037109 0.069010
