0 0.141113 0.644043 0.086914 0.090820
0 0.221191 0.632812 0.084961 0.099609
0 0.297852 0.615234 0.087891 0.083984
0 0.310547 0.922852 0.087891 0.064453
0 0.050293 0.652832 0.098633 0.069336
0 0.223145 0.940918 0.090820 0.075195
0 0.661133 0.836914 0.105469 0.050781
0 0.058594 0.967773 0.099609 0.064453
0 0.143555 0.954590 0.070312 0.071289
0 0.416992 0.581543 0.173828 0.094727
0 0.124512 0.496582 0.106445 0.086914
0 0.395020 0.908691 0.079102 0.067383
0 0.041016 0.520020 0.080078 0.088867
0 0.707520 0.107422 0.256836 0.177734
0 0.145996 0.099609 0.061523 0.062500
0 0.958984 0.058105 0.082031 0.114258
0 0.042969 0.239258 0.046875 0.064453
0 0.469238 0.893066 0.073242 0.063477
0 0.671387 0.373047 0.186523 0.101562
0 0.651855 0.584961 0.196289 0.244141
0 0.532715 0.408691 0.110352 0.084961
0 0.969238 0.318359 0.061523 0.115234
0 0.115723 0.153320 0.061523 0.062500
0 0.079590 0.202148 0.061523 0.062500
0 0.014160 0.264648 0.026367 0.074219
0 0.224609 0.326172 0.185547 0.144531
0 0.386230 0.261230 0.122070 0.129883
0 0.509766 0.196777 0.142578 0.163086
0 0.514648 0.098633 0.119141 0.101562
0 0.856934 0.345703 0.186523 0.101562
0 0.366211 0.446289 0.226562 0.105469
0 0.533203 0.888672 0.054688 0.046875
