0 0.627441 0.398926 0.135742 0.112305
0 0.455078 0.521973 0.140625 0.114258
0 0.631348 0.749023 0.122070 0.109375
0 0.379883 0.227539 0.125000 0.111328
0 0.799805 0.634766 0.113281 0.093750
0 0.292480 0.299316 0.145508 0.110352
0 0.717773 0.687988 0.113281 0.102539
0 0.547363 0.812012 0.129883 0.104492
0 0.546387 0.465332 0.120117 0.100586
0 0.459473 0.175781 0.135742 0.103516
0 0.895508 0.232422 0.117188 0.101562
0 0.782715 0.051758 0.157227 0.101562
0 0.150391 0.060059 0.181641 0.118164
0 0.236816 0.916992 0.104492 0.097656
0 0.072266 0.467285 0.142578 0.161133
0 0.961914 0.166016 0.076172 0.101562
0 0.633789 0.973633 0.105469 0.052734
0 0.227539 0.699707 0.144531 0.161133
0 0.158691 0.951172 0.104492 0.097656
0 0.079102 0.972656 0.087891 0.054688
