0 0.088867 0.493652 0.080078 0.122070
0 0.916992 0.602539 0.123047 0.074219
0 0.295898 0.510254 0.080078 0.108398
0 0.403320 0.753906 0.123047 0.111328
0 0.370605 0.337891 0.104492 0.117188
0 0.374512 0.515625 0.081055 0.099609
0 0.062012 0.716309 0.122070 0.125977
0 0.454590 0.521484 0.086914 0.091797
0 0.534668 0.372070 0.131836 0.117188
0 0.423828 0.974609 0.158203 0.050781
0 0.122559 0.186035 0.108398 0.094727
0 0.288574 0.100586 0.090820 0.083984
0 0.269043 0.276855 0.104492 0.088867
0 0.111816 0.328613 0.081055 0.098633
0 0.282227 0.188965 0.103516 0.088867
0 0.788086 0.374023 0.097656 0.087891
0 0.262695 0.358887 0.109375 0.075195
0 0.634766 0.654785 0.111328 0.081055
0 0.025391 0.951172 0.048828 0.097656
0 0.895996 0.162598 0.083008 0.088867
0 0.934570 0.087891 0.068359 0.078125
0 0.663086 0.552734 0.169922 0.126953
0 0.099609 0.957520 0.099609 0.084961
0 0.418945 0.047852 0.109375 0.093750
0 0.134277 0.107422 0.102539 0.062500
0 0.814453 0.609863 0.089844 0.104492
0 0.957031 0.476562 0.074219 0.066406
0 0.502930 0.067871 0.074219 0.127930
0 0.025879 0.484863 0.049805 0.108398
0 0.602051 0.717773 0.096680 0.080078
0 0.538086 0.521973 0.080078 0.065430
0 0.121094 0.257324 0.095703 0.049805
0 0.633789 0.397949 0.058594 0.084961
0 0.892578 0.767090 0.119141 0.098633
0 0.206543 0.540527 0.092773 0.083008
0 0.443848 0.373047 0.053711 0.083984
0 0.974121 0.261230 0.051758 0.075195
0 0.977051 0.766113 0.045898 0.112305
0 0.873535 0.476074 0.083008 0.059570
0 0.164062 0.038574 0.070312 0.075195
0 0.311523 0.030762 0.103516 0.059570
0 0.938965 0.360352 0.084961 0.062500
0 0.968750 0.026367 0.062500 0.050781
0 0.547852 0.980469 0.087891 0.039062
0 0.020996 0.147949 0.040039 0.065430
0 0.853027 0.217773 0.059570 0.052734
0 0.036133 0.329590 0.070312 0.086914
0 0.835449 0.259277 0.071289 0.059570
0 0.266113 0.964355 0.161133 0.071289
0 0.040527 0.020996 0.079102 0.040039
0 0.219238 0.479004 0.077148 0.059570
0 0.726074 0.427734 0.141602 0.070312
0 0.631836 0.981934 0.083984 0.036133
0 0.208984 0.517578 0.091797 0.126953
0 0.025391 0.077637 0.048828 0.075195
0 0.901367 0.439453 0.083984 0.050781
0 0.146484 0.038086 0.109375 0.074219
0 0.823730 0.316406 0.065430 0.050781
0 0.104980 0.026855 0.045898 0.051758
0 0.733398 0.268066 0.082031 0.061523
0 0.189941 0.609863 0.065430 0.055664
0 0.720215 0.989746 0.088867 0.020508
0 0.773438 0.736816 0.111328 0.151367
0 0.231445 0.724609 0.185547 0.150391
0 0.656250 0.053223 0.156250 0.104492
0 0.394531 0.043457 0.058594 0.084961
0 0.067383 0.601562 0.091797 0.093750
0 0.556152 0.066406 0.053711 0.121094
0 0.945312 0.310547 0.068359 0.048828
0 0.987793 0.604004 0.024414 0.079102
0 0.169922 0.958984 0.037109 0.082031
0 0.531738 0.755859 0.120117 0.121094
0 0.659180 0.314941 0.082031 0.061523
