0 0.053385 0.432292 0.101562 0.080729
0 0.298177 0.203125 0.153646 0.156250
0 0.486328 0.457031 0.154948 0.138021
0 0.252604 0.367188 0.161458 0.169271
0 0.387370 0.564453 0.225260 0.167969
0 0.154297 0.701823 0.152344 0.161458
0 0.138672 0.166016 0.136719 0.173177
0 0.095052 0.329427 0.125000 0.148438
0 0.731120 0.396484 0.204427 0.220052
0 0.091797 0.867188 0.165365 0.166667
0 0.057943 0.133464 0.076823 0.175781
0 0.205729 0.975260 0.143229 0.046875
0 0.192708 0.567057 0.156250 0.149740
0 0.355469 0.744141 0.140625 0.186198
0 0.394531 0.979167 0.161458 0.041667
0 0.797526 0.093750 0.141927 0.184896
0 0.911458 0.175130 0.177083 0.222656
0 0.559896 0.294271 0.169271 0.197917
0 0.667318 0.067708 0.204427 0.132812
0 0.519531 0.049479 0.101562 0.096354
0 0.457031 0.242839 0.088542 0.131510
0 0.239583 0.771484 0.091146 0.084635
0 0.376953 0.026693 0.212240 0.050781
0 0.214844 0.470703 0.130208 0.074219
0 0.020833 0.108724 0.039062 0.194010
0 0.399740 0.222656 0.104167 0.158854
0 0.047526 0.523438 0.092448 0.098958
0 0.231120 0.906250 0.149740 0.101562
0 0.027995 0.630859 0.053385 0.110677
