0 0.439941 0.447917 0.096680 0.109375
0 0.186523 0.363932 0.101562 0.115885
0 0.163574 0.475260 0.096680 0.122396
0 0.350586 0.419271 0.087891 0.111979
0 0.438965 0.261068 0.083008 0.123698
0 0.353027 0.884766 0.100586 0.110677
0 0.384766 0.714844 0.085938 0.070312
0 0.919922 0.609375 0.160156 0.101562
0 0.368652 0.222656 0.081055 0.153646
0 0.123535 0.724609 0.088867 0.100260
0 0.769531 0.551432 0.115234 0.079427
0 0.411133 0.557943 0.111328 0.118490
0 0.523926 0.276042 0.086914 0.143229
0 0.372070 0.791667 0.097656 0.083333
0 0.259277 0.455729 0.084961 0.236979
0 0.100098 0.822266 0.094727 0.097656
0 0.041504 0.331380 0.081055 0.149740
0 0.398438 0.649089 0.085938 0.074219
0 0.031250 0.442708 0.060547 0.083333
0 0.798828 0.375651 0.119141 0.141927
0 0.222656 0.194010 0.068359 0.135417
0 0.682129 0.270833 0.092773 0.072917
0 0.301270 0.180339 0.084961 0.207031
0 0.270996 0.398438 0.083008 0.127604
0 0.605957 0.587891 0.151367 0.092448
0 0.539062 0.777344 0.128906 0.294271
0 0.927734 0.422526 0.144531 0.149740
0 0.251465 0.514974 0.077148 0.118490
0 0.073730 0.962891 0.094727 0.074219
0 0.139648 0.639323 0.095703 0.072917
0 0.678711 0.362630 0.074219 0.123698
0 0.604980 0.328776 0.083008 0.102865
0 0.084961 0.900391 0.089844 0.061198
0 0.925293 0.731120 0.147461 0.079427
0 0.148926 0.565104 0.100586 0.072917
0 0.104980 0.177083 0.057617 0.075521
0 0.909668 0.804688 0.135742 0.075521
0 0.954590 0.082031 0.084961 0.161458
0 0.041016 0.094401 0.080078 0.186198
0 0.161621 0.195312 0.057617 0.075521
0 0.125977 0.063802 0.056641 0.109375
0 0.178711 0.089844 0.056641 0.109375
0 0.868164 0.058594 0.083984 0.114583
0 0.787109 0.042969 0.080078 0.083333
0 0.703613 0.020833 0.083008 0.039062
0 0.338379 0.968099 0.086914 0.063802
0 0.618652 0.508464 0.151367 0.092448
0 0.500977 0.962240 0.105469 0.075521
0 0.754883 0.625651 0.115234 0.079427
0 0.749023 0.686849 0.115234 0.079427
0 0.733398 0.757161 0.115234 0.079427
0 0.716797 0.827474 0.115234 0.079427
0 0.704102 0.896484 0.115234 0.079427
0 0.690430 0.959635 0.115234 0.080729
0 0.912109 0.926432 0.097656 0.147135
0 0.407227 0.059896 0.083984 0.114583
0 0.482422 0.089844 0.083984 0.114583
0 0.561523 0.122396 0.083984 0.114583
0 0.617188 0.151042 0.083984 0.114583
0 0.686523 0.171875 0.083984 0.114583
0 0.762695 0.199219 0.083984 0.114583
0 0.834961 0.230469 0.083984 0.114583
0 0.913086 0.278646 0.083984 0.114583
0 0.975098 0.302083 0.049805 0.114583
