0 0.894531 0.329102 0.078125 0.103516
0 0.815430 0.331543 0.080078 0.102539
0 0.454102 0.864258 0.113281 0.138672
0 0.654297 0.499023 0.089844 0.089844
0 0.733398 0.331543 0.082031 0.102539
0 0.967285 0.326172 0.065430 0.109375
0 0.367676 0.222168 0.106445 0.084961
0 0.688477 0.721191 0.126953 0.086914
0 0.414551 0.405762 0.129883 0.108398
0 0.663574 0.635742 0.092773 0.078125
0 0.429199 0.554199 0.118164 0.077148
0 0.653809 0.571289 0.075195 0.048828
0 0.153320 0.699219 0.119141 0.078125
0 0.327148 0.154785 0.136719 0.100586
0 0.128906 0.635254 0.115234 0.073242
0 0.300781 0.076660 0.109375 0.071289
0 0.389648 0.302246 0.136719 0.090820
0 0.095215 0.520996 0.116211 0.069336
0 0.892578 0.101562 0.214844 0.191406
0 0.741699 0.498535 0.077148 0.100586
0 0.879395 0.505371 0.069336 0.110352
0 0.378418 0.878906 0.061523 0.115234
0 0.324219 0.892090 0.072266 0.120117
0 0.261230 0.916504 0.073242 0.110352
0 0.076172 0.464844 0.126953 0.072266
0 0.132324 0.033691 0.084961 0.065430
0 0.040527 0.279785 0.079102 0.071289
0 0.045898 0.343262 0.089844 0.071289
0 0.178223 0.758789 0.145508 0.068359
0 0.058105 0.400391 0.114258 0.074219
0 0.107422 0.579590 0.113281 0.061523
0 0.028320 0.838379 0.054688 0.079102
0 0.177734 0.822754 0.115234 0.063477
0 0.438477 0.680176 0.138672 0.073242
0 0.982422 0.500000 0.035156 0.101562
0 0.613770 0.199707 0.139648 0.096680
0 0.047852 0.971680 0.091797 0.056641
0 0.185547 0.918945 0.085938 0.128906
0 0.040527 0.213379 0.079102 0.067383
0 0.871582 0.821777 0.122070 0.184570
0 0.020508 0.764648 0.039062 0.074219
0 0.634766 0.342285 0.117188 0.086914
0 0.276855 0.028320 0.077148 0.054688
0 0.431152 0.621094 0.131836 0.054688
0 0.031738 0.148438 0.061523 0.064453
0 0.459473 0.750488 0.102539 0.083008
0 0.970703 0.896973 0.058594 0.055664
0 0.428223 0.487305 0.116211 0.056641
0 0.942383 0.501953 0.056641 0.099609
0 0.812500 0.504883 0.064453 0.113281
0 0.609375 0.267090 0.080078 0.061523
0 0.070801 0.433105 0.135742 0.131836
0 0.016602 0.704102 0.031250 0.054688
0 0.744141 0.628906 0.066406 0.082031
0 0.042480 0.906738 0.081055 0.075195
0 0.836914 0.698242 0.167969 0.070312
0 0.691406 0.805176 0.126953 0.086914
0 0.721680 0.883789 0.173828 0.087891
0 0.047852 0.039062 0.093750 0.076172
0 0.196777 0.019043 0.065430 0.036133
