0 0.130371 0.461589 0.100586 0.110677
0 0.169922 0.626953 0.115234 0.100260
0 0.509277 0.592448 0.084961 0.093750
0 0.321289 0.584635 0.089844 0.130208
0 0.355957 0.713542 0.096680 0.138021
0 0.186523 0.722005 0.117188 0.097656
0 0.148438 0.546224 0.097656 0.108073
0 0.453125 0.543620 0.095703 0.108073
0 0.283691 0.381510 0.106445 0.138021
0 0.227051 0.811849 0.081055 0.102865
0 0.379883 0.464193 0.105469 0.139323
0 0.289062 0.486328 0.062500 0.076823
0 0.031250 0.165365 0.060547 0.145833
0 0.621582 0.727865 0.106445 0.114583
0 0.514160 0.835286 0.092773 0.115885
0 0.083008 0.245443 0.115234 0.167969
0 0.401855 0.859375 0.135742 0.153646
0 0.547363 0.645833 0.102539 0.101562
0 0.105957 0.370443 0.102539 0.102865
0 0.608398 0.826172 0.101562 0.079427
0 0.791992 0.512370 0.185547 0.217448
0 0.011230 0.487630 0.020508 0.110677
0 0.871582 0.655599 0.083008 0.139323
0 0.704102 0.344401 0.117188 0.173177
0 0.241699 0.930339 0.096680 0.123698
0 0.175781 0.966146 0.052734 0.067708
0 0.115723 0.952474 0.065430 0.095052
0 0.048340 0.945312 0.073242 0.109375
0 0.610352 0.971354 0.085938 0.057292
0 0.729980 0.962891 0.143555 0.074219
