0 0.372396 0.372559 0.177083 0.112305
0 0.271484 0.520996 0.115885 0.092773
0 0.236328 0.971191 0.212240 0.057617
0 0.164714 0.517090 0.108073 0.102539
0 0.711589 0.381836 0.131510 0.078125
0 0.261719 0.043945 0.052083 0.085938
0 0.514974 0.657715 0.144531 0.081055
0 0.552083 0.552734 0.210938 0.126953
0 0.338542 0.067383 0.098958 0.128906
0 0.847656 0.158691 0.135417 0.090820
0 0.156250 0.332520 0.164062 0.112305
0 0.752604 0.609863 0.119792 0.104492
0 0.498047 0.395508 0.082031 0.093750
0 0.383464 0.521973 0.105469 0.065430
0 0.467448 0.720703 0.130208 0.070312
0 0.910807 0.088379 0.108073 0.079102
0 0.397135 0.980469 0.117188 0.039062
0 0.252604 0.374023 0.057292 0.085938
0 0.860677 0.774414 0.158854 0.099609
0 0.804688 0.218750 0.106771 0.062500
0 0.509115 0.981934 0.111979 0.036133
0 0.779948 0.267090 0.106771 0.065430
0 0.709635 0.739258 0.156250 0.150391
0 0.628255 0.417969 0.170573 0.060547
0 0.890625 0.594238 0.161458 0.086914
0 0.643880 0.272949 0.110677 0.061523
0 0.924479 0.343750 0.109375 0.099609
0 0.567708 0.044434 0.247396 0.086914
0 0.832031 0.475098 0.109375 0.057617
0 0.757812 0.316895 0.101562 0.055664
0 0.869141 0.436035 0.092448 0.047852
0 0.967448 0.266113 0.065104 0.084961
0 0.968750 0.774902 0.062500 0.106445
0 0.408854 0.066895 0.072917 0.122070
0 0.058594 0.510254 0.109375 0.106445
0 0.630208 0.991211 0.119792 0.017578
0 0.194010 0.040527 0.091146 0.079102
0 0.071615 0.032227 0.140625 0.062500
0 0.054036 0.101562 0.105469 0.093750
0 0.054036 0.186523 0.105469 0.093750
0 0.042969 0.280273 0.083333 0.093750
0 0.039062 0.362305 0.075521 0.080078
0 0.955729 0.031738 0.088542 0.061523
0 0.063802 0.963867 0.125000 0.072266
0 0.052734 0.728516 0.102865 0.142578
0 0.200521 0.752930 0.161458 0.125000
0 0.367188 0.760742 0.161458 0.125000
0 0.944010 0.477051 0.109375 0.057617
0 0.899089 0.404785 0.092448 0.047852
0 0.547526 0.314941 0.110677 0.061523
