0 0.328125 0.901855 0.143229 0.108398
0 0.617188 0.893555 0.127604 0.113281
0 0.472656 0.890137 0.156250 0.127930
0 0.212240 0.901855 0.091146 0.112305
0 0.340495 0.733398 0.134115 0.113281
0 0.724609 0.046387 0.154948 0.090820
0 0.583333 0.726074 0.114583 0.118164
0 0.343099 0.531738 0.167969 0.155273
0 0.129557 0.461914 0.118490 0.101562
0 0.636719 0.545410 0.088542 0.098633
0 0.130208 0.668945 0.119792 0.093750
0 0.750651 0.125977 0.154948 0.085938
0 0.119141 0.901367 0.092448 0.103516
0 0.715495 0.885742 0.074219 0.099609
0 0.210938 0.525879 0.091146 0.092773
0 0.467448 0.574219 0.098958 0.089844
0 0.723307 0.697754 0.066406 0.104492
0 0.554036 0.557129 0.076823 0.096680
0 0.728516 0.539551 0.100260 0.090820
0 0.498047 0.738770 0.071615 0.122070
0 0.799479 0.687012 0.083333 0.081055
0 0.408854 0.066406 0.320312 0.072266
0 0.491536 0.024902 0.152344 0.047852
0 0.798177 0.886230 0.104167 0.100586
0 0.438151 0.733398 0.058594 0.107422
0 0.897786 0.548340 0.102865 0.077148
0 0.870443 0.709961 0.102865 0.074219
0 0.818359 0.534180 0.092448 0.089844
0 0.921875 0.312500 0.156250 0.197266
0 0.146484 0.764160 0.084635 0.079102
0 0.656250 0.168945 0.072917 0.068359
0 0.060547 0.614258 0.097656 0.091797
0 0.658203 0.328125 0.227865 0.126953
0 0.889323 0.759766 0.127604 0.052734
0 0.391927 0.187012 0.111979 0.172852
0 0.037109 0.911621 0.071615 0.135742
0 0.485677 0.170410 0.096354 0.081055
0 0.059896 0.394531 0.117188 0.101562
0 0.817057 0.191406 0.108073 0.076172
0 0.945312 0.038086 0.109375 0.074219
0 0.963542 0.113281 0.072917 0.076172
0 0.222656 0.700684 0.101562 0.092773
0 0.664714 0.714355 0.066406 0.104492
0 0.904948 0.811523 0.127604 0.052734
0 0.926432 0.889160 0.147135 0.090820
0 0.960286 0.577637 0.079427 0.086914
