0 0.728516 0.322266 0.150391 0.126302
0 0.197754 0.589844 0.081055 0.101562
0 0.567871 0.360677 0.094727 0.098958
0 0.161133 0.395833 0.125000 0.169271
0 0.402832 0.254557 0.100586 0.092448
0 0.878906 0.622396 0.193359 0.158854
0 0.389648 0.639974 0.097656 0.126302
0 0.297852 0.673177 0.111328 0.239583
0 0.560547 0.182943 0.091797 0.115885
0 0.124512 0.555990 0.067383 0.109375
0 0.568359 0.270182 0.083984 0.089844
0 0.381836 0.318359 0.083984 0.092448
0 0.944824 0.468750 0.110352 0.210938
0 0.263672 0.109375 0.185547 0.213542
0 0.890137 0.156901 0.147461 0.170573
0 0.362793 0.481771 0.125977 0.104167
0 0.262695 0.869792 0.128906 0.208333
0 0.959473 0.745443 0.081055 0.191406
0 0.592285 0.759115 0.116211 0.088542
0 0.713379 0.199870 0.135742 0.123698
0 0.475586 0.664714 0.095703 0.134115
0 0.740723 0.826172 0.088867 0.128906
0 0.579590 0.666667 0.131836 0.101562
0 0.734863 0.599609 0.137695 0.170573
0 0.378418 0.398438 0.114258 0.093750
0 0.069336 0.797526 0.126953 0.149740
0 0.161133 0.750000 0.089844 0.111979
0 0.932129 0.862630 0.098633 0.100260
0 0.064453 0.533203 0.072266 0.115885
0 0.608398 0.835938 0.095703 0.072917
0 0.426758 0.187500 0.109375 0.083333
0 0.545410 0.063151 0.088867 0.123698
0 0.013672 0.764323 0.025391 0.125000
0 0.877930 0.936849 0.126953 0.123698
0 0.970215 0.266276 0.059570 0.186198
0 0.431641 0.126302 0.103516 0.080729
0 0.566895 0.454427 0.110352 0.096354
0 0.445312 0.054688 0.099609 0.106771
0 0.560059 0.548177 0.137695 0.085938
0 0.371094 0.966797 0.097656 0.066406
0 0.742676 0.946615 0.081055 0.101562
0 0.257324 0.358073 0.106445 0.257812
0 0.013672 0.301432 0.025391 0.141927
0 0.696289 0.079427 0.107422 0.117188
0 0.067383 0.345052 0.101562 0.140625
0 0.764648 0.440755 0.214844 0.108073
0 0.729004 0.723958 0.073242 0.075521
0 0.613281 0.901042 0.095703 0.072917
0 0.624512 0.970052 0.077148 0.059896
0 0.018066 0.512370 0.034180 0.113281
