0 0.280762 0.434896 0.079102 0.177083
0 0.050293 0.372396 0.098633 0.223958
0 0.200195 0.414062 0.076172 0.187500
0 0.624023 0.411458 0.091797 0.174479
0 0.358887 0.457682 0.086914 0.157552
0 0.299316 0.252604 0.118164 0.106771
0 0.746094 0.171224 0.082031 0.084635
0 0.969727 0.561849 0.060547 0.178385
0 0.977051 0.198568 0.045898 0.274740
0 0.554688 0.229818 0.101562 0.110677
0 0.100098 0.831380 0.112305 0.199219
0 0.460938 0.313151 0.097656 0.311198
0 0.897461 0.136068 0.080078 0.118490
0 0.036621 0.048828 0.071289 0.095052
0 0.381836 0.884766 0.091797 0.201823
0 0.282715 0.783854 0.161133 0.117188
0 0.493164 0.078125 0.078125 0.104167
0 0.232422 0.303385 0.060547 0.059896
0 0.721680 0.353516 0.128906 0.160156
0 0.385742 0.301432 0.054688 0.136719
0 0.205078 0.098307 0.097656 0.194010
0 0.381836 0.054036 0.152344 0.105469
0 0.323242 0.138672 0.142578 0.128906
0 0.548828 0.317708 0.076172 0.075521
0 0.857910 0.294922 0.166992 0.160156
0 0.116699 0.063151 0.083008 0.123698
0 0.488770 0.505208 0.170898 0.088542
0 0.133301 0.407552 0.073242 0.179688
0 0.780762 0.056641 0.155273 0.110677
0 0.894043 0.035156 0.088867 0.067708
0 0.574219 0.093099 0.087891 0.115885
0 0.539062 0.014974 0.164062 0.027344
0 0.031738 0.166667 0.061523 0.140625
0 0.082031 0.182292 0.050781 0.104167
0 0.127930 0.196615 0.050781 0.104167
0 0.273926 0.923177 0.098633 0.109375
