0 0.419271 0.259766 0.312500 0.136719
0 0.692057 0.231934 0.170573 0.118164
0 0.316406 0.077637 0.093750 0.147461
0 0.333333 0.393066 0.093750 0.096680
0 0.235026 0.110840 0.079427 0.092773
0 0.534505 0.351074 0.110677 0.092773
0 0.487630 0.465820 0.227865 0.117188
0 0.456380 0.077148 0.196615 0.142578
0 0.652344 0.397461 0.101562 0.203125
0 0.781901 0.647949 0.399740 0.184570
0 0.606120 0.092285 0.089844 0.092773
0 0.159505 0.563477 0.131510 0.166016
0 0.826823 0.223633 0.109375 0.125000
0 0.776693 0.075195 0.261719 0.099609
0 0.280599 0.514160 0.175781 0.122070
0 0.939453 0.207520 0.121094 0.106445
0 0.931641 0.362305 0.126302 0.216797
0 0.154297 0.109863 0.079427 0.092773
0 0.058594 0.092285 0.114583 0.139648
0 0.072266 0.419922 0.141927 0.078125
0 0.083984 0.237793 0.165365 0.077148
0 0.051432 0.486328 0.100260 0.074219
0 0.051432 0.555664 0.100260 0.074219
0 0.051432 0.633301 0.100260 0.061523
