0 0.603516 0.397786 0.225260 0.141927
0 0.746094 0.082682 0.161458 0.162760
0 0.502604 0.888672 0.252604 0.220052
0 0.630859 0.061849 0.126302 0.121094
0 0.852865 0.102214 0.153646 0.199219
0 0.425130 0.026693 0.144531 0.050781
0 0.944010 0.122396 0.111979 0.242188
0 0.533203 0.042969 0.162760 0.083333
0 0.794922 0.878255 0.261719 0.240885
0 0.044922 0.242188 0.087240 0.203125
0 0.119141 0.686849 0.235677 0.261719
0 0.962240 0.549479 0.075521 0.104167
0 0.983073 0.204427 0.033854 0.187500
0 0.823568 0.490234 0.225260 0.141927
