0 0.391113 0.644043 0.086914 0.090820
0 0.471191 0.632812 0.084961 0.099609
0 0.547852 0.614746 0.087891 0.084961
0 0.298340 0.653320 0.102539 0.068359
0 0.308594 0.967773 0.099609 0.064453
0 0.560547 0.922852 0.087891 0.064453
0 0.473145 0.940918 0.090820 0.075195
0 0.393555 0.955078 0.070312 0.072266
0 0.912109 0.836426 0.107422 0.051758
0 0.374512 0.496582 0.106445 0.086914
0 0.291016 0.522461 0.082031 0.085938
0 0.666992 0.582031 0.173828 0.095703
0 0.210938 0.977539 0.093750 0.044922
0 0.645020 0.908203 0.079102 0.066406
0 0.109375 0.129883 0.216797 0.257812
0 0.187012 0.556641 0.133789 0.087891
0 0.397949 0.097168 0.069336 0.061523
0 0.896973 0.596680 0.200195 0.242188
0 0.030762 0.604980 0.059570 0.108398
0 0.916504 0.138672 0.166992 0.205078
0 0.719727 0.893066 0.072266 0.063477
0 0.200684 0.673828 0.104492 0.064453
0 0.077637 0.727051 0.067383 0.094727
0 0.782715 0.408691 0.110352 0.084961
0 0.373535 0.150879 0.069336 0.061523
0 0.329590 0.200684 0.069336 0.061523
0 0.250488 0.264160 0.069336 0.061523
0 0.202637 0.298340 0.069336 0.061523
0 0.153809 0.338379 0.069336 0.061523
0 0.027344 0.747070 0.052734 0.068359
0 0.912109 0.373047 0.175781 0.113281
0 0.612793 0.441406 0.231445 0.117188
0 0.473633 0.316406 0.171875 0.132812
0 0.634277 0.257324 0.133789 0.108398
0 0.763672 0.183105 0.160156 0.129883
0 0.764648 0.100586 0.119141 0.097656
0 0.019531 0.841797 0.037109 0.062500
0 0.048340 0.836426 0.026367 0.065430
0 0.080566 0.827637 0.034180 0.059570
0 0.017578 0.969238 0.033203 0.059570
