0 0.458008 0.115723 0.103516 0.125977
0 0.461914 0.280273 0.128906 0.083984
0 0.049805 0.240234 0.097656 0.093750
0 0.256348 0.602051 0.129883 0.077148
0 0.360840 0.338379 0.127930 0.114258
0 0.481934 0.493164 0.120117 0.076172
0 0.497559 0.634277 0.114258 0.086914
0 0.480957 0.413574 0.112305 0.088867
0 0.378418 0.128906 0.061523 0.115234
0 0.324219 0.142578 0.072266 0.119141
0 0.259766 0.163574 0.078125 0.114258
0 0.028320 0.088867 0.054688 0.078125
0 0.190430 0.180176 0.087891 0.131836
0 0.177246 0.072266 0.114258 0.064453
0 0.485840 0.343750 0.094727 0.052734
0 0.490723 0.561523 0.122070 0.068359
0 0.178223 0.021484 0.149414 0.041016
0 0.479492 0.892090 0.123047 0.120117
0 0.966309 0.151367 0.065430 0.066406
0 0.301270 0.424805 0.200195 0.275391
0 0.248047 0.372559 0.091797 0.149414
0 0.042480 0.156250 0.081055 0.076172
0 0.310547 0.338867 0.072266 0.117188
0 0.056152 0.466797 0.110352 0.103516
0 0.451660 0.021484 0.114258 0.041016
0 0.020996 0.025879 0.040039 0.049805
0 0.293457 0.499023 0.120117 0.126953
0 0.728027 0.134277 0.184570 0.110352
0 0.036133 0.881348 0.070312 0.096680
0 0.696777 0.054199 0.133789 0.083008
0 0.967285 0.033203 0.065430 0.064453
