0 0.495443 0.340820 0.126302 0.091797
0 0.301432 0.152832 0.154948 0.122070
0 0.248698 0.275879 0.164062 0.129883
0 0.735026 0.298340 0.207031 0.168945
0 0.531250 0.786133 0.132812 0.070312
0 0.223307 0.708496 0.178385 0.153320
0 0.414062 0.413574 0.226562 0.131836
0 0.404948 0.742676 0.135417 0.069336
0 0.141927 0.129395 0.138021 0.137695
0 0.159505 0.530762 0.139323 0.094727
0 0.358724 0.556152 0.144531 0.143555
0 0.190104 0.433594 0.138021 0.101562
0 0.299479 0.883301 0.132812 0.067383
0 0.336589 0.842285 0.154948 0.065430
0 0.553385 0.220703 0.174479 0.144531
0 0.669922 0.038574 0.191406 0.075195
0 0.524089 0.028809 0.089844 0.055664
0 0.061849 0.095703 0.110677 0.150391
0 0.288411 0.960938 0.196615 0.078125
0 0.797526 0.075684 0.123698 0.112305
0 0.243490 0.578613 0.093750 0.063477
0 0.093750 0.655273 0.161458 0.140625
0 0.207031 0.360840 0.127604 0.051758
0 0.382812 0.794922 0.153646 0.056641
0 0.457031 0.183594 0.085938 0.097656
0 0.389974 0.013184 0.188802 0.024414
0 0.401693 0.167969 0.110677 0.119141
0 0.919922 0.104980 0.160156 0.155273
0 0.082682 0.252441 0.134115 0.086914
0 0.052083 0.329102 0.101562 0.054688
0 0.048828 0.391602 0.095052 0.070312
0 0.031250 0.468750 0.059896 0.083984
0 0.091146 0.873047 0.179688 0.154297
