0 0.476074 0.152344 0.116211 0.121094
0 0.614258 0.342285 0.113281 0.102539
0 0.800781 0.298340 0.154297 0.174805
0 0.439941 0.275879 0.122070 0.129883
0 0.350586 0.121582 0.105469 0.139648
0 0.365234 0.526855 0.113281 0.120117
0 0.287598 0.332031 0.081055 0.062500
0 0.428711 0.709473 0.126953 0.161133
0 0.165527 0.067871 0.223633 0.127930
0 0.650391 0.786621 0.111328 0.084961
0 0.545898 0.407715 0.169922 0.131836
0 0.128906 0.352051 0.113281 0.159180
0 0.025391 0.489258 0.044922 0.130859
0 0.311035 0.650391 0.098633 0.125000
0 0.935059 0.132812 0.129883 0.175781
0 0.316895 0.247559 0.096680 0.108398
0 0.557617 0.742188 0.101562 0.068359
0 0.393555 0.424805 0.117188 0.109375
0 0.294922 0.098633 0.056641 0.134766
0 0.519043 0.555664 0.108398 0.144531
0 0.174316 0.419922 0.067383 0.087891
0 0.031250 0.631348 0.060547 0.069336
0 0.859863 0.068848 0.088867 0.135742
0 0.176758 0.643066 0.136719 0.096680
0 0.257812 0.458496 0.080078 0.073242
0 0.072754 0.867676 0.143555 0.223633
0 0.748535 0.052246 0.168945 0.102539
0 0.511230 0.837891 0.114258 0.066406
0 0.475586 0.886230 0.107422 0.073242
0 0.416016 0.353516 0.099609 0.054688
0 0.668457 0.234375 0.129883 0.146484
0 0.422852 0.583984 0.099609 0.091797
0 0.202637 0.556152 0.118164 0.077148
0 0.642578 0.027832 0.072266 0.053711
0 0.118652 0.537109 0.075195 0.095703
0 0.288086 0.392090 0.076172 0.069336
0 0.294434 0.877930 0.202148 0.181641
0 0.542480 0.792969 0.116211 0.072266
0 0.042969 0.270508 0.083984 0.056641
0 0.044434 0.222656 0.086914 0.056641
0 0.447266 0.955078 0.138672 0.089844
0 0.593262 0.183105 0.065430 0.098633
0 0.548828 0.168945 0.087891 0.123047
0 0.083008 0.641113 0.041016 0.053711
0 0.027344 0.020020 0.052734 0.038086
0 0.534668 0.011719 0.145508 0.021484
0 0.074219 0.505859 0.044922 0.130859
