0 0.605469 0.863770 0.151042 0.137695
0 0.551432 0.405762 0.173177 0.108398
0 0.490885 0.222168 0.143229 0.083008
0 0.204427 0.699219 0.161458 0.080078
0 0.436198 0.154785 0.179688 0.100586
0 0.572917 0.554199 0.158854 0.077148
0 0.395833 0.084961 0.140625 0.070312
0 0.520182 0.302246 0.180990 0.088867
0 0.873047 0.498047 0.118490 0.089844
0 0.171224 0.635254 0.154948 0.075195
0 0.346354 0.913574 0.104167 0.112305
0 0.432292 0.893066 0.098958 0.118164
0 0.504557 0.878906 0.082031 0.113281
0 0.236979 0.822754 0.153646 0.063477
0 0.236979 0.757812 0.192708 0.070312
0 0.245443 0.919434 0.113281 0.129883
0 0.583984 0.680176 0.186198 0.073242
0 0.868490 0.572754 0.096354 0.049805
0 0.128255 0.522949 0.152344 0.069336
0 0.364583 0.028809 0.111979 0.055664
0 0.144531 0.579590 0.151042 0.065430
0 0.614583 0.750488 0.132812 0.081055
0 0.577474 0.621094 0.180990 0.054688
0 0.388672 0.375488 0.100260 0.049805
0 0.886719 0.634766 0.127604 0.078125
0 0.066406 0.970703 0.122396 0.058594
0 0.110677 0.040039 0.216146 0.078125
0 0.570312 0.487793 0.156250 0.055664
0 0.103516 0.464355 0.162760 0.071289
0 0.848958 0.341797 0.156250 0.085938
0 0.072917 0.402832 0.143229 0.077148
0 0.062500 0.039551 0.109375 0.077148
0 0.807292 0.269043 0.093750 0.055664
0 0.813802 0.198730 0.171875 0.096680
0 0.055339 0.348145 0.108073 0.073242
0 0.049479 0.284668 0.096354 0.073242
0 0.049479 0.216309 0.096354 0.073242
0 0.042318 0.146484 0.082031 0.068359
0 0.048177 0.904297 0.093750 0.083984
0 0.035156 0.840332 0.067708 0.083008
0 0.023438 0.761230 0.044271 0.077148
0 0.917318 0.720215 0.165365 0.088867
0 0.917318 0.806152 0.165365 0.086914
0 0.923828 0.892578 0.152344 0.087891
0 0.925781 0.969238 0.148438 0.059570
0 0.962240 0.335938 0.075521 0.105469
