0 0.529297 0.679199 0.121094 0.124023
0 0.244141 0.604004 0.101562 0.077148
0 0.222656 0.739746 0.105469 0.100586
0 0.191895 0.134277 0.092773 0.094727
0 0.080566 0.731445 0.096680 0.099609
0 0.449219 0.174316 0.087891 0.071289
0 0.491211 0.440918 0.103516 0.106445
0 0.109375 0.561523 0.091797 0.125000
0 0.675781 0.333008 0.101562 0.091797
0 0.032715 0.226074 0.063477 0.100586
0 0.782715 0.625000 0.102539 0.148438
0 0.957520 0.541504 0.084961 0.125977
0 0.604004 0.784668 0.094727 0.081055
0 0.145996 0.901367 0.106445 0.125000
0 0.371582 0.727051 0.108398 0.106445
0 0.827148 0.749023 0.078125 0.074219
0 0.882812 0.198242 0.125000 0.107422
0 0.124023 0.288574 0.093750 0.098633
0 0.071289 0.384766 0.140625 0.085938
0 0.258789 0.345703 0.097656 0.103516
0 0.822754 0.847168 0.133789 0.071289
0 0.538574 0.289062 0.092773 0.074219
0 0.703613 0.858887 0.092773 0.081055
0 0.365234 0.840820 0.097656 0.074219
0 0.643555 0.266602 0.097656 0.066406
0 0.326660 0.956055 0.110352 0.087891
0 0.065918 0.077637 0.129883 0.104492
0 0.739746 0.465820 0.088867 0.140625
0 0.916504 0.398438 0.073242 0.058594
0 0.374512 0.170898 0.063477 0.076172
0 0.491211 0.534180 0.097656 0.060547
0 0.524414 0.349121 0.099609 0.069336
0 0.498535 0.590332 0.106445 0.061523
0 0.910645 0.346680 0.098633 0.060547
0 0.386230 0.316895 0.071289 0.090820
0 0.637207 0.205566 0.084961 0.063477
0 0.044922 0.976074 0.087891 0.047852
0 0.308594 0.481445 0.099609 0.068359
0 0.982910 0.688965 0.034180 0.112305
0 0.986328 0.249023 0.027344 0.087891
0 0.023438 0.852051 0.044922 0.120117
0 0.262207 0.153320 0.067383 0.078125
