0 0.675293 0.439453 0.084961 0.097656
0 0.224121 0.197266 0.166992 0.131510
0 0.491699 0.587240 0.104492 0.140625
0 0.532227 0.907552 0.117188 0.161458
0 0.245117 0.804688 0.099609 0.101562
0 0.449707 0.231771 0.088867 0.096354
0 0.099609 0.750000 0.109375 0.166667
0 0.032715 0.300781 0.063477 0.132812
0 0.959473 0.713542 0.081055 0.151042
0 0.129395 0.380208 0.063477 0.111979
0 0.652832 0.341797 0.069336 0.082031
0 0.889648 0.257812 0.113281 0.130208
0 0.258789 0.465495 0.099609 0.147135
0 0.783203 0.824219 0.097656 0.213542
0 0.033203 0.492188 0.064453 0.109375
0 0.541992 0.383464 0.080078 0.087240
0 0.741699 0.609375 0.084961 0.190104
0 0.918457 0.534505 0.065430 0.074219
0 0.491211 0.707031 0.097656 0.080729
0 0.515625 0.460938 0.083984 0.083333
0 0.378418 0.227214 0.055664 0.100260
0 0.498535 0.787109 0.104492 0.082031
0 0.063965 0.104167 0.125977 0.135417
0 0.387695 0.429688 0.080078 0.130208
0 0.912109 0.454427 0.101562 0.098958
0 0.629883 0.281250 0.083984 0.080729
0 0.307617 0.640625 0.099609 0.085938
0 0.988281 0.337240 0.023438 0.104167
0 0.081543 0.954427 0.084961 0.088542
0 0.227539 0.958333 0.105469 0.083333
0 0.982910 0.912109 0.034180 0.141927
0 0.812988 0.973307 0.088867 0.053385
0 0.372070 0.949219 0.099609 0.101562
0 0.101562 0.513672 0.082031 0.110677
