0 0.321289 0.793457 0.085938 0.108398
0 0.077148 0.640137 0.062500 0.127930
0 0.215332 0.644531 0.090820 0.117188
0 0.406738 0.790039 0.086914 0.103516
0 0.878418 0.871582 0.102539 0.094727
0 0.481934 0.786133 0.061523 0.107422
0 0.235840 0.796875 0.084961 0.101562
0 0.154785 0.805176 0.084961 0.120117
0 0.165527 0.900391 0.104492 0.068359
0 0.889160 0.957520 0.104492 0.073242
0 0.798340 0.277344 0.118164 0.095703
0 0.623535 0.350098 0.088867 0.108398
0 0.449707 0.076172 0.153320 0.146484
0 0.747070 0.159668 0.123047 0.145508
0 0.024902 0.649902 0.047852 0.108398
0 0.575195 0.260742 0.070312 0.093750
0 0.529297 0.187012 0.070312 0.069336
0 0.182617 0.479492 0.078125 0.134766
0 0.860840 0.513184 0.139648 0.081055
0 0.229980 0.301270 0.071289 0.110352
0 0.165527 0.967773 0.106445 0.064453
0 0.454590 0.641602 0.118164 0.095703
0 0.286133 0.636230 0.054688 0.100586
0 0.650391 0.799316 0.169922 0.149414
0 0.416992 0.299316 0.072266 0.071289
0 0.867188 0.587891 0.138672 0.076172
0 0.027832 0.480957 0.053711 0.104492
0 0.848633 0.442383 0.142578 0.062500
0 0.851562 0.120117 0.111328 0.091797
0 0.296387 0.449219 0.055664 0.105469
0 0.597168 0.628906 0.081055 0.078125
0 0.101074 0.327148 0.079102 0.095703
0 0.025879 0.879883 0.049805 0.072266
0 0.349609 0.636719 0.082031 0.101562
0 0.164551 0.312012 0.055664 0.106445
0 0.123047 0.488770 0.052734 0.124023
0 0.826660 0.369141 0.135742 0.083984
0 0.679199 0.606445 0.100586 0.132812
0 0.352539 0.438477 0.064453 0.091797
0 0.078613 0.484375 0.043945 0.109375
0 0.547852 0.478027 0.068359 0.069336
0 0.571777 0.552246 0.073242 0.069336
0 0.033691 0.288086 0.065430 0.148438
0 0.490723 0.340332 0.086914 0.088867
0 0.402344 0.460449 0.078125 0.073242
0 0.883301 0.719727 0.145508 0.191406
0 0.412109 0.515137 0.082031 0.067383
0 0.422852 0.564941 0.089844 0.067383
0 0.355469 0.287109 0.058594 0.091797
0 0.936035 0.079590 0.114258 0.114258
0 0.022949 0.808105 0.043945 0.071289
0 0.973633 0.028320 0.052734 0.054688
0 0.295898 0.289062 0.068359 0.091797
0 0.914551 0.244141 0.116211 0.064453
0 0.514648 0.981934 0.125000 0.036133
0 0.537598 0.409180 0.088867 0.082031
0 0.248047 0.074219 0.179688 0.119141
0 0.054688 0.018555 0.087891 0.035156
0 0.658203 0.468750 0.105469 0.140625
0 0.025879 0.946289 0.049805 0.072266
0 0.296875 0.923828 0.150391 0.132812
0 0.539551 0.785645 0.049805 0.108398
0 0.138184 0.648438 0.057617 0.119141
0 0.249512 0.465820 0.055664 0.105469
