0 0.896973 0.190430 0.114258 0.117188
0 0.712891 0.497070 0.144531 0.101562
0 0.526855 0.819336 0.090820 0.113281
0 0.885742 0.497559 0.078125 0.073242
0 0.072754 0.740234 0.092773 0.083984
0 0.598633 0.894531 0.146484 0.140625
0 0.425781 0.716309 0.083984 0.081055
0 0.727539 0.782715 0.087891 0.096680
0 0.862793 0.635254 0.120117 0.077148
0 0.482422 0.758789 0.085938 0.083984
0 0.253418 0.562500 0.084961 0.080078
0 0.179688 0.432129 0.105469 0.094727
0 0.771973 0.844238 0.067383 0.079102
0 0.848633 0.759766 0.115234 0.078125
0 0.459473 0.127930 0.100586 0.099609
0 0.266602 0.132812 0.138672 0.134766
0 0.693848 0.608398 0.108398 0.056641
0 0.691895 0.948242 0.084961 0.082031
0 0.363281 0.439453 0.076172 0.064453
0 0.109863 0.482422 0.112305 0.101562
0 0.687988 0.664062 0.112305 0.058594
0 0.919434 0.091309 0.083008 0.081055
0 0.500488 0.353027 0.137695 0.116211
0 0.857422 0.696289 0.111328 0.048828
0 0.479492 0.971191 0.119141 0.057617
0 0.465820 0.561523 0.082031 0.082031
0 0.608887 0.029785 0.108398 0.057617
0 0.815918 0.510254 0.063477 0.098633
0 0.977051 0.942871 0.045898 0.059570
0 0.669922 0.740723 0.080078 0.084961
0 0.373047 0.666992 0.099609 0.101562
0 0.307129 0.320801 0.096680 0.116211
0 0.752930 0.327637 0.070312 0.127930
0 0.108398 0.299805 0.105469 0.091797
0 0.816406 0.347656 0.044922 0.091797
0 0.232422 0.388184 0.083984 0.083008
0 0.708008 0.162598 0.085938 0.084961
0 0.529297 0.063477 0.082031 0.080078
0 0.530762 0.617188 0.104492 0.101562
0 0.408691 0.398926 0.067383 0.067383
0 0.853516 0.834961 0.101562 0.068359
0 0.978027 0.986328 0.041992 0.027344
0 0.979004 0.864258 0.041992 0.101562
0 0.884766 0.276367 0.101562 0.056641
0 0.330566 0.033691 0.104492 0.065430
0 0.852051 0.912598 0.096680 0.079102
0 0.885254 0.347656 0.098633 0.091797
0 0.056152 0.883789 0.077148 0.070312
0 0.983398 0.654297 0.033203 0.085938
0 0.981445 0.753418 0.037109 0.110352
0 0.739258 0.973145 0.089844 0.047852
0 0.130371 0.655762 0.108398 0.094727
0 0.561523 0.436523 0.074219 0.074219
0 0.311523 0.854492 0.119141 0.150391
0 0.614746 0.230957 0.124023 0.110352
0 0.928223 0.022461 0.061523 0.042969
0 0.558105 0.518066 0.081055 0.092773
0 0.686523 0.357422 0.054688 0.082031
0 0.420898 0.490234 0.076172 0.064453
0 0.631836 0.364746 0.058594 0.077148
0 0.770508 0.092773 0.085938 0.085938
0 0.839355 0.028320 0.055664 0.054688
0 0.874512 0.564941 0.096680 0.063477
0 0.317871 0.611328 0.055664 0.064453
0 0.170898 0.247070 0.105469 0.091797
0 0.387695 0.215332 0.105469 0.106445
0 0.200195 0.614746 0.093750 0.094727
0 0.075684 0.588379 0.071289 0.069336
0 0.020996 0.816406 0.040039 0.089844
0 0.025391 0.604980 0.048828 0.112305
