0 0.321777 0.723958 0.088867 0.143229
0 0.213379 0.524089 0.096680 0.152344
0 0.077637 0.520182 0.063477 0.170573
0 0.235840 0.728516 0.083008 0.134115
0 0.875488 0.834635 0.096680 0.114583
0 0.406738 0.719401 0.086914 0.136719
0 0.487793 0.716797 0.075195 0.147135
0 0.154785 0.739583 0.084961 0.158854
0 0.862793 0.348958 0.133789 0.088542
0 0.024902 0.533203 0.047852 0.144531
0 0.166016 0.865885 0.105469 0.093750
0 0.183594 0.299479 0.078125 0.166667
0 0.856445 0.261719 0.140625 0.083333
0 0.437500 0.523438 0.111328 0.127604
0 0.625000 0.135417 0.087891 0.135417
0 0.027344 0.319661 0.052734 0.141927
0 0.595703 0.500000 0.082031 0.104167
0 0.680176 0.473307 0.098633 0.178385
0 0.287109 0.514323 0.056641 0.132812
0 0.865234 0.449219 0.130859 0.104167
0 0.291992 0.259766 0.046875 0.131510
0 0.647461 0.727214 0.167969 0.196615
0 0.024902 0.738281 0.047852 0.106771
0 0.830078 0.159505 0.123047 0.121094
0 0.574219 0.392578 0.074219 0.095052
0 0.892090 0.936198 0.106445 0.088542
0 0.401855 0.280599 0.077148 0.100260
0 0.878906 0.632812 0.142578 0.242188
0 0.351074 0.246745 0.077148 0.121094
0 0.121094 0.317708 0.052734 0.161458
0 0.347656 0.515625 0.078125 0.135417
0 0.165039 0.954427 0.105469 0.083333
0 0.551270 0.308594 0.071289 0.096354
0 0.078125 0.319661 0.042969 0.144531
0 0.097656 0.104167 0.074219 0.127604
0 0.542480 0.217448 0.079102 0.098958
0 0.022949 0.939453 0.043945 0.121094
0 0.418945 0.351562 0.083984 0.078125
0 0.427246 0.420573 0.094727 0.088542
0 0.544434 0.714844 0.038086 0.151042
0 0.031738 0.075521 0.061523 0.148438
0 0.493164 0.124349 0.097656 0.123698
0 0.227539 0.065755 0.064453 0.128906
0 0.520020 0.957031 0.104492 0.085938
0 0.297852 0.895833 0.148438 0.161458
0 0.024414 0.832682 0.046875 0.087240
0 0.133789 0.530599 0.058594 0.147135
0 0.249023 0.281901 0.046875 0.131510
0 0.166504 0.087891 0.057617 0.110677
0 0.291016 0.055339 0.076172 0.108073
0 0.358398 0.050130 0.060547 0.097656
0 0.424316 0.059896 0.065430 0.104167
0 0.657715 0.287109 0.098633 0.186198
0 0.585938 0.039062 0.074219 0.075521
0 0.795898 0.049479 0.132812 0.096354
