0 0.537109 0.760742 0.178385 0.125000
0 0.396484 0.100586 0.121094 0.083984
0 0.394531 0.510742 0.106771 0.107422
0 0.712240 0.372559 0.184896 0.112305
0 0.162760 0.186035 0.145833 0.094727
0 0.487630 0.336914 0.165365 0.111328
0 0.354818 0.274414 0.126302 0.089844
0 0.118490 0.493652 0.106771 0.124023
0 0.500000 0.516113 0.109375 0.100586
0 0.606120 0.520996 0.115885 0.090820
0 0.572917 0.974609 0.205729 0.050781
0 0.377604 0.188965 0.138021 0.088867
0 0.339193 0.359375 0.147135 0.074219
0 0.149740 0.324219 0.093750 0.091797
0 0.558594 0.047852 0.145833 0.093750
0 0.178385 0.107422 0.138021 0.062500
0 0.837891 0.657715 0.139323 0.079102
0 0.414714 0.030762 0.139323 0.059570
0 0.664062 0.056152 0.083333 0.106445
0 0.283203 0.541992 0.105469 0.080078
0 0.161458 0.257324 0.127604 0.049805
0 0.798177 0.719238 0.119792 0.075195
0 0.717448 0.521973 0.106771 0.065430
0 0.083333 0.719727 0.156250 0.134766
0 0.730469 0.980469 0.117188 0.039062
0 0.293620 0.479004 0.100260 0.059570
0 0.589193 0.370117 0.071615 0.083984
0 0.220052 0.038086 0.096354 0.074219
0 0.355469 0.966309 0.216146 0.067383
0 0.135417 0.955566 0.119792 0.088867
0 0.040365 0.950684 0.078125 0.098633
0 0.253906 0.610352 0.088542 0.054688
0 0.842448 0.981934 0.111979 0.036133
0 0.308594 0.724609 0.247396 0.152344
0 0.836589 0.396973 0.087240 0.096680
0 0.949870 0.988281 0.100260 0.023438
0 0.884766 0.553711 0.217448 0.136719
0 0.052734 0.020020 0.100260 0.038086
0 0.740885 0.062500 0.072917 0.113281
0 0.029297 0.081543 0.055990 0.077148
0 0.027995 0.149414 0.053385 0.066406
0 0.027995 0.211914 0.053385 0.066406
0 0.050781 0.332031 0.098958 0.091797
0 0.141927 0.024902 0.070312 0.047852
0 0.917318 0.415039 0.092448 0.060547
0 0.886719 0.053711 0.226562 0.105469
0 0.876302 0.317383 0.114583 0.076172
0 0.960286 0.276367 0.079427 0.070312
0 0.697917 0.762695 0.140625 0.119141
0 0.034505 0.490234 0.066406 0.115234
0 0.095052 0.603027 0.117188 0.102539
0 0.220703 0.959473 0.053385 0.081055
