0 0.450195 0.522461 0.099609 0.107422
0 0.263672 0.562988 0.199219 0.206055
0 0.728027 0.742188 0.151367 0.091797
0 0.548340 0.538574 0.083008 0.106445
0 0.559082 0.631348 0.092773 0.081055
0 0.195801 0.943848 0.083008 0.092773
0 0.712402 0.650879 0.139648 0.088867
0 0.898926 0.286621 0.112305 0.083008
0 0.666504 0.209961 0.106445 0.150391
0 0.567383 0.770020 0.095703 0.073242
0 0.889648 0.617676 0.150391 0.127930
0 0.390625 0.966797 0.097656 0.066406
0 0.567871 0.702148 0.083008 0.066406
0 0.076172 0.091797 0.119141 0.121094
0 0.289551 0.358398 0.208008 0.208984
0 0.699219 0.565430 0.128906 0.087891
0 0.157227 0.791504 0.111328 0.094727
0 0.733887 0.942383 0.147461 0.115234
0 0.808105 0.242188 0.100586 0.070312
0 0.418457 0.145996 0.135742 0.096680
0 0.302734 0.956543 0.113281 0.086914
0 0.150391 0.114746 0.082031 0.086914
0 0.282715 0.127930 0.090820 0.085938
0 0.212402 0.118164 0.071289 0.076172
0 0.695801 0.464844 0.129883 0.109375
0 0.121582 0.920410 0.079102 0.090820
0 0.367676 0.857422 0.108398 0.064453
0 0.567383 0.155273 0.123047 0.136719
0 0.944824 0.852051 0.110352 0.159180
0 0.455078 0.055664 0.119141 0.093750
0 0.761719 0.336914 0.113281 0.064453
0 0.727051 0.386719 0.106445 0.072266
0 0.611816 0.034668 0.096680 0.067383
0 0.400391 0.684082 0.095703 0.049805
0 0.381348 0.741699 0.081055 0.057617
0 0.763184 0.059082 0.096680 0.116211
0 0.062012 0.758789 0.114258 0.103516
0 0.880371 0.952637 0.190430 0.094727
0 0.375000 0.794434 0.113281 0.051758
0 0.061035 0.900879 0.077148 0.088867
0 0.544434 0.374023 0.200195 0.175781
0 0.331055 0.141602 0.054688 0.054688
0 0.679199 0.080078 0.061523 0.048828
0 0.567871 0.840820 0.108398 0.072266
0 0.791992 0.292480 0.115234 0.073242
0 0.377930 0.046387 0.083984 0.090820
0 0.581543 0.983887 0.127930 0.032227
0 0.251953 0.770996 0.089844 0.192383
0 0.566406 0.911133 0.128906 0.060547
0 0.964355 0.700195 0.071289 0.146484
0 0.767090 0.829590 0.217773 0.084961
0 0.477539 0.973633 0.072266 0.052734
0 0.427734 0.619629 0.111328 0.081055
