0 0.088867 0.493652 0.080078 0.122070
0 0.918457 0.595215 0.125977 0.088867
0 0.295898 0.510254 0.080078 0.108398
0 0.400391 0.756348 0.130859 0.106445
0 0.370605 0.346680 0.124023 0.111328
0 0.374512 0.515625 0.081055 0.099609
0 0.062012 0.716309 0.122070 0.125977
0 0.454590 0.521484 0.086914 0.091797
0 0.535645 0.372559 0.131836 0.118164
0 0.430176 0.973633 0.161133 0.052734
0 0.122559 0.186035 0.108398 0.094727
0 0.288574 0.100586 0.090820 0.083984
0 0.266113 0.273926 0.110352 0.094727
0 0.111816 0.328613 0.081055 0.098633
0 0.282227 0.188965 0.103516 0.088867
0 0.783691 0.372559 0.096680 0.083008
0 0.254883 0.358887 0.109375 0.075195
0 0.626953 0.659180 0.091797 0.072266
0 0.025879 0.946289 0.049805 0.107422
0 0.891602 0.159180 0.087891 0.083984
0 0.935547 0.084473 0.072266 0.073242
0 0.655273 0.558105 0.156250 0.127930
0 0.167480 0.957520 0.040039 0.084961
0 0.443848 0.042969 0.041992 0.083984
0 0.134277 0.107422 0.102539 0.062500
0 0.814453 0.609863 0.089844 0.104492
0 0.957031 0.475586 0.074219 0.066406
0 0.502930 0.067871 0.074219 0.127930
0 0.025879 0.484863 0.049805 0.108398
0 0.590820 0.711914 0.080078 0.064453
0 0.538086 0.521973 0.080078 0.065430
0 0.121094 0.257324 0.095703 0.049805
0 0.100586 0.955078 0.093750 0.089844
0 0.630371 0.395020 0.053711 0.088867
0 0.898438 0.774902 0.119141 0.098633
0 0.210449 0.544434 0.084961 0.075195
0 0.449707 0.373047 0.041992 0.083984
0 0.974121 0.261230 0.051758 0.075195
0 0.977051 0.773926 0.045898 0.112305
0 0.873535 0.479004 0.083008 0.059570
0 0.164062 0.038574 0.070312 0.075195
0 0.311523 0.030762 0.103516 0.059570
0 0.938965 0.360352 0.084961 0.062500
0 0.968750 0.027344 0.062500 0.052734
0 0.919922 0.408691 0.070312 0.047852
0 0.547852 0.980469 0.087891 0.039062
0 0.020996 0.147949 0.040039 0.065430
0 0.852539 0.220703 0.062500 0.054688
0 0.036133 0.329590 0.070312 0.086914
0 0.835449 0.260254 0.069336 0.055664
0 0.266113 0.964355 0.161133 0.071289
0 0.040527 0.020996 0.079102 0.040039
0 0.219238 0.479004 0.077148 0.059570
0 0.722168 0.422363 0.129883 0.069336
0 0.630859 0.984863 0.082031 0.030273
0 0.025391 0.077637 0.048828 0.075195
0 0.904297 0.431641 0.070312 0.044922
0 0.146484 0.038086 0.109375 0.074219
0 0.815430 0.315918 0.074219 0.055664
0 0.732422 0.272949 0.082031 0.061523
0 0.189941 0.609863 0.065430 0.055664
0 0.723633 0.991211 0.087891 0.017578
0 0.024414 0.134766 0.046875 0.089844
0 0.777832 0.736816 0.124023 0.151367
0 0.242188 0.718750 0.185547 0.150391
0 0.661621 0.048340 0.166992 0.094727
0 0.026855 0.111816 0.051758 0.131836
0 0.391602 0.043457 0.058594 0.084961
0 0.067383 0.601562 0.091797 0.093750
0 0.556152 0.066406 0.053711 0.121094
0 0.945312 0.310547 0.068359 0.048828
0 0.988281 0.595215 0.023438 0.088867
0 0.527832 0.763672 0.114258 0.113281
0 0.657227 0.315918 0.082031 0.061523
