0 0.522135 0.526693 0.117188 0.113281
0 0.728516 0.491536 0.110677 0.108073
0 0.887370 0.447266 0.225260 0.105469
0 0.627604 0.509115 0.104167 0.117188
0 0.410807 0.957031 0.136719 0.075521
0 0.499349 0.332031 0.136719 0.114583
0 0.748047 0.897135 0.121094 0.088542
0 0.626302 0.925781 0.125000 0.085938
0 0.860677 0.875651 0.109375 0.087240
0 0.391276 0.550781 0.141927 0.088542
0 0.280599 0.968099 0.128906 0.063802
0 0.388021 0.369792 0.109375 0.114583
0 0.521484 0.938151 0.092448 0.084635
0 0.252604 0.406250 0.174479 0.119792
0 0.039062 0.473307 0.075521 0.144531
0 0.337240 0.035807 0.088542 0.069010
0 0.041667 0.656901 0.080729 0.113281
0 0.955078 0.857422 0.089844 0.089844
0 0.031250 0.792318 0.049479 0.066406
0 0.632161 0.102865 0.246094 0.195312
0 0.100911 0.639323 0.082031 0.127604
0 0.087240 0.775391 0.070312 0.069010
0 0.264974 0.572266 0.141927 0.087240
0 0.029297 0.941406 0.055990 0.072917
0 0.874349 0.046875 0.251302 0.091146
0 0.833984 0.257812 0.332031 0.166667
0 0.269531 0.072917 0.088542 0.070312
0 0.205078 0.110026 0.084635 0.092448
