0 0.373047 0.429199 0.160156 0.124023
0 0.301432 0.197266 0.097656 0.091797
0 0.606120 0.832031 0.214844 0.101562
0 0.567057 0.082031 0.134115 0.091797
0 0.709635 0.367188 0.132812 0.158203
0 0.472005 0.534668 0.126302 0.083008
0 0.755859 0.500000 0.097656 0.072266
0 0.402344 0.892578 0.140625 0.087891
0 0.606120 0.608887 0.128906 0.081055
0 0.259766 0.939453 0.170573 0.091797
0 0.382161 0.040039 0.123698 0.070312
0 0.638672 0.209961 0.141927 0.148438
0 0.765625 0.597168 0.182292 0.073242
0 0.165365 0.469238 0.130208 0.100586
0 0.865885 0.837402 0.122396 0.061523
0 0.366536 0.099121 0.131510 0.069336
0 0.804688 0.780762 0.184896 0.077148
0 0.521484 0.024414 0.131510 0.046875
0 0.321615 0.284180 0.130208 0.060547
0 0.148438 0.597168 0.148438 0.084961
0 0.098958 0.710938 0.174479 0.123047
0 0.330078 0.339844 0.141927 0.064453
0 0.889323 0.934570 0.132812 0.130859
0 0.184245 0.072266 0.105469 0.087891
0 0.146484 0.974609 0.175781 0.050781
0 0.690104 0.982422 0.156250 0.035156
0 0.886719 0.121582 0.153646 0.131836
0 0.942708 0.292969 0.109375 0.126953
0 0.041667 0.094238 0.080729 0.133789
0 0.072266 0.222656 0.134115 0.076172
0 0.976562 0.437012 0.046875 0.120117
