0 0.585286 0.112630 0.131510 0.110677
0 0.470703 0.087891 0.115885 0.115885
0 0.470703 0.551432 0.141927 0.115885
0 0.908854 0.042969 0.114583 0.083333
0 0.420573 0.774089 0.132812 0.136719
0 0.516927 0.378906 0.132812 0.083333
0 0.486328 0.453776 0.147135 0.097656
0 0.132161 0.482422 0.108073 0.108073
0 0.444661 0.652995 0.128906 0.108073
0 0.199219 0.235026 0.117188 0.061198
0 0.597005 0.927083 0.147135 0.130208
0 0.216797 0.141927 0.128906 0.127604
0 0.524740 0.306641 0.132812 0.069010
0 0.163411 0.383464 0.121094 0.102865
0 0.085938 0.729818 0.151042 0.082031
0 0.042318 0.108073 0.082031 0.083333
0 0.060547 0.035156 0.118490 0.067708
0 0.546875 0.222656 0.151042 0.117188
0 0.122396 0.824870 0.234375 0.100260
0 0.796875 0.027344 0.127604 0.052083
0 0.656250 0.680990 0.143229 0.164062
0 0.095052 0.643880 0.119792 0.095052
0 0.977865 0.048177 0.044271 0.093750
0 0.712240 0.448568 0.179688 0.311198
0 0.364583 0.066406 0.101562 0.104167
0 0.251953 0.044271 0.136719 0.085938
0 0.839193 0.944010 0.162760 0.075521
0 0.813151 0.263021 0.204427 0.114583
0 0.187500 0.296875 0.117188 0.062500
0 0.115885 0.566406 0.119792 0.067708
0 0.103516 0.912760 0.204427 0.098958
0 0.370443 0.918620 0.162760 0.162760
0 0.326172 0.184245 0.113281 0.115885
0 0.833984 0.175781 0.204427 0.114583
0 0.623698 0.813802 0.132812 0.106771
0 0.861328 0.880208 0.162760 0.075521
0 0.878255 0.811198 0.162760 0.075521
0 0.905599 0.705729 0.162760 0.075521
0 0.918620 0.639323 0.162760 0.075521
0 0.932943 0.558594 0.134115 0.080729
0 0.940755 0.493490 0.118490 0.075521
0 0.951172 0.417969 0.097656 0.072917
0 0.958984 0.348958 0.082031 0.065104
0 0.966146 0.274740 0.067708 0.070312
0 0.974609 0.202474 0.050781 0.074219
