0 0.529297 0.429199 0.121094 0.124023
0 0.244141 0.354004 0.101562 0.077148
0 0.222656 0.489746 0.105469 0.100586
0 0.080566 0.481445 0.096680 0.099609
0 0.491211 0.190430 0.103516 0.105469
0 0.109863 0.311523 0.090820 0.125000
0 0.604492 0.534668 0.095703 0.081055
0 0.818848 0.497559 0.079102 0.077148
0 0.782227 0.365723 0.103516 0.155273
0 0.162109 0.945801 0.109375 0.094727
0 0.336426 0.710938 0.108398 0.103516
0 0.154297 0.654297 0.095703 0.113281
0 0.957520 0.291504 0.084961 0.125977
0 0.675293 0.082031 0.100586 0.091797
0 0.704590 0.832031 0.161133 0.101562
0 0.371582 0.477051 0.108398 0.106445
0 0.255371 0.095703 0.102539 0.105469
0 0.705078 0.608398 0.097656 0.080078
0 0.356934 0.590820 0.114258 0.089844
0 0.036133 0.121582 0.070312 0.083008
0 0.445312 0.945801 0.125000 0.081055
0 0.545898 0.889160 0.095703 0.073242
0 0.824219 0.597656 0.138672 0.072266
0 0.289062 0.842285 0.072266 0.069336
0 0.132324 0.037109 0.071289 0.072266
0 0.728516 0.210938 0.109375 0.150391
0 0.536133 0.040039 0.093750 0.070312
0 0.918457 0.967773 0.090820 0.062500
0 0.491211 0.284180 0.097656 0.060547
0 0.892578 0.833008 0.082031 0.066406
0 0.854980 0.780762 0.133789 0.073242
0 0.041016 0.745117 0.080078 0.083984
0 0.929199 0.149902 0.088867 0.057617
0 0.640625 0.023438 0.099609 0.044922
0 0.523926 0.099609 0.098633 0.068359
0 0.498535 0.340332 0.106445 0.061523
0 0.308105 0.231445 0.100586 0.068359
0 0.387695 0.064941 0.078125 0.088867
0 0.981934 0.432129 0.036133 0.120117
0 0.911621 0.086426 0.098633 0.065430
0 0.342285 0.976074 0.114258 0.047852
0 0.910645 0.904785 0.083008 0.067383
0 0.023438 0.602539 0.044922 0.121094
0 0.043945 0.013184 0.085938 0.024414
0 0.100098 0.141113 0.071289 0.083008
