0 0.856445 0.899414 0.154297 0.201172
0 0.166992 0.328613 0.064453 0.057617
0 0.095703 0.305176 0.078125 0.086914
0 0.731445 0.059082 0.111328 0.110352
0 0.354980 0.801270 0.071289 0.069336
0 0.786133 0.462891 0.087891 0.089844
0 0.318359 0.641602 0.064453 0.080078
0 0.116699 0.578125 0.075195 0.080078
0 0.037109 0.156738 0.072266 0.088867
0 0.209473 0.758789 0.083008 0.072266
0 0.459961 0.906738 0.068359 0.063477
0 0.374512 0.152344 0.139648 0.091797
0 0.251465 0.617188 0.073242 0.080078
0 0.182129 0.594238 0.075195 0.077148
0 0.095215 0.872559 0.075195 0.084961
0 0.224121 0.458008 0.077148 0.097656
0 0.370117 0.274414 0.083984 0.078125
0 0.289551 0.773438 0.073242 0.068359
0 0.142578 0.459473 0.074219 0.059570
0 0.064941 0.034668 0.079102 0.067383
0 0.440430 0.298340 0.080078 0.088867
0 0.606445 0.369141 0.095703 0.080078
0 0.973145 0.393555 0.053711 0.107422
0 0.093262 0.177246 0.061523 0.086914
0 0.714844 0.439453 0.095703 0.074219
0 0.540039 0.330566 0.097656 0.090820
0 0.887207 0.514648 0.149414 0.105469
0 0.369629 0.515137 0.088867 0.073242
0 0.290039 0.479980 0.083984 0.102539
0 0.068848 0.725098 0.077148 0.077148
0 0.884766 0.148926 0.140625 0.116211
0 0.758789 0.179688 0.150391 0.138672
0 0.084473 0.438477 0.061523 0.058594
0 0.308105 0.376465 0.069336 0.069336
0 0.017578 0.732910 0.033203 0.071289
0 0.372559 0.391602 0.084961 0.076172
0 0.981934 0.544434 0.036133 0.090820
0 0.192383 0.052734 0.160156 0.103516
0 0.643066 0.556152 0.057617 0.079102
0 0.178223 0.879395 0.077148 0.079102
0 0.607910 0.530273 0.055664 0.076172
0 0.145020 0.743164 0.067383 0.058594
0 0.320801 0.038574 0.071289 0.075195
0 0.031250 0.877441 0.060547 0.098633
0 0.678223 0.578613 0.059570 0.083008
0 0.032227 0.281250 0.062500 0.078125
0 0.208496 0.190918 0.147461 0.088867
0 0.504395 0.121582 0.084961 0.094727
0 0.389160 0.034668 0.075195 0.067383
0 0.471680 0.652832 0.082031 0.075195
0 0.092773 0.970703 0.074219 0.058594
0 0.974609 0.900391 0.050781 0.087891
0 0.318359 0.927734 0.060547 0.074219
0 0.909668 0.379395 0.077148 0.075195
0 0.983398 0.677246 0.033203 0.096680
0 0.568359 0.504883 0.076172 0.074219
0 0.237305 0.903320 0.062500 0.062500
0 0.752930 0.613281 0.056641 0.093750
0 0.150391 0.402344 0.072266 0.060547
0 0.530762 0.971191 0.067383 0.057617
0 0.237793 0.345215 0.088867 0.075195
0 0.017578 0.421875 0.033203 0.076172
0 0.829102 0.644531 0.054688 0.103516
0 0.970215 0.116699 0.059570 0.104492
0 0.380859 0.948730 0.070312 0.077148
0 0.373535 0.496094 0.090820 0.105469
0 0.440430 0.511719 0.070312 0.060547
0 0.847656 0.352051 0.070312 0.071289
0 0.710938 0.598145 0.052734 0.088867
0 0.500488 0.809570 0.086914 0.082031
0 0.486816 0.023438 0.084961 0.044922
0 0.436523 0.814453 0.064453 0.080078
0 0.153320 0.679199 0.083984 0.057617
0 0.875488 0.657715 0.047852 0.102539
0 0.029297 0.013184 0.056641 0.024414
0 0.915527 0.671387 0.045898 0.102539
0 0.569336 0.013672 0.091797 0.025391
0 0.953613 0.674316 0.045898 0.102539
0 0.471680 0.975098 0.050781 0.049805
0 0.158203 0.975098 0.052734 0.049805
0 0.037598 0.579102 0.073242 0.080078
