0 0.887207 0.437988 0.088867 0.133789
0 0.443848 0.113770 0.137695 0.104492
0 0.617188 0.038086 0.115234 0.074219
0 0.393555 0.775391 0.138672 0.144531
0 0.843750 0.281250 0.082031 0.175781
0 0.403809 0.236328 0.114258 0.115234
0 0.781738 0.797852 0.079102 0.123047
0 0.400391 0.907715 0.105469 0.116211
0 0.721680 0.931152 0.107422 0.133789
0 0.512695 0.610840 0.130859 0.100586
0 0.385254 0.982422 0.114258 0.035156
0 0.020996 0.624512 0.040039 0.133789
0 0.641602 0.604004 0.136719 0.098633
0 0.724609 0.695801 0.093750 0.116211
0 0.290527 0.200195 0.100586 0.093750
0 0.032715 0.236328 0.063477 0.121094
0 0.098145 0.181641 0.096680 0.134766
0 0.187500 0.396973 0.089844 0.079102
0 0.094727 0.402832 0.089844 0.079102
0 0.023926 0.401855 0.045898 0.081055
0 0.800781 0.099609 0.109375 0.197266
