0 0.705729 0.928223 0.158854 0.122070
0 0.324870 0.854004 0.136719 0.077148
0 0.639974 0.698242 0.108073 0.091797
0 0.250651 0.384766 0.128906 0.095703
0 0.599609 0.424316 0.118490 0.071289
0 0.344401 0.579102 0.131510 0.070312
0 0.299479 0.968750 0.140625 0.062500
0 0.492839 0.964355 0.128906 0.071289
0 0.710286 0.542480 0.108073 0.067383
0 0.115885 0.967285 0.093750 0.065430
0 0.141927 0.821777 0.091146 0.108398
0 0.174479 0.527832 0.091146 0.081055
0 0.500000 0.420898 0.083333 0.076172
0 0.655599 0.784180 0.131510 0.060547
0 0.692057 0.594727 0.110677 0.060547
0 0.495443 0.578613 0.149740 0.104492
0 0.663411 0.842285 0.141927 0.059570
0 0.410156 0.731445 0.138021 0.068359
0 0.133464 0.642578 0.089844 0.078125
0 0.858724 0.515625 0.126302 0.066406
0 0.902995 0.582031 0.139323 0.091797
0 0.327474 0.659668 0.191406 0.098633
0 0.042969 0.477051 0.080729 0.104492
0 0.276042 0.533203 0.096354 0.128906
0 0.349609 0.404785 0.095052 0.081055
0 0.084635 0.325195 0.153646 0.095703
0 0.045573 0.621094 0.088542 0.078125
0 0.967448 0.718750 0.065104 0.156250
0 0.313802 0.069336 0.625000 0.136719
