0 0.566406 0.252930 0.232422 0.130859
0 0.768555 0.231934 0.128906 0.118164
0 0.486816 0.077637 0.071289 0.147461
0 0.870117 0.224609 0.083984 0.123047
0 0.286133 0.235352 0.177734 0.076172
0 0.028809 0.072266 0.055664 0.142578
0 0.495117 0.373535 0.082031 0.065430
0 0.038574 0.572754 0.075195 0.127930
0 0.426270 0.110352 0.059570 0.093750
0 0.128418 0.273438 0.147461 0.111328
0 0.650391 0.350586 0.085938 0.093750
0 0.951660 0.362793 0.090820 0.204102
0 0.199219 0.098145 0.109375 0.143555
0 0.613770 0.464355 0.172852 0.118164
0 0.102051 0.078125 0.077148 0.154297
0 0.739258 0.397461 0.076172 0.203125
0 0.592773 0.074707 0.148438 0.147461
0 0.234375 0.633789 0.171875 0.066406
0 0.832031 0.075684 0.195312 0.098633
0 0.309082 0.425781 0.112305 0.089844
0 0.840332 0.648438 0.282227 0.187500
0 0.298340 0.103516 0.084961 0.134766
0 0.942871 0.208496 0.065430 0.106445
0 0.124023 0.911621 0.087891 0.149414
0 0.032227 0.947266 0.062500 0.085938
0 0.370605 0.579102 0.096680 0.160156
0 0.280273 0.321777 0.171875 0.098633
0 0.109375 0.591797 0.083984 0.115234
0 0.495605 0.439941 0.090820 0.057617
0 0.474121 0.532715 0.131836 0.124023
0 0.704590 0.090332 0.065430 0.092773
0 0.988770 0.238770 0.022461 0.065430
0 0.054688 0.435547 0.107422 0.076172
0 0.986328 0.091309 0.027344 0.100586
0 0.315918 0.323730 0.100586 0.096680
0 0.204590 0.486328 0.104492 0.238281
0 0.059570 0.842285 0.117188 0.073242
0 0.074219 0.353516 0.146484 0.111328
0 0.367676 0.111328 0.059570 0.093750
