0 0.610026 0.771484 0.186198 0.115234
0 0.508464 0.475098 0.167969 0.116211
0 0.390625 0.549316 0.192708 0.110352
0 0.378255 0.209473 0.209635 0.112305
0 0.729167 0.715332 0.158854 0.098633
0 0.294922 0.942871 0.243490 0.114258
0 0.843099 0.647949 0.183594 0.112305
0 0.614583 0.426758 0.177083 0.101562
0 0.205078 0.299805 0.238281 0.140625
0 0.812500 0.970215 0.169271 0.059570
0 0.074870 0.037109 0.144531 0.072266
0 0.085286 0.710938 0.167969 0.113281
0 0.942057 0.939941 0.115885 0.084961
0 0.933594 0.201172 0.132812 0.166016
0 0.850260 0.078613 0.190104 0.155273
