0 0.333984 0.512370 0.152344 0.180990
0 0.298828 0.131510 0.154948 0.174479
0 0.106771 0.501302 0.119792 0.135417
0 0.308594 0.292318 0.143229 0.154948
0 0.216146 0.560547 0.088542 0.084635
0 0.563151 0.539714 0.097656 0.100260
0 0.462891 0.546875 0.100260 0.093750
0 0.795573 0.529948 0.125000 0.101562
0 0.674479 0.539714 0.122396 0.121094
0 0.389974 0.027995 0.162760 0.053385
0 0.085938 0.196615 0.114583 0.062500
0 0.084635 0.059896 0.125000 0.070312
0 0.498047 0.899089 0.152344 0.134115
0 0.798828 0.221354 0.131510 0.151042
0 0.083984 0.129557 0.118490 0.069010
0 0.095703 0.269531 0.131510 0.075521
0 0.101562 0.367839 0.122396 0.123698
0 0.798177 0.069010 0.143229 0.135417
0 0.147135 0.850911 0.143229 0.118490
0 0.673177 0.347656 0.161458 0.252604
0 0.098958 0.012370 0.153646 0.022135
0 0.633464 0.839844 0.144531 0.138021
0 0.917969 0.529948 0.125000 0.101562
0 0.042969 0.914062 0.083333 0.127604
