0 0.659505 0.495605 0.123698 0.139648
0 0.267578 0.520996 0.136719 0.114258
0 0.699219 0.637695 0.166667 0.138672
0 0.313802 0.712891 0.125000 0.097656
0 0.653646 0.373535 0.119792 0.102539
0 0.378906 0.570312 0.148438 0.101562
0 0.621745 0.927246 0.136719 0.092773
0 0.393880 0.743164 0.082031 0.125000
0 0.457031 0.320312 0.151042 0.068359
0 0.421224 0.028809 0.128906 0.055664
0 0.200521 0.840820 0.106771 0.078125
0 0.478516 0.376953 0.118490 0.050781
0 0.173828 0.664062 0.186198 0.121094
0 0.157552 0.486816 0.117188 0.088867
0 0.300130 0.249023 0.126302 0.101562
0 0.645833 0.198730 0.182292 0.127930
0 0.471354 0.600098 0.093750 0.075195
0 0.186849 0.229004 0.128906 0.094727
0 0.436849 0.250488 0.178385 0.077148
0 0.538411 0.833008 0.118490 0.091797
0 0.104167 0.943359 0.091146 0.052734
0 0.306641 0.967773 0.178385 0.064453
0 0.875000 0.875977 0.153646 0.119141
0 0.618490 0.020996 0.153646 0.040039
0 0.153646 0.901367 0.106771 0.056641
0 0.535156 0.590332 0.096354 0.135742
0 0.866536 0.671875 0.170573 0.121094
0 0.501302 0.790039 0.130208 0.099609
0 0.124349 0.736328 0.105469 0.058594
0 0.555990 0.972168 0.091146 0.045898
0 0.435547 0.920410 0.144531 0.100586
0 0.934245 0.955566 0.126302 0.088867
0 0.486979 0.423828 0.125000 0.048828
0 0.067057 0.796387 0.121094 0.090820
0 0.078776 0.464355 0.074219 0.088867
0 0.050781 0.620605 0.098958 0.086914
0 0.834635 0.217285 0.252604 0.124023
0 0.068359 0.980469 0.110677 0.039062
0 0.500000 0.501465 0.119792 0.065430
0 0.944010 0.588867 0.111979 0.085938
0 0.255208 0.784668 0.096354 0.057617
0 0.423177 0.090332 0.148438 0.073242
0 0.171224 0.042969 0.152344 0.056641
0 0.041667 0.410156 0.080729 0.150391
0 0.069661 0.257324 0.126302 0.180664
0 0.835938 0.457520 0.166667 0.102539
0 0.796875 0.525879 0.127604 0.065430
0 0.533203 0.562500 0.089844 0.083984
0 0.929036 0.099609 0.141927 0.158203
0 0.497396 0.477539 0.114583 0.070312
0 0.174479 0.010742 0.122396 0.019531
0 0.141276 0.103516 0.165365 0.078125
0 0.461589 0.768066 0.089844 0.100586
0 0.689453 0.079590 0.282552 0.084961
0 0.902344 0.403320 0.127604 0.070312
0 0.951823 0.332520 0.096354 0.106445
0 0.651042 0.294922 0.140625 0.058594
0 0.429036 0.158691 0.167969 0.065430
