0 0.310547 0.197754 0.115885 0.083008
0 0.394531 0.256348 0.148438 0.088867
0 0.205729 0.127441 0.122396 0.088867
0 0.811198 0.301270 0.161458 0.127930
0 0.597005 0.922852 0.126302 0.093750
0 0.897786 0.800781 0.097656 0.068359
0 0.494792 0.891602 0.114583 0.091797
0 0.828776 0.035645 0.160156 0.069336
0 0.128906 0.076660 0.125000 0.088867
0 0.938802 0.319336 0.122396 0.134766
0 0.052083 0.032227 0.101562 0.062500
0 0.402995 0.848633 0.126302 0.093750
0 0.305339 0.813477 0.126302 0.093750
0 0.220703 0.762695 0.126302 0.093750
0 0.108724 0.741211 0.126302 0.093750
0 0.359375 0.548340 0.174479 0.141602
0 0.498698 0.452637 0.174479 0.141602
0 0.633464 0.557129 0.167969 0.124023
0 0.831380 0.692871 0.089844 0.081055
0 0.763021 0.631348 0.101562 0.083008
0 0.707682 0.714844 0.113281 0.093750
0 0.621094 0.773438 0.096354 0.082031
0 0.727214 0.797363 0.126302 0.075195
0 0.950521 0.833984 0.098958 0.068359
0 0.897786 0.973633 0.136719 0.052734
