0 0.910156 0.143229 0.179688 0.140625
0 0.233073 0.535807 0.106771 0.115885
0 0.132161 0.546224 0.113281 0.110677
0 0.040365 0.511719 0.078125 0.208333
0 0.340495 0.530599 0.121094 0.118490
0 0.460286 0.533203 0.121094 0.095052
0 0.067057 0.028646 0.131510 0.054688
0 0.468750 0.221354 0.135417 0.151042
0 0.023438 0.289714 0.044271 0.147135
0 0.872396 0.320312 0.169271 0.166667
0 0.715495 0.255859 0.136719 0.134115
0 0.968099 0.817057 0.063802 0.147135
0 0.170573 0.893880 0.169271 0.147135
0 0.339844 0.348307 0.148438 0.243490
0 0.020833 0.134115 0.039062 0.171875
0 0.294271 0.832682 0.145833 0.139323
0 0.862630 0.967448 0.165365 0.065104
0 0.581380 0.530599 0.121094 0.095052
