0 0.249512 0.511719 0.110352 0.203125
0 0.075684 0.499349 0.100586 0.131510
0 0.231445 0.287760 0.101562 0.143229
0 0.072266 0.274740 0.095703 0.085938
0 0.164551 0.560547 0.067383 0.095052
0 0.225586 0.128906 0.107422 0.182292
0 0.929688 0.140625 0.138672 0.135417
0 0.066895 0.194010 0.088867 0.067708
0 0.349609 0.550781 0.085938 0.114583
0 0.471680 0.832682 0.121094 0.139323
0 0.423340 0.546224 0.071289 0.110677
0 0.904297 0.317708 0.126953 0.174479
0 0.505859 0.534505 0.095703 0.121094
0 0.065918 0.126302 0.094727 0.072917
0 0.072266 0.373047 0.095703 0.115885
0 0.069336 0.050130 0.105469 0.079427
0 0.975098 0.813151 0.049805 0.139323
0 0.374023 0.891276 0.121094 0.149740
0 0.897949 0.967448 0.122070 0.065104
0 0.686523 0.527344 0.091797 0.098958
0 0.501465 0.348307 0.114258 0.264323
0 0.597168 0.534505 0.092773 0.095052
0 0.783203 0.256510 0.103516 0.138021
0 0.601562 0.238932 0.091797 0.191406
0 0.286133 0.029297 0.123047 0.055990
0 0.110352 0.857422 0.121094 0.149740
0 0.032715 0.917969 0.063477 0.145833
