0 0.337402 0.247559 0.133789 0.122070
0 0.353516 0.428711 0.154297 0.113281
0 0.223633 0.322754 0.177734 0.227539
0 0.484863 0.517090 0.172852 0.145508
0 0.735840 0.231934 0.094727 0.208008
0 0.605469 0.692383 0.244141 0.259766
0 0.885254 0.254883 0.229492 0.224609
0 0.462402 0.238281 0.149414 0.177734
0 0.075195 0.467773 0.148438 0.218750
0 0.158203 0.675781 0.244141 0.164062
0 0.219238 0.775391 0.229492 0.195312
0 0.718262 0.851074 0.186523 0.153320
0 0.111816 0.592773 0.221680 0.226562
0 0.807617 0.634766 0.173828 0.210938
0 0.792480 0.943848 0.127930 0.112305
0 0.283691 0.869141 0.229492 0.195312
0 0.351562 0.934082 0.214844 0.131836
