0 0.691895 0.354980 0.163086 0.106445
0 0.888672 0.060059 0.087891 0.118164
0 0.030762 0.630859 0.059570 0.160156
0 0.884277 0.187012 0.088867 0.139648
0 0.766602 0.867676 0.117188 0.098633
0 0.654297 0.489746 0.125000 0.133789
0 0.099609 0.662109 0.083984 0.083984
0 0.975098 0.033691 0.049805 0.065430
0 0.054199 0.243164 0.106445 0.087891
0 0.964355 0.945312 0.071289 0.109375
0 0.221680 0.874023 0.121094 0.103516
0 0.174805 0.653320 0.082031 0.085938
0 0.018555 0.464355 0.035156 0.106445
0 0.017090 0.349609 0.032227 0.125000
0 0.255371 0.648926 0.086914 0.084961
0 0.887695 0.855957 0.123047 0.098633
0 0.052246 0.148438 0.102539 0.095703
0 0.651367 0.971191 0.123047 0.057617
0 0.869629 0.289062 0.127930 0.064453
0 0.975586 0.146973 0.048828 0.159180
0 0.541504 0.441406 0.094727 0.095703
0 0.354004 0.416504 0.098633 0.120117
0 0.125488 0.922852 0.112305 0.099609
0 0.052246 0.048340 0.102539 0.094727
0 0.252441 0.510742 0.112305 0.187500
0 0.438965 0.159180 0.102539 0.095703
0 0.526367 0.159180 0.082031 0.095703
0 0.648438 0.138184 0.148438 0.168945
0 0.346191 0.649902 0.092773 0.079102
0 0.436035 0.646973 0.092773 0.079102
