0 0.7567888498 0.5023720860 0.1171920896 0.1887578219
0 0.7997161746 0.6716937423 0.1253913641 0.2180550843
0 0.1527045965 0.4583301544 0.1123781726 0.1941388398
0 0.4483773112 0.4974344075 0.1192296445 0.2005121708
0 0.7141404152 0.3412285149 0.1227953434 0.1937136799
0 0.1985638887 0.6855579019 0.1272047460 0.1974843293
0 0.0504173078 0.6914193630 0.0984931216 0.1442347020
0 0.4938594997 0.6899479032 0.1365321279 0.2763862312
0 0.4011208117 0.3133630753 0.1441493034 0.2734811306
0 0.2685589194 0.9005444646 0.0932176560 0.1806238443
0 0.0600235872 0.2000158280 0.1190765724 0.1011685729
0 0.6733556986 0.1811280698 0.1199589372 0.1741209626
0 0.0990682468 0.8408243656 0.0858528763 0.0778654441
0 0.5457011461 0.8926205635 0.1330450177 0.1783436984
0 0.0803059712 0.7855163217 0.0826994181 0.0851338729
0 0.8495032787 0.8475263715 0.1212932467 0.1718108654
0 0.0191792380 0.5345590711 0.0383584760 0.1515669376
0 0.0549266003 0.1008640304 0.1087627634 0.1031697467
0 0.1334644556 0.9321294427 0.1116197109 0.1291416436
0 0.6405190229 0.0574810021 0.1184216142 0.1140800491
0 0.8791774511 0.9489659667 0.1179137826 0.1020681038