0 0.598307 0.624023 0.157552 0.152344
0 0.204427 0.594727 0.153646 0.146484
0 0.664062 0.766602 0.187500 0.212891
0 0.730469 0.916016 0.158854 0.142578
0 0.264974 0.765137 0.173177 0.147461
0 0.361979 0.926758 0.122396 0.132812
0 0.533203 0.487793 0.194010 0.202148
0 0.897135 0.384766 0.153646 0.126953
0 0.833333 0.250977 0.182292 0.169922
0 0.175781 0.948730 0.135417 0.100586
0 0.130859 0.878906 0.110677 0.062500
0 0.065104 0.768066 0.122396 0.108398
0 0.082682 0.400879 0.154948 0.075195
0 0.107422 0.837402 0.105469 0.061523
0 0.077474 0.326172 0.144531 0.078125
0 0.044922 0.193848 0.087240 0.147461
0 0.027344 0.655762 0.052083 0.098633
0 0.967448 0.637207 0.065104 0.129883
0 0.937500 0.504395 0.125000 0.143555
