0 0.786621 0.236816 0.104492 0.084961
0 0.593750 0.214355 0.078125 0.092773
0 0.781250 0.362793 0.095703 0.077148
0 0.374512 0.201172 0.081055 0.097656
0 0.512695 0.208008 0.082031 0.083984
0 0.336914 0.658203 0.105469 0.128906
0 0.428711 0.926758 0.111328 0.083984
0 0.512695 0.062988 0.091797 0.096680
0 0.916504 0.779785 0.139648 0.077148
0 0.592773 0.490234 0.064453 0.087891
0 0.301758 0.051270 0.082031 0.094727
0 0.191406 0.675781 0.091797 0.066406
0 0.646484 0.351562 0.054688 0.087891
0 0.615723 0.769043 0.104492 0.110352
0 0.512207 0.336426 0.063477 0.092773
0 0.580078 0.343262 0.074219 0.088867
0 0.892578 0.890137 0.103516 0.051758
0 0.126465 0.187988 0.147461 0.098633
0 0.710938 0.500977 0.064453 0.085938
0 0.658203 0.228516 0.052734 0.091797
0 0.725586 0.885254 0.121094 0.118164
0 0.921875 0.530273 0.101562 0.050781
0 0.931641 0.432617 0.105469 0.060547
0 0.763184 0.776367 0.057617 0.101562
0 0.696777 0.089844 0.055664 0.083984
0 0.186523 0.737793 0.089844 0.063477
0 0.652344 0.495117 0.054688 0.087891
0 0.777832 0.501465 0.067383 0.071289
0 0.769531 0.626953 0.078125 0.078125
0 0.081055 0.039551 0.082031 0.077148
0 0.646484 0.612305 0.054688 0.091797
0 0.230469 0.048828 0.064453 0.085938
0 0.380859 0.060059 0.076172 0.092773
0 0.595215 0.605469 0.055664 0.095703
0 0.443848 0.201660 0.061523 0.083008
0 0.199219 0.612305 0.089844 0.064453
0 0.702148 0.615234 0.058594 0.087891
0 0.782715 0.562988 0.055664 0.051758
0 0.312012 0.946289 0.098633 0.060547
0 0.699219 0.355469 0.052734 0.091797
0 0.285156 0.316406 0.060547 0.087891
0 0.198242 0.555176 0.080078 0.059570
0 0.534668 0.484863 0.065430 0.092773
0 0.709473 0.228027 0.051758 0.084961
0 0.928223 0.322266 0.084961 0.058594
0 0.158691 0.043457 0.077148 0.083008
0 0.935059 0.377930 0.100586 0.054688
0 0.894043 0.840332 0.100586 0.051758
0 0.576660 0.928711 0.100586 0.119141
0 0.157227 0.955078 0.103516 0.050781
0 0.698730 0.762207 0.069336 0.083008
0 0.950195 0.075195 0.099609 0.103516
0 0.183105 0.794922 0.086914 0.052734
0 0.169922 0.904785 0.091797 0.057617
0 0.315430 0.891113 0.097656 0.053711
0 0.641113 0.076660 0.055664 0.084961
0 0.034180 0.303223 0.066406 0.081055
0 0.443848 0.062988 0.049805 0.094727
0 0.177246 0.850586 0.088867 0.054688
0 0.911133 0.641602 0.111328 0.076172
0 0.188965 0.257324 0.067383 0.069336
0 0.924805 0.483887 0.099609 0.045898
0 0.427246 0.558594 0.073242 0.058594
0 0.914062 0.579590 0.093750 0.053711
0 0.337402 0.318848 0.049805 0.088867
0 0.176270 0.493652 0.102539 0.077148
0 0.887695 0.942871 0.109375 0.053711
0 0.800293 0.301758 0.077148 0.048828
0 0.233887 0.177734 0.069336 0.060547
0 0.944336 0.210938 0.099609 0.078125
0 0.786621 0.081543 0.120117 0.110352
0 0.937012 0.272949 0.084961 0.045898
0 0.472168 0.467773 0.067383 0.068359
0 0.138184 0.423828 0.090820 0.068359
0 0.301758 0.184082 0.072266 0.067383
0 0.520508 0.607422 0.054688 0.082031
0 0.470215 0.588867 0.067383 0.068359
0 0.021484 0.034668 0.041016 0.067383
0 0.054688 0.346680 0.101562 0.076172
0 0.096191 0.388184 0.092773 0.075195
0 0.032715 0.751953 0.063477 0.115234
0 0.402832 0.727051 0.071289 0.063477
0 0.583008 0.064941 0.054688 0.102539
0 0.317871 0.835449 0.096680 0.061523
0 0.428223 0.984863 0.098633 0.030273
0 0.949219 0.153320 0.101562 0.054688
0 0.447754 0.329102 0.065430 0.093750
0 0.388672 0.326172 0.060547 0.089844
0 0.438477 0.788574 0.101562 0.102539
0 0.985840 0.640137 0.028320 0.086914
0 0.416992 0.323730 0.123047 0.098633
0 0.916016 0.021484 0.080078 0.041016
0 0.648438 0.978516 0.060547 0.042969
0 0.437500 0.865234 0.103516 0.046875
0 0.317871 0.766113 0.083008 0.077148
0 0.222168 0.306152 0.069336 0.086914
0 0.869629 0.985840 0.083008 0.028320
0 0.306641 0.986816 0.101562 0.026367
0 0.990234 0.798340 0.019531 0.110352
0 0.368652 0.478027 0.137695 0.106445
