0 0.850586 0.268555 0.089844 0.107422
0 0.651367 0.416016 0.089844 0.097656
0 0.801270 0.553223 0.081055 0.088867
0 0.874023 0.701660 0.080078 0.098633
0 0.659180 0.542480 0.080078 0.084961
0 0.972168 0.264160 0.055664 0.104492
0 0.491211 0.396484 0.121094 0.072266
0 0.731934 0.548340 0.063477 0.086914
0 0.844727 0.431641 0.062500 0.093750
0 0.233398 0.495117 0.111328 0.085938
0 0.880371 0.559570 0.077148 0.089844
0 0.580566 0.533203 0.083008 0.091797
0 0.626953 0.694824 0.148438 0.112305
0 0.301270 0.248047 0.163086 0.121094
0 0.787109 0.429199 0.062500 0.102539
0 0.748047 0.230957 0.082031 0.073242
0 0.964355 0.428223 0.071289 0.086914
0 0.059570 0.571777 0.117188 0.092773
0 0.900879 0.432617 0.059570 0.089844
0 0.919922 0.272949 0.052734 0.100586
0 0.283691 0.552246 0.104492 0.086914
0 0.577637 0.404785 0.057617 0.081055
0 0.727539 0.425781 0.068359 0.099609
0 0.460938 0.750977 0.093750 0.091797
0 0.510742 0.156738 0.226562 0.223633
0 0.943848 0.562988 0.049805 0.094727
0 0.420898 0.481934 0.062500 0.061523
0 0.508301 0.797363 0.100586 0.073242
0 0.784668 0.815918 0.059570 0.088867
0 0.943848 0.706055 0.065430 0.089844
0 0.459961 0.520020 0.066406 0.075195
0 0.187500 0.413086 0.103516 0.080078
0 0.512207 0.526855 0.059570 0.081055
0 0.982910 0.559570 0.034180 0.095703
0 0.968262 0.966309 0.063477 0.065430
0 0.410645 0.704590 0.116211 0.084961
0 0.094238 0.468750 0.125977 0.134766
0 0.688477 0.757324 0.066406 0.069336
0 0.733887 0.691895 0.069336 0.088867
0 0.378418 0.654785 0.110352 0.071289
0 0.031250 0.753418 0.060547 0.127930
0 0.043945 0.654785 0.085938 0.086914
0 0.837891 0.820801 0.048828 0.090820
0 0.618652 0.922852 0.092773 0.068359
0 0.329590 0.604980 0.118164 0.073242
0 0.544922 0.839844 0.095703 0.076172
0 0.803711 0.696289 0.068359 0.091797
0 0.948730 0.828613 0.063477 0.092773
0 0.986328 0.712402 0.027344 0.086914
0 0.676758 0.217773 0.062500 0.068359
0 0.888672 0.826172 0.060547 0.089844
0 0.360840 0.405273 0.135742 0.115234
0 0.586426 0.883789 0.092773 0.074219
0 0.273926 0.125000 0.067383 0.060547
0 0.990723 0.835449 0.018555 0.094727
0 0.835449 0.966309 0.075195 0.067383
0 0.986328 0.061523 0.027344 0.091797
0 0.656738 0.976074 0.112305 0.047852
0 0.723145 0.805664 0.069336 0.087891
0 0.017090 0.869141 0.032227 0.103516
0 0.409668 0.062500 0.116211 0.121094
0 0.788086 0.079590 0.240234 0.114258
0 0.907715 0.958008 0.069336 0.046875
