0 0.836914 0.427734 0.093750 0.175781
0 0.178223 0.569010 0.110352 0.109375
0 0.085938 0.211589 0.105469 0.175781
0 0.666016 0.373047 0.136719 0.102865
0 0.829102 0.570312 0.091797 0.106771
0 0.174316 0.730469 0.102539 0.080729
0 0.171387 0.802083 0.100586 0.070312
0 0.475098 0.509766 0.122070 0.157552
0 0.062012 0.596354 0.098633 0.080729
0 0.819336 0.678385 0.083984 0.104167
0 0.177246 0.658203 0.100586 0.069010
0 0.325684 0.574870 0.102539 0.152344
0 0.043457 0.895182 0.084961 0.074219
0 0.760254 0.392578 0.061523 0.126302
0 0.165527 0.869792 0.098633 0.067708
0 0.365723 0.360026 0.102539 0.149740
0 0.801758 0.197917 0.052734 0.119792
0 0.662598 0.190104 0.108398 0.106771
0 0.065918 0.522786 0.094727 0.071615
0 0.514648 0.372396 0.058594 0.143229
0 0.046387 0.826172 0.090820 0.074219
0 0.518555 0.170573 0.076172 0.106771
0 0.643555 0.454427 0.101562 0.072917
0 0.052734 0.677083 0.097656 0.083333
0 0.675293 0.763021 0.090820 0.098958
0 0.458008 0.898438 0.107422 0.083333
0 0.747070 0.190755 0.060547 0.121094
0 0.049805 0.753255 0.089844 0.071615
0 0.705078 0.835286 0.070312 0.084635
0 0.394043 0.148438 0.053711 0.125000
0 0.342773 0.141927 0.052734 0.130208
0 0.815430 0.779297 0.080078 0.102865
0 0.450195 0.155599 0.058594 0.123698
0 0.857910 0.204427 0.057617 0.122396
0 0.422363 0.712240 0.084961 0.101562
0 0.316406 0.776042 0.101562 0.083333
0 0.612793 0.666016 0.065430 0.076823
0 0.813965 0.865234 0.079102 0.063802
0 0.160645 0.936849 0.100586 0.071615
0 0.315918 0.871094 0.110352 0.093750
0 0.150879 0.302734 0.075195 0.087240
0 0.628906 0.731771 0.062500 0.093750
0 0.069824 0.447266 0.098633 0.082031
0 0.662598 0.106771 0.090820 0.072917
0 0.186035 0.381510 0.086914 0.132812
0 0.392578 0.655599 0.062500 0.087240
0 0.637695 0.557292 0.107422 0.138021
0 0.449707 0.349609 0.073242 0.110677
0 0.461914 0.761719 0.089844 0.088542
0 0.270996 0.142578 0.043945 0.110677
0 0.641602 0.521484 0.105469 0.069010
0 0.181641 0.070964 0.072266 0.097656
0 0.066895 0.356120 0.083008 0.105469
0 0.223633 0.115885 0.068359 0.096354
0 0.187988 0.484375 0.102539 0.065104
0 0.040039 0.963542 0.078125 0.067708
0 0.466797 0.826823 0.099609 0.057292
0 0.637695 0.591797 0.111328 0.076823
0 0.314453 0.946615 0.111328 0.067708
0 0.454102 0.969401 0.099609 0.061198
0 0.531738 0.080729 0.053711 0.075521
0 0.774414 0.916016 0.142578 0.095052
0 0.310547 0.693359 0.072266 0.069010
0 0.821289 0.089193 0.085938 0.084635
0 0.671387 0.036458 0.102539 0.067708
0 0.527344 0.022135 0.068359 0.041667
0 0.459473 0.035156 0.065430 0.067708
0 0.400391 0.028646 0.052734 0.054688
0 0.344238 0.027995 0.061523 0.053385
0 0.280762 0.019531 0.059570 0.036458
0 0.306152 0.146484 0.020508 0.115885
0 0.826660 0.021484 0.079102 0.040365
