0 0.597168 0.468750 0.100586 0.097656
0 0.046875 0.441895 0.091797 0.108398
0 0.517090 0.057129 0.124023 0.112305
0 0.759766 0.357910 0.091797 0.071289
0 0.493652 0.332520 0.098633 0.096680
0 0.374023 0.197266 0.083984 0.085938
0 0.288574 0.748535 0.098633 0.106445
0 0.150391 0.367676 0.078125 0.083008
0 0.347656 0.449707 0.080078 0.090820
0 0.609375 0.166504 0.111328 0.084961
0 0.436035 0.379395 0.081055 0.077148
0 0.232422 0.092285 0.066406 0.069336
0 0.146484 0.888672 0.083984 0.082031
0 0.891602 0.138672 0.097656 0.087891
0 0.104980 0.399902 0.083008 0.084961
0 0.282227 0.266113 0.070312 0.079102
0 0.327148 0.239258 0.080078 0.080078
0 0.162598 0.597656 0.098633 0.109375
0 0.832031 0.446777 0.074219 0.069336
0 0.240234 0.297852 0.074219 0.085938
0 0.867676 0.496582 0.071289 0.081055
0 0.179199 0.117676 0.075195 0.081055
0 0.560547 0.124023 0.076172 0.064453
0 0.275879 0.052734 0.084961 0.078125
0 0.033691 0.718262 0.065430 0.114258
0 0.138184 0.155273 0.067383 0.068359
0 0.195801 0.333008 0.077148 0.080078
0 0.554688 0.518555 0.072266 0.076172
0 0.399414 0.422852 0.064453 0.072266
0 0.267578 0.519043 0.074219 0.079102
0 0.950684 0.389648 0.077148 0.060547
0 0.089355 0.182129 0.075195 0.084961
0 0.434082 0.634277 0.065430 0.069336
0 0.794434 0.405273 0.071289 0.072266
0 0.390137 0.669922 0.075195 0.074219
0 0.047363 0.214844 0.065430 0.068359
0 0.226074 0.561035 0.073242 0.071289
0 0.101074 0.935547 0.071289 0.068359
0 0.347656 0.708984 0.074219 0.070312
0 0.472168 0.594238 0.069336 0.071289
0 0.572266 0.768066 0.115234 0.127930
0 0.509766 0.561523 0.072266 0.072266
0 0.306641 0.488770 0.074219 0.079102
0 0.636719 0.704102 0.103516 0.093750
0 0.053711 0.962891 0.076172 0.068359
0 0.828613 0.071289 0.106445 0.089844
0 0.018066 0.246582 0.034180 0.077148
0 0.974609 0.947754 0.050781 0.069336
0 0.985352 0.354004 0.029297 0.077148
0 0.013672 0.033203 0.025391 0.064453
0 0.048340 0.013672 0.069336 0.025391
0 0.944824 0.980469 0.083008 0.039062
0 0.787109 0.917480 0.142578 0.149414
0 0.980957 0.638672 0.038086 0.111328
0 0.479492 0.862793 0.187500 0.176758
