0 0.766113 0.216309 0.100586 0.110352
0 0.589355 0.657715 0.104492 0.086914
0 0.444336 0.491699 0.087891 0.092773
0 0.172852 0.125977 0.109375 0.105469
0 0.285156 0.302246 0.128906 0.127930
0 0.912598 0.097168 0.098633 0.110352
0 0.895996 0.389160 0.083008 0.081055
0 0.638672 0.060547 0.087891 0.083984
0 0.714355 0.271484 0.073242 0.072266
0 0.502930 0.451660 0.068359 0.075195
0 0.368164 0.276855 0.070312 0.077148
0 0.591309 0.109375 0.073242 0.070312
0 0.632812 0.343750 0.068359 0.076172
0 0.643066 0.612305 0.073242 0.068359
0 0.765137 0.503418 0.071289 0.073242
0 0.332031 0.033691 0.076172 0.065430
0 0.240234 0.087891 0.076172 0.083984
0 0.806152 0.468750 0.073242 0.076172
0 0.584473 0.377441 0.065430 0.086914
0 0.461914 0.212402 0.060547 0.069336
0 0.286133 0.055176 0.072266 0.084961
0 0.545410 0.411133 0.071289 0.089844
0 0.495605 0.163086 0.077148 0.099609
0 0.684570 0.578613 0.068359 0.079102
0 0.850586 0.436035 0.072266 0.069336
0 0.668457 0.305176 0.083008 0.071289
0 0.547363 0.143066 0.065430 0.065430
0 0.725098 0.542480 0.067383 0.067383
0 0.412109 0.238770 0.068359 0.075195
0 0.969238 0.060059 0.061523 0.071289
0 0.394043 0.013184 0.073242 0.024414
0 0.907227 0.625000 0.185547 0.203125
0 0.233398 0.849609 0.289062 0.300781
0 0.500488 0.937988 0.112305 0.124023
