0 0.134766 0.830078 0.089844 0.097656
0 0.366699 0.320801 0.084961 0.081055
0 0.226074 0.755859 0.133789 0.134766
0 0.592773 0.126953 0.109375 0.103516
0 0.521973 0.057617 0.106445 0.113281
0 0.071777 0.292969 0.081055 0.097656
0 0.349121 0.167969 0.083008 0.091797
0 0.031250 0.077637 0.060547 0.079102
0 0.910645 0.053711 0.075195 0.091797
0 0.758789 0.378906 0.066406 0.076172
0 0.648926 0.233887 0.067383 0.088867
0 0.366211 0.037598 0.099609 0.073242
0 0.446289 0.105469 0.091797 0.093750
0 0.702637 0.307129 0.073242 0.084961
0 0.084473 0.051270 0.071289 0.069336
0 0.524902 0.316895 0.075195 0.086914
0 0.718262 0.412109 0.067383 0.078125
0 0.939453 0.948242 0.121094 0.103516
0 0.081543 0.722168 0.081055 0.102539
0 0.757324 0.164062 0.071289 0.085938
0 0.064941 0.177246 0.110352 0.106445
0 0.307617 0.242188 0.113281 0.083984
0 0.617188 0.493164 0.083984 0.089844
0 0.039551 0.938477 0.077148 0.111328
0 0.416016 0.253418 0.076172 0.102539
0 0.740723 0.055664 0.065430 0.070312
0 0.818359 0.338867 0.058594 0.060547
0 0.666992 0.622070 0.091797 0.152344
0 0.701172 0.081543 0.066406 0.071289
0 0.960449 0.746582 0.079102 0.149414
0 0.569336 0.405273 0.091797 0.085938
0 0.253418 0.196289 0.092773 0.070312
0 0.644043 0.876465 0.112305 0.090820
0 0.180664 0.447754 0.082031 0.092773
0 0.305176 0.351562 0.081055 0.101562
0 0.719238 0.194824 0.073242 0.079102
0 0.566406 0.285645 0.064453 0.094727
0 0.465332 0.229492 0.069336 0.091797
0 0.675293 0.432129 0.067383 0.108398
0 0.273926 0.885742 0.090820 0.105469
0 0.167480 0.939941 0.065430 0.120117
0 0.784180 0.030762 0.103516 0.059570
0 0.608398 0.260254 0.058594 0.096680
0 0.527832 0.182617 0.065430 0.089844
0 0.488281 0.355957 0.074219 0.100586
0 0.953613 0.343262 0.059570 0.067383
0 0.842773 0.283203 0.078125 0.107422
0 0.541504 0.881836 0.090820 0.156250
0 0.877441 0.099609 0.061523 0.089844
0 0.786133 0.291504 0.058594 0.051758
0 0.187500 0.095215 0.066406 0.053711
0 0.765137 0.504883 0.057617 0.078125
0 0.875000 0.716797 0.087891 0.074219
0 0.660645 0.108398 0.061523 0.070312
0 0.720215 0.808594 0.120117 0.185547
0 0.836914 0.971680 0.107422 0.056641
0 0.693848 0.548340 0.049805 0.073242
0 0.052734 0.179199 0.080078 0.106445
0 0.817871 0.465820 0.067383 0.068359
0 0.098145 0.374512 0.096680 0.084961
0 0.856445 0.586914 0.158203 0.136719
0 0.283203 0.097168 0.064453 0.061523
0 0.582520 0.450195 0.067383 0.070312
0 0.916016 0.218262 0.066406 0.102539
0 0.814453 0.793457 0.085938 0.176758
0 0.261230 0.041016 0.073242 0.064453
0 0.739258 0.630859 0.058594 0.087891
0 0.883301 0.390625 0.098633 0.072266
0 0.623047 0.783203 0.080078 0.074219
0 0.887207 0.260254 0.063477 0.090820
0 0.140137 0.476074 0.061523 0.053711
0 0.499023 0.206543 0.052734 0.081055
0 0.136230 0.149414 0.051758 0.085938
0 0.415039 0.944336 0.052734 0.111328
0 0.122070 0.272461 0.052734 0.105469
0 0.753418 0.250000 0.053711 0.050781
0 0.232422 0.405273 0.082031 0.076172
0 0.066895 0.586426 0.079102 0.073242
0 0.016602 0.215820 0.031250 0.076172
0 0.336426 0.809570 0.047852 0.054688
0 0.168945 0.135742 0.054688 0.091797
0 0.978027 0.322754 0.043945 0.069336
0 0.230469 0.132324 0.056641 0.059570
0 0.973633 0.055664 0.048828 0.064453
0 0.312500 0.831543 0.050781 0.043945
0 0.977539 0.052734 0.044922 0.066406
0 0.465332 0.916992 0.083008 0.119141
0 0.183105 0.221680 0.053711 0.064453
0 0.973633 0.551758 0.052734 0.128906
0 0.951660 0.018555 0.055664 0.035156
0 0.149414 0.246582 0.048828 0.073242
0 0.371582 0.964355 0.055664 0.071289
0 0.832520 0.116699 0.071289 0.090820
0 0.405273 0.578613 0.396484 0.399414
0 0.954102 0.192383 0.076172 0.105469
0 0.890625 0.275879 0.054688 0.059570
0 0.793457 0.134277 0.053711 0.077148
0 0.223145 0.928711 0.061523 0.111328
0 0.143555 0.037598 0.066406 0.049805
0 0.437988 0.014160 0.100586 0.026367
0 0.985352 0.169922 0.027344 0.089844
0 0.970215 0.150879 0.057617 0.069336
0 0.394043 0.143555 0.061523 0.089844
0 0.913574 0.459473 0.104492 0.108398
0 0.051270 0.478516 0.100586 0.105469
