0 0.290039 0.441895 0.107422 0.108398
0 0.847168 0.468750 0.100586 0.097656
0 0.266602 0.715820 0.101562 0.109375
0 0.767090 0.057129 0.124023 0.112305
0 0.188965 0.274414 0.088867 0.101562
0 0.400391 0.367676 0.078125 0.083008
0 0.538574 0.748535 0.098633 0.106445
0 0.624023 0.197266 0.083984 0.085938
0 0.743652 0.332520 0.098633 0.096680
0 0.396484 0.888672 0.085938 0.082031
0 0.597656 0.449219 0.082031 0.089844
0 0.413086 0.597168 0.097656 0.110352
0 0.355957 0.399902 0.083008 0.084961
0 0.138184 0.560547 0.084961 0.083984
0 0.859375 0.166504 0.111328 0.084961
0 0.482422 0.092285 0.066406 0.069336
0 0.686035 0.379395 0.081055 0.077148
0 0.532227 0.266113 0.070312 0.079102
0 0.577148 0.239258 0.080078 0.080078
0 0.490234 0.297852 0.074219 0.085938
0 0.214355 0.771484 0.073242 0.072266
0 0.429199 0.117676 0.075195 0.081055
0 0.525879 0.052734 0.084961 0.078125
0 0.388184 0.155273 0.067383 0.068359
0 0.810547 0.124023 0.076172 0.064453
0 0.091309 0.608887 0.073242 0.069336
0 0.445801 0.333008 0.077148 0.080078
0 0.132812 0.843750 0.068359 0.076172
0 0.804688 0.518555 0.072266 0.076172
0 0.244629 0.239746 0.081055 0.090820
0 0.196777 0.052246 0.067383 0.073242
0 0.649414 0.422852 0.064453 0.072266
0 0.517578 0.519043 0.074219 0.079102
0 0.339355 0.182129 0.075195 0.084961
0 0.044434 0.906250 0.071289 0.103516
0 0.083984 0.876465 0.064453 0.084961
0 0.018555 0.952148 0.035156 0.070312
0 0.683594 0.634277 0.066406 0.069336
0 0.297852 0.216797 0.066406 0.066406
0 0.476074 0.561035 0.073242 0.071289
0 0.640137 0.669922 0.075195 0.074219
0 0.143066 0.083496 0.075195 0.081055
0 0.030762 0.406250 0.059570 0.070312
0 0.168457 0.805176 0.083008 0.071289
0 0.343262 0.932617 0.071289 0.068359
0 0.597656 0.709473 0.074219 0.069336
0 0.283691 0.965820 0.102539 0.068359
0 0.722168 0.594238 0.069336 0.071289
0 0.759766 0.561523 0.072266 0.072266
0 0.047363 0.643066 0.065430 0.065430
0 0.556641 0.488281 0.074219 0.078125
0 0.241699 0.033203 0.067383 0.064453
0 0.017090 0.678711 0.032227 0.070312
0 0.823242 0.768066 0.115234 0.125977
0 0.887695 0.704590 0.105469 0.094727
0 0.983398 0.376953 0.033203 0.117188
0 0.084473 0.122070 0.090820 0.097656
0 0.294434 0.014160 0.075195 0.026367
0 0.725098 0.864746 0.165039 0.206055
