0 0.847656 0.291667 0.101562 0.130208
0 0.290527 0.255208 0.104492 0.143229
0 0.266602 0.621745 0.101562 0.147135
0 0.137695 0.414062 0.085938 0.111979
0 0.538086 0.665365 0.097656 0.143229
0 0.598145 0.266927 0.079102 0.119792
0 0.412598 0.462240 0.098633 0.148438
0 0.214355 0.694661 0.073242 0.097656
0 0.355469 0.199870 0.083984 0.113281
0 0.400391 0.156250 0.078125 0.109375
0 0.091797 0.478516 0.074219 0.095052
0 0.804688 0.358073 0.072266 0.101562
0 0.395996 0.851562 0.083008 0.106771
0 0.132324 0.791667 0.069336 0.101562
0 0.030762 0.208333 0.059570 0.093750
0 0.640137 0.561198 0.073242 0.098958
0 0.517578 0.359375 0.074219 0.104167
0 0.686523 0.171875 0.082031 0.101562
0 0.475586 0.414714 0.074219 0.095052
0 0.885742 0.606120 0.103516 0.126302
0 0.598633 0.613932 0.072266 0.092448
0 0.046875 0.527344 0.064453 0.088542
0 0.649902 0.229818 0.063477 0.095052
0 0.831055 0.687500 0.115234 0.171875
0 0.759766 0.415365 0.072266 0.096354
0 0.684082 0.512370 0.067383 0.092448
0 0.722168 0.458333 0.069336 0.096354
0 0.167969 0.740234 0.083984 0.095052
0 0.083984 0.835938 0.064453 0.114583
0 0.557129 0.317057 0.073242 0.105469
0 0.043457 0.875000 0.071289 0.130208
0 0.017090 0.570312 0.032227 0.111979
0 0.018555 0.935547 0.035156 0.092448
0 0.351074 0.912760 0.073242 0.088542
0 0.446289 0.110677 0.080078 0.098958
0 0.727539 0.811849 0.187500 0.227865
0 0.981934 0.166016 0.036133 0.147135
0 0.744629 0.111328 0.098633 0.123698
0 0.489258 0.062500 0.076172 0.114583
0 0.285645 0.954427 0.114258 0.091146
0 0.979004 0.930990 0.041992 0.138021
0 0.532227 0.031901 0.078125 0.061198
0 0.189941 0.049479 0.079102 0.096354
0 0.251953 0.018229 0.060547 0.033854
