0 0.833008 0.511719 0.109375 0.140625
0 0.772461 0.408854 0.107422 0.156250
0 0.686523 0.307943 0.109375 0.134115
0 0.270996 0.436198 0.083008 0.104167
0 0.247070 0.930339 0.191406 0.139323
0 0.615723 0.360677 0.096680 0.145833
0 0.611816 0.761719 0.084961 0.106771
0 0.321777 0.723958 0.081055 0.130208
0 0.598633 0.557292 0.083984 0.122396
0 0.695801 0.473958 0.090820 0.125000
0 0.953613 0.743490 0.079102 0.117188
0 0.899414 0.646484 0.068359 0.118490
0 0.313477 0.569661 0.105469 0.141927
0 0.263672 0.328125 0.158203 0.119792
0 0.774902 0.755859 0.075195 0.115885
0 0.471680 0.313151 0.115234 0.108073
0 0.335938 0.403646 0.072266 0.091146
0 0.043457 0.414714 0.084961 0.113281
0 0.153320 0.381510 0.076172 0.093750
0 0.818848 0.874349 0.092773 0.115885
0 0.965332 0.882161 0.063477 0.105469
0 0.570312 0.661458 0.113281 0.111979
0 0.945312 0.445964 0.058594 0.082031
0 0.287598 0.234375 0.071289 0.080729
0 0.201172 0.472656 0.080078 0.098958
0 0.666016 0.671224 0.076172 0.136719
0 0.243164 0.619792 0.076172 0.125000
0 0.520508 0.595052 0.072266 0.101562
0 0.026855 0.322266 0.051758 0.110677
0 0.551270 0.256510 0.102539 0.101562
0 0.114746 0.688802 0.081055 0.122396
0 0.920898 0.276693 0.066406 0.089844
0 0.816406 0.714193 0.064453 0.126302
0 0.541992 0.814453 0.080078 0.126302
0 0.714844 0.638021 0.070312 0.125000
0 0.776855 0.576172 0.067383 0.121094
0 0.921875 0.908203 0.068359 0.141927
0 0.044922 0.031250 0.087891 0.059896
0 0.857910 0.680339 0.057617 0.128906
0 0.359863 0.147135 0.084961 0.083333
0 0.738281 0.808594 0.074219 0.130208
0 0.904785 0.474609 0.061523 0.079427
0 0.667969 0.178385 0.070312 0.153646
0 0.182617 0.664062 0.072266 0.111979
0 0.965332 0.593750 0.067383 0.109375
0 0.030273 0.841146 0.058594 0.085938
0 0.538086 0.129557 0.070312 0.079427
0 0.437500 0.460286 0.066406 0.071615
0 0.532715 0.463542 0.065430 0.083333
0 0.385254 0.363932 0.077148 0.087240
0 0.606934 0.203776 0.077148 0.100260
0 0.977051 0.401693 0.045898 0.092448
0 0.397461 0.220052 0.089844 0.125000
0 0.019043 0.734375 0.036133 0.143229
0 0.509277 0.389974 0.071289 0.084635
0 0.875000 0.302083 0.070312 0.106771
0 0.467773 0.168620 0.095703 0.113281
0 0.245117 0.161458 0.109375 0.101562
0 0.421875 0.928385 0.082031 0.122396
0 0.749023 0.608073 0.052734 0.106771
0 0.385742 0.531901 0.052734 0.113281
0 0.200195 0.075521 0.119141 0.125000
0 0.372070 0.693359 0.052734 0.131510
0 0.098633 0.598307 0.074219 0.074219
0 0.111328 0.512370 0.134766 0.092448
0 0.337402 0.098307 0.081055 0.084635
0 0.480469 0.508464 0.056641 0.079427
0 0.420410 0.524089 0.061523 0.113281
0 0.044434 0.914062 0.086914 0.078125
0 0.366699 0.807943 0.084961 0.066406
0 0.630371 0.904297 0.252930 0.191406
0 0.834473 0.932292 0.073242 0.085938
0 0.399902 0.662109 0.049805 0.097656
0 0.433594 0.629557 0.054688 0.084635
0 0.472656 0.879557 0.082031 0.095052
0 0.372559 0.854167 0.075195 0.067708
0 0.987305 0.837891 0.025391 0.108073
0 0.874512 0.106771 0.250977 0.210938
0 0.248047 0.264323 0.052734 0.067708
0 0.985352 0.552083 0.027344 0.088542
0 0.968262 0.246094 0.063477 0.098958
0 0.385742 0.970052 0.052734 0.059896
0 0.569824 0.074219 0.065430 0.130208
0 0.638672 0.518229 0.062500 0.125000
0 0.097656 0.394531 0.056641 0.096354
0 0.479492 0.609375 0.044922 0.091146
0 0.986328 0.200521 0.027344 0.088542
0 0.859863 0.964193 0.108398 0.071615
0 0.855469 0.936849 0.113281 0.089844
0 0.057129 0.968099 0.112305 0.063802
0 0.317871 0.051432 0.081055 0.084635
