0 0.049805 0.401042 0.097656 0.174479
0 0.516113 0.288411 0.100586 0.147135
0 0.788574 0.332031 0.098633 0.143229
0 0.194336 0.655599 0.087891 0.123698
0 0.645996 0.518229 0.086914 0.109375
0 0.340332 0.876302 0.098633 0.117188
0 0.464355 0.361979 0.073242 0.098958
0 0.252930 0.601562 0.068359 0.101562
0 0.118652 0.369141 0.069336 0.102865
0 0.333984 0.503255 0.064453 0.113281
0 0.392578 0.817057 0.074219 0.095052
0 0.382812 0.458333 0.068359 0.101562
0 0.555176 0.625000 0.073242 0.104167
0 0.514648 0.670573 0.072266 0.098958
0 0.601562 0.582682 0.070312 0.095052
0 0.890625 0.227865 0.072266 0.098958
0 0.294434 0.546875 0.071289 0.122396
0 0.212402 0.281901 0.061523 0.092448
0 0.848633 0.279948 0.072266 0.093750
0 0.245605 0.216797 0.077148 0.134115
0 0.432617 0.772135 0.072266 0.104167
0 0.417969 0.407552 0.083984 0.096354
0 0.341797 0.145182 0.074219 0.092448
0 0.162598 0.318359 0.067383 0.102865
0 0.297852 0.190755 0.066406 0.087240
0 0.934082 0.178385 0.065430 0.091146
0 0.474609 0.723958 0.068359 0.091146
0 0.942871 0.473958 0.114258 0.213542
0 0.711914 0.839193 0.261719 0.279948
0 0.662598 0.134766 0.100586 0.136719
0 0.969727 0.116536 0.060547 0.113281
0 0.391113 0.080078 0.094727 0.108073
0 0.145508 0.019531 0.074219 0.036458
0 0.088379 0.041667 0.075195 0.075521
0 0.036621 0.078776 0.067383 0.108073
0 0.725098 0.085286 0.067383 0.076823
0 0.767090 0.039062 0.067383 0.075521
