0 0.674805 0.632324 0.132812 0.116211
0 0.625000 0.562500 0.150391 0.115234
0 0.755859 0.341309 0.138672 0.141602
0 0.655762 0.188965 0.225586 0.168945
0 0.278809 0.932617 0.182617 0.125000
0 0.033691 0.816895 0.065430 0.122070
0 0.047363 0.689453 0.092773 0.144531
0 0.723633 0.717285 0.160156 0.118164
0 0.895996 0.560059 0.137695 0.131836
0 0.968750 0.205078 0.062500 0.119141
0 0.357422 0.762207 0.226562 0.237305
0 0.527832 0.358398 0.188477 0.242188
0 0.816895 0.437500 0.104492 0.072266
0 0.314453 0.076172 0.277344 0.150391
0 0.906738 0.069824 0.186523 0.137695
0 0.104980 0.350098 0.208008 0.428711
0 0.088379 0.590820 0.174805 0.070312
0 0.468262 0.875488 0.120117 0.084961
0 0.525391 0.950684 0.195312 0.096680
0 0.814453 0.824707 0.189453 0.145508
0 0.930664 0.694824 0.138672 0.211914
0 0.848145 0.483398 0.104492 0.072266
