0 0.568848 0.345703 0.083008 0.105469
0 0.578613 0.237630 0.090820 0.108073
0 0.074707 0.240885 0.102539 0.161458
0 0.455566 0.503906 0.071289 0.093750
0 0.562988 0.447917 0.077148 0.101562
0 0.225586 0.179688 0.119141 0.156250
0 0.206055 0.568359 0.107422 0.087240
0 0.068848 0.443359 0.096680 0.082031
0 0.937988 0.564453 0.124023 0.126302
0 0.363281 0.334635 0.066406 0.078125
0 0.056641 0.681641 0.105469 0.082031
0 0.584961 0.096354 0.089844 0.171875
0 0.393066 0.121745 0.104492 0.066406
0 0.427734 0.432943 0.080078 0.102865
0 0.187988 0.858724 0.110352 0.076823
0 0.052734 0.757161 0.103516 0.071615
0 0.171387 0.378906 0.086914 0.104167
0 0.392578 0.187500 0.105469 0.067708
0 0.915527 0.229167 0.059570 0.083333
0 0.204102 0.647135 0.099609 0.070312
0 0.063477 0.612630 0.113281 0.069010
0 0.382812 0.384766 0.062500 0.097656
0 0.066895 0.538411 0.114258 0.092448
0 0.050781 0.366536 0.052734 0.082031
0 0.147949 0.322266 0.063477 0.089844
0 0.189941 0.785156 0.110352 0.075521
0 0.972168 0.236328 0.055664 0.082031
0 0.813477 0.509766 0.123047 0.235677
0 0.044434 0.904297 0.086914 0.079427
0 0.181641 0.948568 0.113281 0.102865
0 0.051270 0.828125 0.100586 0.078125
0 0.521973 0.587240 0.147461 0.072917
0 0.387207 0.262370 0.110352 0.076823
0 0.036621 0.968750 0.071289 0.062500
0 0.835449 0.226562 0.100586 0.093750
0 0.507324 0.061198 0.061523 0.119792
0 0.209473 0.456380 0.094727 0.141927
0 0.196289 0.714844 0.107422 0.075521
0 0.561035 0.535807 0.081055 0.055990
0 0.411133 0.044922 0.128906 0.087240
0 0.053223 0.798828 0.104492 0.134115
0 0.191895 0.750000 0.118164 0.140625
0 0.185547 0.048828 0.210938 0.095052
0 0.511230 0.902995 0.149414 0.167969
0 0.418945 0.955729 0.076172 0.070312
0 0.852539 0.892578 0.099609 0.214844
0 0.963379 0.966146 0.073242 0.067708
0 0.978516 0.048177 0.042969 0.093750
0 0.895020 0.041016 0.120117 0.079427
