0 0.781901 0.320801 0.123698 0.129883
0 0.552734 0.280273 0.183594 0.078125
0 0.360026 0.127930 0.105469 0.078125
0 0.772135 0.427734 0.122396 0.080078
0 0.300130 0.383301 0.162760 0.116211
0 0.546224 0.141113 0.147135 0.075195
0 0.350911 0.276855 0.079427 0.102539
0 0.759115 0.508789 0.111979 0.078125
0 0.376953 0.062500 0.074219 0.054688
0 0.563802 0.028809 0.140625 0.055664
0 0.682292 0.294434 0.078125 0.092773
0 0.735677 0.148438 0.070312 0.091797
0 0.607422 0.629395 0.095052 0.065430
0 0.269531 0.114746 0.078125 0.088867
0 0.152344 0.270508 0.138021 0.111328
0 0.264974 0.262695 0.095052 0.082031
0 0.663411 0.142578 0.079427 0.089844
0 0.811849 0.152832 0.082031 0.090820
0 0.524740 0.340820 0.135417 0.054688
0 0.275391 0.675781 0.141927 0.064453
0 0.551432 0.079590 0.123698 0.053711
0 0.231120 0.962402 0.165365 0.075195
0 0.577474 0.575195 0.118490 0.074219
0 0.100260 0.429688 0.135417 0.119141
0 0.196615 0.112305 0.072917 0.091797
0 0.483724 0.500000 0.087240 0.056641
0 0.753255 0.584961 0.105469 0.078125
0 0.229167 0.534180 0.114583 0.078125
0 0.282552 0.023926 0.088542 0.045898
0 0.128255 0.104004 0.074219 0.094727
0 0.091146 0.583496 0.127604 0.063477
0 0.257161 0.813477 0.154948 0.109375
0 0.253255 0.895508 0.141927 0.058594
0 0.509766 0.539062 0.082031 0.072266
0 0.271484 0.734863 0.131510 0.053711
0 0.783854 0.017578 0.158854 0.033203
0 0.518229 0.418457 0.143229 0.104492
0 0.373698 0.018066 0.088542 0.034180
0 0.195964 0.492188 0.084635 0.066406
0 0.522135 0.390625 0.140625 0.050781
0 0.708984 0.692383 0.183594 0.068359
0 0.782552 0.062012 0.158854 0.063477
0 0.077474 0.762207 0.136719 0.061523
0 0.252604 0.840820 0.148438 0.060547
0 0.085938 0.710938 0.145833 0.050781
0 0.504557 0.967285 0.194010 0.065430
0 0.289714 0.596191 0.126302 0.104492
0 0.516927 0.443848 0.148438 0.057617
0 0.201172 0.021484 0.074219 0.041016
0 0.073568 0.819824 0.139323 0.055664
0 0.748047 0.647949 0.105469 0.047852
0 0.091797 0.655273 0.147135 0.066406
0 0.067057 0.524902 0.069010 0.061523
0 0.090495 0.677246 0.157552 0.116211
0 0.123698 0.018555 0.075521 0.035156
0 0.041667 0.018555 0.075521 0.035156
0 0.031250 0.107910 0.059896 0.092773
0 0.074219 0.106934 0.031250 0.094727
0 0.070964 0.878418 0.139323 0.055664
0 0.057943 0.932617 0.113281 0.060547
0 0.052083 0.978027 0.101562 0.041992
0 0.664714 0.922363 0.209635 0.135742
