0 0.967773 0.888672 0.064453 0.125000
0 0.922852 0.159180 0.154297 0.146484
0 0.791992 0.612793 0.128906 0.106445
0 0.345703 0.718750 0.103516 0.164062
0 0.290527 0.566895 0.124023 0.166992
0 0.807129 0.063965 0.088867 0.122070
0 0.888184 0.668945 0.071289 0.142578
0 0.315430 0.065430 0.101562 0.128906
0 0.610352 0.799316 0.091797 0.157227
0 0.579102 0.157227 0.093750 0.132812
0 0.931641 0.380859 0.101562 0.076172
0 0.486328 0.947266 0.097656 0.105469
0 0.572754 0.043457 0.090820 0.084961
0 0.364746 0.192383 0.106445 0.154297
0 0.421387 0.328125 0.106445 0.154297
0 0.474121 0.471680 0.106445 0.154297
0 0.400391 0.842773 0.103516 0.164062
0 0.673340 0.931641 0.098633 0.134766
0 0.935059 0.784668 0.077148 0.125977
0 0.663086 0.667480 0.128906 0.106445
0 0.600586 0.513672 0.126953 0.111328
0 0.715820 0.476074 0.126953 0.110352
0 0.831055 0.426270 0.126953 0.110352
0 0.730957 0.020020 0.073242 0.038086
0 0.805664 0.209961 0.115234 0.087891
0 0.690430 0.254883 0.115234 0.087891
0 0.266113 0.417480 0.124023 0.166992
0 0.209473 0.266113 0.124023 0.166992
0 0.147949 0.123535 0.124023 0.166992
0 0.060059 0.851074 0.118164 0.291992
