0 0.749512 0.640625 0.192383 0.138021
0 0.523438 0.430990 0.128906 0.268229
0 0.595703 0.628906 0.132812 0.179688
0 0.208008 0.488932 0.175781 0.144531
0 0.921875 0.604818 0.156250 0.134115
0 0.842773 0.319661 0.148438 0.115885
0 0.392090 0.778646 0.122070 0.216146
0 0.255859 0.316406 0.119141 0.205729
0 0.270508 0.705729 0.160156 0.125000
0 0.729004 0.189453 0.096680 0.165365
0 0.160156 0.161458 0.119141 0.205729
0 0.114746 0.039062 0.096680 0.075521
0 0.380371 0.073568 0.114258 0.144531
0 0.419922 0.256510 0.119141 0.205729
0 0.688477 0.065755 0.089844 0.128906
0 0.147461 0.778646 0.160156 0.125000
0 0.271973 0.894531 0.186523 0.210938
0 0.775879 0.895833 0.125977 0.208333
