0 0.651367 0.166016 0.089844 0.097656
0 0.801270 0.303223 0.081055 0.088867
0 0.874023 0.452637 0.080078 0.098633
0 0.659180 0.291992 0.080078 0.083984
0 0.849609 0.038086 0.087891 0.074219
0 0.491211 0.146484 0.121094 0.072266
0 0.233398 0.245117 0.111328 0.085938
0 0.731934 0.298340 0.063477 0.086914
0 0.061523 0.325684 0.095703 0.086914
0 0.626953 0.438477 0.148438 0.099609
0 0.580566 0.283203 0.083008 0.091797
0 0.880371 0.309570 0.077148 0.089844
0 0.844238 0.181641 0.063477 0.093750
0 0.964355 0.178223 0.071289 0.086914
0 0.786133 0.179199 0.062500 0.098633
0 0.283203 0.302246 0.105469 0.086914
0 0.972656 0.035156 0.054688 0.068359
0 0.901367 0.182617 0.058594 0.085938
0 0.577637 0.154785 0.057617 0.081055
0 0.466309 0.499023 0.092773 0.091797
0 0.727051 0.175781 0.067383 0.099609
0 0.943848 0.312988 0.049805 0.094727
0 0.943848 0.456543 0.065430 0.090820
0 0.835938 0.909668 0.105469 0.131836
0 0.784668 0.565918 0.059570 0.088867
0 0.420898 0.231934 0.062500 0.061523
0 0.509277 0.548340 0.100586 0.073242
0 0.459961 0.270020 0.066406 0.075195
0 0.187500 0.163086 0.103516 0.080078
0 0.697754 0.805176 0.079102 0.059570
0 0.512207 0.276855 0.059570 0.081055
0 0.920410 0.038086 0.057617 0.074219
0 0.094238 0.218750 0.124023 0.134766
0 0.982910 0.309570 0.034180 0.095703
0 0.038574 0.407227 0.075195 0.078125
0 0.412598 0.460938 0.092773 0.093750
0 0.688477 0.507324 0.066406 0.069336
0 0.697266 0.861816 0.087891 0.061523
0 0.934570 0.813965 0.072266 0.059570
0 0.021484 0.535156 0.041016 0.056641
0 0.731445 0.439453 0.064453 0.083984
0 0.636719 0.673828 0.091797 0.068359
0 0.837891 0.570801 0.048828 0.090820
0 0.378418 0.404785 0.110352 0.071289
0 0.158203 0.850098 0.117188 0.124023
0 0.329102 0.354492 0.119141 0.072266
0 0.556641 0.597656 0.095703 0.076172
0 0.360352 0.150391 0.136719 0.105469
0 0.971191 0.840332 0.057617 0.071289
0 0.803223 0.445801 0.069336 0.090820
0 0.595703 0.638184 0.093750 0.075195
0 0.986816 0.462402 0.026367 0.086914
0 0.948730 0.578613 0.063477 0.092773
0 0.888672 0.576172 0.060547 0.089844
0 0.969238 0.717285 0.061523 0.069336
0 0.904297 0.705566 0.070312 0.041992
0 0.033203 0.813965 0.064453 0.122070
0 0.990723 0.584961 0.018555 0.093750
0 0.691406 0.925293 0.091797 0.065430
0 0.306152 0.029785 0.163086 0.057617
0 0.086426 0.929688 0.168945 0.134766
0 0.683105 0.977539 0.100586 0.044922
0 0.014160 0.596680 0.026367 0.058594
0 0.723145 0.555176 0.069336 0.086914
0 0.673340 0.737793 0.083008 0.094727
0 0.237793 0.807617 0.114258 0.113281
0 0.031250 0.475586 0.060547 0.054688
0 0.339355 0.767578 0.112305 0.105469
0 0.844727 0.735840 0.095703 0.125977
0 0.505371 0.978516 0.124023 0.042969
0 0.466309 0.851074 0.186523 0.208008
0 0.898926 0.972168 0.081055 0.055664
