0 0.749023 0.730469 0.193359 0.103516
0 0.521973 0.573242 0.127930 0.197266
0 0.594727 0.722168 0.134766 0.133789
0 0.842773 0.489258 0.148438 0.087891
0 0.730469 0.392578 0.097656 0.126953
0 0.922363 0.704102 0.155273 0.097656
0 0.780273 0.931641 0.156250 0.136719
0 0.395020 0.837402 0.106445 0.159180
0 0.206543 0.619141 0.172852 0.105469
0 0.254883 0.488281 0.121094 0.150391
0 0.419922 0.168457 0.150391 0.090820
0 0.642578 0.171875 0.085938 0.132812
0 0.943359 0.272461 0.113281 0.111328
0 0.911621 0.075684 0.176758 0.110352
0 0.376465 0.308105 0.116211 0.159180
0 0.961426 0.960938 0.077148 0.078125
0 0.530273 0.123535 0.150391 0.090820
0 0.689453 0.273438 0.085938 0.132812
0 0.048340 0.077148 0.094727 0.152344
0 0.100586 0.218262 0.095703 0.153320
0 0.160156 0.360840 0.095703 0.153320
0 0.272461 0.775879 0.162109 0.112305
0 0.130859 0.842285 0.162109 0.112305
0 0.423340 0.438965 0.116211 0.159180
0 0.350586 0.030273 0.138672 0.058594
0 0.281738 0.922363 0.170898 0.153320
