0 0.547363 0.929688 0.118164 0.125000
0 0.671875 0.869629 0.078125 0.084961
0 0.643066 0.642578 0.129883 0.091797
0 0.059570 0.066895 0.080078 0.084961
0 0.916016 0.962402 0.072266 0.075195
0 0.783691 0.560547 0.081055 0.078125
0 0.393066 0.607422 0.075195 0.066406
0 0.626465 0.909180 0.071289 0.076172
0 0.124512 0.036621 0.088867 0.071289
0 0.967773 0.934570 0.064453 0.078125
0 0.863770 0.761719 0.075195 0.072266
0 0.913086 0.727539 0.085938 0.070312
0 0.770020 0.814453 0.069336 0.085938
0 0.538086 0.479492 0.083984 0.070312
0 0.617676 0.230957 0.079102 0.059570
0 0.977051 0.448730 0.045898 0.088867
0 0.718262 0.846191 0.071289 0.075195
0 0.356934 0.566895 0.079102 0.065430
0 0.592773 0.174316 0.072266 0.057617
0 0.301270 0.458984 0.077148 0.070312
0 0.669434 0.267578 0.120117 0.076172
0 0.772949 0.027832 0.096680 0.053711
0 0.462891 0.316406 0.097656 0.080078
0 0.811523 0.784180 0.072266 0.072266
0 0.579590 0.534180 0.088867 0.074219
0 0.698730 0.392090 0.071289 0.057617
0 0.854980 0.174316 0.075195 0.067383
0 0.191406 0.863770 0.234375 0.272461
0 0.486816 0.369629 0.092773 0.071289
0 0.865234 0.980469 0.064453 0.039062
0 0.904785 0.284180 0.075195 0.066406
0 0.047852 0.559082 0.093750 0.245117
0 0.443848 0.659180 0.122070 0.080078
0 0.753906 0.498535 0.068359 0.059570
0 0.675781 0.335938 0.085938 0.062500
0 0.509766 0.430176 0.082031 0.065430
0 0.534668 0.065918 0.081055 0.073242
0 0.942871 0.326660 0.084961 0.071289
0 0.291992 0.395020 0.091797 0.067383
0 0.824219 0.121094 0.089844 0.087891
0 0.802734 0.068359 0.089844 0.072266
0 0.948730 0.397949 0.047852 0.051758
0 0.424805 0.263184 0.085938 0.065430
0 0.878418 0.231445 0.075195 0.078125
0 0.593750 0.580566 0.074219 0.065430
0 0.341797 0.508301 0.083984 0.088867
0 0.222656 0.299316 0.072266 0.065430
0 0.207031 0.233398 0.111328 0.074219
0 0.409668 0.212891 0.100586 0.072266
0 0.378418 0.147461 0.100586 0.072266
0 0.248535 0.346191 0.073242 0.065430
0 0.460449 0.729004 0.110352 0.075195
0 0.562988 0.123535 0.081055 0.073242
0 0.737305 0.437988 0.091797 0.063477
