0 0.708333 0.836914 0.171875 0.197266
0 0.276042 0.868164 0.234375 0.109375
0 0.340495 0.738770 0.162760 0.149414
0 0.548828 0.421875 0.199219 0.080078
0 0.217448 0.082031 0.138021 0.162109
0 0.584635 0.024414 0.171875 0.046875
0 0.128906 0.463867 0.145833 0.166016
0 0.466797 0.263184 0.165365 0.112305
0 0.305990 0.225098 0.138021 0.163086
0 0.617839 0.217285 0.165365 0.112305
0 0.759766 0.178223 0.165365 0.112305
0 0.900391 0.130371 0.165365 0.112305
0 0.213542 0.613281 0.145833 0.166016
0 0.061198 0.322754 0.119792 0.165039
0 0.042969 0.155273 0.083333 0.175781
0 0.703776 0.371094 0.199219 0.080078
0 0.479818 0.552246 0.162760 0.149414
0 0.569661 0.681152 0.162760 0.149414
0 0.847656 0.418945 0.143229 0.146484
0 0.912760 0.528320 0.143229 0.146484
0 0.957682 0.636230 0.084635 0.141602
0 0.776693 0.954102 0.157552 0.091797
0 0.930990 0.971680 0.138021 0.056641
