0 0.306152 0.298340 0.098633 0.094727
0 0.675293 0.419434 0.071289 0.077148
0 0.904297 0.651367 0.105469 0.111328
0 0.607422 0.378906 0.080078 0.066406
0 0.966797 0.180664 0.066406 0.070312
0 0.742676 0.141113 0.090820 0.090820
0 0.849121 0.093750 0.063477 0.070312
0 0.906250 0.136230 0.070312 0.069336
0 0.717773 0.468750 0.066406 0.058594
0 0.248047 0.727539 0.107422 0.080078
0 0.072754 0.479004 0.069336 0.084961
0 0.110352 0.529297 0.082031 0.097656
0 0.752441 0.334473 0.067383 0.073242
0 0.795410 0.371094 0.055664 0.076172
0 0.671387 0.075684 0.094727 0.102539
0 0.947266 0.309570 0.085938 0.085938
0 0.296387 0.837891 0.098633 0.099609
0 0.038574 0.041992 0.075195 0.072266
0 0.078613 0.754395 0.081055 0.063477
0 0.231445 0.237793 0.111328 0.088867
0 0.900391 0.269531 0.078125 0.076172
0 0.790039 0.733398 0.107422 0.087891
0 0.792480 0.181152 0.069336 0.083008
0 0.833008 0.209961 0.076172 0.080078
0 0.168457 0.288086 0.092773 0.080078
0 0.026367 0.379883 0.050781 0.097656
0 0.593262 0.206543 0.124023 0.092773
0 0.919434 0.864258 0.081055 0.080078
0 0.066406 0.195801 0.125000 0.094727
0 0.392578 0.966309 0.085938 0.049805
0 0.409668 0.398438 0.110352 0.107422
0 0.208008 0.957031 0.091797 0.076172
0 0.395508 0.199219 0.128906 0.097656
0 0.328613 0.105469 0.116211 0.123047
0 0.661133 0.965332 0.089844 0.069336
0 0.690918 0.787109 0.096680 0.078125
0 0.860840 0.242188 0.057617 0.078125
0 0.965332 0.907227 0.069336 0.076172
0 0.533203 0.035156 0.097656 0.068359
0 0.466797 0.104980 0.126953 0.116211
0 0.056152 0.706055 0.067383 0.052734
0 0.784668 0.062500 0.069336 0.062500
0 0.774902 0.525391 0.120117 0.085938
0 0.840332 0.964355 0.090820 0.069336
0 0.559082 0.876953 0.127930 0.083984
0 0.147461 0.591309 0.072266 0.071289
0 0.423828 0.688965 0.109375 0.094727
0 0.655762 0.598633 0.065430 0.070312
0 0.195801 0.689453 0.057617 0.048828
0 0.705566 0.640625 0.098633 0.083984
0 0.362793 0.352051 0.073242 0.069336
0 0.712891 0.303223 0.054688 0.073242
0 0.397461 0.815430 0.107422 0.050781
0 0.852539 0.413086 0.076172 0.076172
0 0.620117 0.563965 0.087891 0.075195
0 0.913574 0.462402 0.083008 0.077148
0 0.101562 0.802734 0.083984 0.060547
0 0.983887 0.349609 0.032227 0.074219
0 0.084473 0.914551 0.083008 0.077148
0 0.832520 0.500977 0.077148 0.062500
0 0.957031 0.585938 0.072266 0.072266
0 0.202148 0.047852 0.099609 0.091797
0 0.231934 0.584961 0.075195 0.064453
0 0.333984 0.710449 0.070312 0.063477
0 0.805664 0.923828 0.066406 0.070312
0 0.765137 0.891602 0.083008 0.066406
0 0.123535 0.010254 0.081055 0.018555
0 0.148438 0.141602 0.070312 0.070312
0 0.717773 0.821777 0.080078 0.065430
0 0.711914 0.020020 0.083984 0.038086
0 0.971191 0.715332 0.057617 0.071289
0 0.985352 0.527344 0.029297 0.066406
0 0.097168 0.095703 0.075195 0.066406
0 0.539551 0.300293 0.108398 0.118164
0 0.178711 0.874512 0.060547 0.067383
0 0.986328 0.098145 0.027344 0.096680
0 0.985352 0.757324 0.029297 0.049805
0 0.500977 0.830566 0.121094 0.063477
0 0.181641 0.641113 0.074219 0.061523
0 0.931152 0.053711 0.081055 0.058594
0 0.348145 0.900391 0.102539 0.048828
0 0.406738 0.034180 0.112305 0.066406
0 0.044434 0.432617 0.065430 0.058594
0 0.489746 0.713379 0.059570 0.057617
0 0.555664 0.704590 0.068359 0.077148
0 0.621094 0.705566 0.068359 0.077148
0 0.567871 0.523438 0.092773 0.091797
0 0.493164 0.476562 0.119141 0.123047
0 0.095703 0.844727 0.101562 0.052734
0 0.367188 0.929199 0.085938 0.049805
0 0.861328 0.793945 0.089844 0.076172
0 0.736328 0.856934 0.080078 0.065430
0 0.664062 0.267090 0.054688 0.073242
