0 0.102214 0.621745 0.118490 0.113281
0 0.893880 0.561198 0.100260 0.104167
0 0.807943 0.500000 0.100260 0.093750
0 0.234375 0.384115 0.122396 0.096354
0 0.416016 0.401042 0.113281 0.125000
0 0.962240 0.617188 0.075521 0.104167
0 0.199870 0.791667 0.118490 0.125000
0 0.026042 0.511719 0.049479 0.078125
0 0.439453 0.139323 0.126302 0.151042
0 0.147135 0.710938 0.117188 0.114583
0 0.532552 0.261719 0.166667 0.111979
0 0.333333 0.959635 0.143229 0.080729
0 0.184896 0.196615 0.085938 0.091146
0 0.042318 0.057943 0.082031 0.087240
0 0.878906 0.805990 0.072917 0.083333
0 0.480469 0.472656 0.075521 0.080729
0 0.801432 0.288411 0.175781 0.128906
0 0.966797 0.180339 0.066406 0.097656
0 0.715495 0.043620 0.113281 0.082031
0 0.970703 0.447266 0.058594 0.087240
0 0.822266 0.757812 0.115885 0.104167
0 0.623698 0.148438 0.125000 0.122396
0 0.083984 0.255859 0.139323 0.113281
0 0.541667 0.532552 0.106771 0.111979
0 0.321615 0.309896 0.153646 0.114583
0 0.656901 0.636719 0.157552 0.145833
0 0.269531 0.916016 0.075521 0.066406
0 0.182943 0.015625 0.102865 0.028646
0 0.707682 0.397135 0.144531 0.127604
0 0.944010 0.395182 0.083333 0.092448
0 0.065104 0.942057 0.109375 0.069010
0 0.309896 0.782552 0.093750 0.088542
0 0.455078 0.935547 0.092448 0.082031
0 0.938802 0.862630 0.122396 0.136719
0 0.125000 0.125000 0.088542 0.085938
0 0.064453 0.572266 0.097656 0.079427
0 0.340495 0.022786 0.076823 0.042969
0 0.526042 0.042969 0.088542 0.083333
0 0.898438 0.109375 0.130208 0.119792
0 0.259766 0.069010 0.136719 0.085938
0 0.954427 0.025391 0.091146 0.048177
0 0.891927 0.357422 0.083333 0.092448
0 0.755859 0.688802 0.115885 0.104167
0 0.229167 0.854167 0.093750 0.088542
0 0.564453 0.920573 0.128906 0.132812
0 0.658854 0.951823 0.078125 0.070312
0 0.737630 0.945964 0.084635 0.087240
0 0.823568 0.935547 0.084635 0.087240
