0 0.563151 0.233073 0.134115 0.117188
0 0.628255 0.289714 0.110677 0.118490
0 0.926432 0.080078 0.115885 0.113281
0 0.063151 0.781250 0.123698 0.130208
0 0.236979 0.583333 0.145833 0.138021
0 0.082031 0.070964 0.122396 0.105469
0 0.872396 0.537760 0.088542 0.135417
0 0.483073 0.171224 0.140625 0.118490
0 0.143880 0.134766 0.092448 0.082031
0 0.192708 0.954427 0.125000 0.067708
0 0.194661 0.757161 0.154948 0.069010
0 0.722656 0.166016 0.111979 0.108073
0 0.921224 0.462240 0.074219 0.088542
0 0.553385 0.453776 0.078125 0.082031
0 0.597005 0.718750 0.113281 0.111979
0 0.956380 0.877604 0.087240 0.098958
0 0.024740 0.030599 0.046875 0.058594
0 0.662760 0.113932 0.125000 0.108073
0 0.792318 0.936198 0.110677 0.078125
0 0.824219 0.727865 0.109375 0.101562
0 0.866536 0.041667 0.108073 0.080729
0 0.550130 0.949219 0.123698 0.083333
0 0.653646 0.820312 0.088542 0.080729
0 0.793620 0.217448 0.131510 0.119792
0 0.320964 0.305339 0.160156 0.147135
0 0.712891 0.375000 0.170573 0.156250
0 0.807292 0.021484 0.091146 0.040365
0 0.413411 0.837891 0.131510 0.097656
0 0.895833 0.836589 0.106771 0.108073
0 0.483724 0.417318 0.118490 0.097656
0 0.788411 0.329427 0.121094 0.111979
0 0.604167 0.505859 0.140625 0.089844
0 0.490885 0.603516 0.106771 0.092448
0 0.969401 0.142578 0.061198 0.105469
0 0.736979 0.902344 0.101562 0.078125
0 0.606120 0.061849 0.110677 0.102865
0 0.875000 0.280599 0.111979 0.089844
0 0.207682 0.203125 0.157552 0.143229
0 0.694010 0.862630 0.104167 0.082031
0 0.121094 0.603516 0.093750 0.082031
0 0.367188 0.084635 0.164062 0.166667
0 0.552083 0.041016 0.101562 0.079427
0 0.344401 0.769531 0.167969 0.085938
0 0.409505 0.605469 0.069010 0.091146
0 0.712891 0.650391 0.144531 0.100260
0 0.413411 0.354818 0.118490 0.097656
0 0.343099 0.609375 0.069010 0.091146
0 0.158854 0.912109 0.106771 0.066406
0 0.128906 0.869141 0.106771 0.066406
0 0.619792 0.769531 0.088542 0.080729
0 0.949870 0.625000 0.074219 0.088542
0 0.955078 0.434245 0.058594 0.076823
