0 0.563802 0.424805 0.132812 0.083984
0 0.485026 0.377441 0.136719 0.086914
0 0.658203 0.142090 0.121094 0.090820
0 0.629557 0.464844 0.113281 0.087891
0 0.570312 0.074219 0.145833 0.105469
0 0.799479 0.098633 0.109375 0.083984
0 0.547526 0.965332 0.118490 0.069336
0 0.665365 0.334961 0.114583 0.078125
0 0.723958 0.373047 0.109375 0.080078
0 0.460938 0.211914 0.184896 0.107422
0 0.862630 0.655273 0.110677 0.097656
0 0.413411 0.869629 0.147135 0.065430
0 0.868490 0.269043 0.104167 0.075195
0 0.723958 0.181152 0.093750 0.083008
0 0.719401 0.058105 0.105469 0.071289
0 0.484375 0.562012 0.117188 0.075195
0 0.378906 0.035156 0.130208 0.068359
0 0.779297 0.209961 0.102865 0.080078
0 0.197917 0.964844 0.130208 0.056641
0 0.878255 0.142090 0.105469 0.079102
0 0.227214 0.689453 0.144531 0.091797
0 0.613932 0.832520 0.100260 0.073242
0 0.289062 0.104492 0.169271 0.115234
0 0.927083 0.308105 0.109375 0.086914
0 0.109375 0.103516 0.153646 0.119141
0 0.539714 0.599609 0.087240 0.070312
0 0.794922 0.415039 0.128906 0.087891
0 0.704427 0.535645 0.158854 0.088867
0 0.825521 0.796875 0.125000 0.085938
0 0.391276 0.305664 0.167969 0.101562
0 0.814453 0.242676 0.082031 0.073242
0 0.609375 0.637207 0.130208 0.083008
0 0.691406 0.891602 0.083333 0.056641
0 0.605469 0.297363 0.104167 0.077148
0 0.784505 0.960449 0.113281 0.075195
0 0.194661 0.198730 0.170573 0.096680
0 0.078125 0.298340 0.135417 0.088867
0 0.634766 0.025879 0.131510 0.049805
0 0.789062 0.500977 0.114583 0.076172
0 0.655599 0.860352 0.102865 0.058594
0 0.145182 0.345215 0.095052 0.067383
0 0.735677 0.924316 0.096354 0.059570
0 0.195964 0.814941 0.147135 0.049805
0 0.337891 0.830078 0.162760 0.064453
0 0.879557 0.462402 0.105469 0.077148
0 0.125651 0.706055 0.069010 0.052734
0 0.492188 0.703613 0.098958 0.067383
0 0.195964 0.035645 0.115885 0.069336
0 0.208333 0.400879 0.119792 0.090820
0 0.949870 0.184082 0.095052 0.084961
0 0.063802 0.837402 0.114583 0.096680
0 0.403646 0.520020 0.117188 0.075195
0 0.306641 0.488770 0.160156 0.100586
0 0.417969 0.702637 0.083333 0.063477
0 0.337240 0.706543 0.083333 0.063477
0 0.158203 0.934570 0.102865 0.052734
0 0.130859 0.899414 0.102865 0.052734
0 0.735677 0.742188 0.125000 0.085938
0 0.601562 0.779297 0.135417 0.089844
0 0.889974 0.866699 0.113281 0.075195
0 0.953125 0.911621 0.093750 0.073242
0 0.919271 0.608398 0.091146 0.072266
0 0.962240 0.575195 0.075521 0.062500
0 0.962240 0.717773 0.075521 0.062500
0 0.034505 0.733398 0.066406 0.052734
