0 0.562988 0.554688 0.104492 0.095703
0 0.181641 0.862793 0.123047 0.116211
0 0.224609 0.247070 0.083984 0.076172
0 0.909668 0.669434 0.098633 0.084961
0 0.121582 0.446777 0.104492 0.077148
0 0.912109 0.100586 0.082031 0.060547
0 0.861328 0.626953 0.101562 0.087891
0 0.197754 0.090820 0.096680 0.085938
0 0.722168 0.190918 0.088867 0.084961
0 0.060059 0.405762 0.090820 0.075195
0 0.326172 0.718750 0.087891 0.083984
0 0.781250 0.277344 0.082031 0.064453
0 0.375000 0.244629 0.083984 0.071289
0 0.263184 0.147949 0.090820 0.077148
0 0.285645 0.291992 0.077148 0.070312
0 0.256836 0.635254 0.091797 0.086914
0 0.554688 0.106445 0.128906 0.138672
0 0.965332 0.715332 0.069336 0.088867
0 0.168457 0.495117 0.088867 0.078125
0 0.318359 0.196289 0.078125 0.070312
0 0.483398 0.485840 0.115234 0.092773
0 0.427734 0.539551 0.125000 0.088867
0 0.360840 0.781250 0.081055 0.093750
0 0.109375 0.141602 0.074219 0.074219
0 0.372559 0.142578 0.100586 0.083984
0 0.315918 0.445801 0.125977 0.094727
0 0.223633 0.571777 0.072266 0.081055
0 0.208008 0.527344 0.083984 0.076172
0 0.458008 0.040527 0.089844 0.079102
0 0.164062 0.195801 0.078125 0.073242
0 0.579102 0.359863 0.117188 0.122070
0 0.646484 0.448730 0.126953 0.079102
0 0.714844 0.361816 0.087891 0.104492
0 0.451172 0.298828 0.099609 0.087891
0 0.652344 0.266602 0.105469 0.117188
0 0.969727 0.259277 0.058594 0.081055
0 0.845703 0.460938 0.130859 0.095703
0 0.805176 0.083496 0.071289 0.055664
0 0.974121 0.386230 0.051758 0.090820
0 0.050293 0.088867 0.086914 0.072266
0 0.881348 0.162598 0.065430 0.059570
0 0.659668 0.648926 0.110352 0.106445
0 0.770020 0.552246 0.118164 0.118164
0 0.405273 0.843750 0.095703 0.091797
0 0.504395 0.241211 0.092773 0.085938
0 0.981934 0.598633 0.036133 0.068359
0 0.612793 0.602051 0.073242 0.069336
0 0.499023 0.967773 0.101562 0.064453
0 0.291992 0.958496 0.103516 0.061523
0 0.104980 0.029785 0.106445 0.057617
0 0.957520 0.547363 0.063477 0.065430
0 0.158691 0.757812 0.084961 0.064453
0 0.911133 0.854004 0.060547 0.059570
0 0.347656 0.346191 0.076172 0.069336
0 0.398438 0.391113 0.072266 0.071289
0 0.958496 0.038574 0.083008 0.075195
0 0.867188 0.818359 0.066406 0.082031
0 0.386230 0.016113 0.083008 0.030273
0 0.016113 0.843750 0.030273 0.070312
0 0.448242 0.935547 0.060547 0.060547
0 0.109863 0.677246 0.118164 0.141602
0 0.477051 0.848145 0.067383 0.063477
0 0.692871 0.025879 0.065430 0.049805
0 0.845215 0.193848 0.083008 0.069336
0 0.028320 0.367676 0.054688 0.079102
0 0.326172 0.985352 0.072266 0.029297
0 0.327637 0.095215 0.051758 0.051758
0 0.015625 0.048340 0.029297 0.077148
0 0.025391 0.679688 0.048828 0.080078
0 0.302734 0.075195 0.058594 0.064453
0 0.831543 0.242188 0.065430 0.056641
0 0.763184 0.136230 0.071289 0.055664
0 0.022949 0.560059 0.043945 0.084961
0 0.298340 0.673828 0.065430 0.062500
0 0.588379 0.957520 0.069336 0.084961
0 0.675293 0.943848 0.090820 0.094727
0 0.748535 0.959961 0.067383 0.080078
0 0.812012 0.959961 0.067383 0.080078
0 0.872559 0.952148 0.067383 0.080078
0 0.955566 0.895020 0.088867 0.094727
0 0.811035 0.773438 0.083008 0.076172
0 0.741699 0.728027 0.106445 0.104492
0 0.430664 0.189941 0.083984 0.071289
0 0.248535 0.032715 0.096680 0.063477
0 0.923340 0.328125 0.092773 0.103516
0 0.917480 0.518066 0.063477 0.065430
