0 0.077474 0.541016 0.121094 0.102865
0 0.161458 0.593099 0.135417 0.100260
0 0.302734 0.319661 0.092448 0.089844
0 0.570964 0.716797 0.121094 0.097656
0 0.207031 0.267578 0.109375 0.100260
0 0.369141 0.404948 0.097656 0.098958
0 0.416016 0.264974 0.092448 0.079427
0 0.496745 0.325521 0.097656 0.080729
0 0.811198 0.803385 0.075521 0.080729
0 0.436849 0.956380 0.097656 0.087240
0 0.149089 0.179688 0.095052 0.098958
0 0.222656 0.656250 0.117188 0.106771
0 0.748698 0.736328 0.117188 0.110677
0 0.340495 0.839844 0.097656 0.096354
0 0.256510 0.128255 0.106771 0.092448
0 0.656901 0.649740 0.134115 0.114583
0 0.347005 0.192708 0.102865 0.080729
0 0.272135 0.710938 0.111979 0.098958
0 0.591146 0.053385 0.104167 0.088542
0 0.516927 0.524089 0.091146 0.095052
0 0.931641 0.031901 0.079427 0.061198
0 0.421224 0.595703 0.173177 0.126302
0 0.738932 0.149740 0.225260 0.216146
0 0.777995 0.470052 0.154948 0.158854
0 0.951823 0.251302 0.096354 0.109375
0 0.490885 0.180339 0.111979 0.095052
0 0.145833 0.028646 0.138021 0.054688
0 0.290365 0.771484 0.085938 0.082031
0 0.596354 0.391927 0.135417 0.091146
0 0.863281 0.597005 0.171875 0.100260
0 0.944010 0.477865 0.111979 0.151042
0 0.402344 0.905599 0.091146 0.076823
0 0.869792 0.867188 0.135417 0.127604
0 0.522786 0.021484 0.115885 0.040365
0 0.135417 0.895833 0.156250 0.156250
0 0.873698 0.334635 0.138021 0.140625
0 0.014974 0.083333 0.027344 0.067708
0 0.056641 0.131510 0.089844 0.070312
0 0.937500 0.949219 0.125000 0.101562
0 0.322917 0.046224 0.106771 0.089844
0 0.395182 0.096354 0.066406 0.070312
0 0.427734 0.128906 0.066406 0.070312
0 0.575521 0.250651 0.088542 0.084635
0 0.660807 0.307943 0.089844 0.089844
0 0.451172 0.462240 0.097656 0.098958
0 0.029948 0.496094 0.057292 0.130208
0 0.035156 0.912109 0.067708 0.100260
0 0.035156 0.736328 0.067708 0.100260
