0 0.655599 0.146484 0.160156 0.072266
0 0.311849 0.244141 0.147135 0.087891
0 0.868490 0.166016 0.119792 0.097656
0 0.377604 0.302246 0.143229 0.086914
0 0.774740 0.280762 0.109375 0.090820
0 0.612630 0.270020 0.087240 0.075195
0 0.616536 0.500488 0.123698 0.090820
0 0.770833 0.155273 0.078125 0.078125
0 0.560547 0.231934 0.084635 0.061523
0 0.683594 0.276855 0.080729 0.081055
0 0.250000 0.163086 0.135417 0.080078
0 0.689453 0.553223 0.134115 0.075195
0 0.052083 0.413574 0.101562 0.079102
0 0.439453 0.354492 0.157552 0.074219
0 0.481120 0.150879 0.180990 0.106445
0 0.504557 0.404785 0.147135 0.071289
0 0.126953 0.218750 0.162760 0.134766
0 0.406901 0.030762 0.217448 0.059570
0 0.791667 0.637695 0.125000 0.076172
0 0.847005 0.673340 0.121094 0.071289
0 0.741536 0.596191 0.128906 0.077148
0 0.211589 0.852051 0.154948 0.118164
0 0.675781 0.971191 0.161458 0.057617
0 0.900391 0.739746 0.136719 0.086914
0 0.916016 0.507812 0.084635 0.068359
0 0.445312 0.774902 0.195312 0.108398
0 0.928385 0.862305 0.114583 0.062500
0 0.911458 0.977539 0.132812 0.044922
0 0.929036 0.804688 0.105469 0.060547
0 0.880208 0.291504 0.106771 0.083008
0 0.605469 0.857910 0.210938 0.198242
0 0.317057 0.806152 0.152344 0.118164
0 0.067057 0.326172 0.131510 0.095703
0 0.839193 0.444336 0.191406 0.109375
0 0.921875 0.924316 0.119792 0.063477
0 0.966146 0.426270 0.067708 0.067383
0 0.962240 0.172852 0.072917 0.097656
0 0.966146 0.297852 0.067708 0.085938
0 0.550130 0.435547 0.108073 0.074219
0 0.106120 0.935547 0.194010 0.123047
0 0.038411 0.480469 0.074219 0.064453
0 0.022786 0.542480 0.042969 0.061523
0 0.041016 0.839355 0.079427 0.069336
0 0.026042 0.779785 0.049479 0.059570
0 0.968750 0.555176 0.062500 0.069336
