0 0.158691 0.626465 0.135742 0.079102
0 0.195312 0.485352 0.140625 0.166016
0 0.408691 0.889160 0.127930 0.098633
0 0.380371 0.765137 0.106445 0.063477
0 0.480957 0.728027 0.083008 0.075195
0 0.250977 0.954590 0.101562 0.090820
0 0.684570 0.786621 0.087891 0.088867
0 0.291016 0.782715 0.078125 0.081055
0 0.297852 0.527344 0.070312 0.078125
0 0.414062 0.961914 0.083984 0.054688
0 0.219238 0.803223 0.081055 0.084961
0 0.498535 0.854004 0.071289 0.090820
0 0.259277 0.648438 0.086914 0.072266
0 0.802734 0.130859 0.318359 0.259766
0 0.771973 0.847656 0.034180 0.052734
0 0.508301 0.261719 0.319336 0.312500
0 0.958496 0.976074 0.083008 0.047852
0 0.072754 0.979980 0.094727 0.040039
0 0.763672 0.761230 0.095703 0.088867
0 0.608887 0.674316 0.090820 0.071289
0 0.947754 0.677734 0.104492 0.078125
0 0.233887 0.162598 0.141602 0.288086
0 0.830566 0.735840 0.075195 0.102539
0 0.161133 0.964844 0.072266 0.070312
0 0.721680 0.872070 0.066406 0.072266
0 0.412598 0.682617 0.067383 0.068359
0 0.765137 0.609863 0.092773 0.116211
0 0.431152 0.560547 0.069336 0.068359
0 0.934082 0.551270 0.131836 0.081055
0 0.634766 0.888184 0.101562 0.083008
0 0.045898 0.602051 0.087891 0.059570
0 0.589355 0.969238 0.047852 0.061523
0 0.499512 0.583496 0.077148 0.067383
0 0.536621 0.979980 0.045898 0.040039
0 0.363770 0.544434 0.065430 0.069336
0 0.145020 0.835449 0.096680 0.104492
0 0.376953 0.036133 0.095703 0.070312
0 0.343262 0.672363 0.071289 0.073242
0 0.056152 0.859863 0.083008 0.104492
0 0.803223 0.839355 0.028320 0.049805
0 0.986328 0.280762 0.027344 0.077148
0 0.951660 0.299316 0.053711 0.069336
0 0.895996 0.336426 0.061523 0.077148
0 0.689453 0.643555 0.080078 0.074219
0 0.831543 0.826660 0.028320 0.049805
