0 0.894531 0.119629 0.085938 0.084961
0 0.444336 0.816895 0.115234 0.094727
0 0.560059 0.905762 0.086914 0.075195
0 0.724609 0.747070 0.083984 0.076172
0 0.379395 0.772461 0.092773 0.076172
0 0.375488 0.440430 0.081055 0.078125
0 0.697266 0.589844 0.074219 0.064453
0 0.255371 0.690430 0.069336 0.052734
0 0.816406 0.947266 0.126953 0.097656
0 0.313965 0.390625 0.084961 0.076172
0 0.801270 0.183105 0.081055 0.084961
0 0.644531 0.287598 0.074219 0.065430
0 0.487793 0.418457 0.090820 0.079102
0 0.430176 0.504395 0.086914 0.094727
0 0.685059 0.208984 0.061523 0.052734
0 0.325684 0.923340 0.077148 0.069336
0 0.786133 0.792480 0.076172 0.071289
0 0.429688 0.366699 0.076172 0.077148
0 0.874512 0.744141 0.083008 0.070312
0 0.411621 0.245117 0.084961 0.080078
0 0.622559 0.947266 0.102539 0.078125
0 0.728516 0.126953 0.089844 0.082031
0 0.540039 0.345215 0.080078 0.079102
0 0.545898 0.467285 0.083984 0.073242
0 0.609863 0.518555 0.092773 0.082031
0 0.105957 0.093262 0.083008 0.077148
0 0.818359 0.696289 0.076172 0.070312
0 0.237793 0.852051 0.075195 0.071289
0 0.834473 0.038574 0.108398 0.075195
0 0.763184 0.647461 0.090820 0.076172
0 0.940918 0.298828 0.096680 0.103516
0 0.369629 0.317383 0.083008 0.076172
0 0.692383 0.317871 0.068359 0.065430
0 0.579102 0.238281 0.062500 0.066406
0 0.135742 0.275391 0.097656 0.076172
0 0.748535 0.373535 0.055664 0.057617
0 0.173340 0.042969 0.079102 0.068359
0 0.658691 0.448730 0.096680 0.086914
0 0.949707 0.541016 0.065430 0.064453
0 0.882812 0.633789 0.070312 0.068359
0 0.609375 0.641113 0.074219 0.073242
0 0.180176 0.818359 0.073242 0.066406
0 0.477539 0.292480 0.083984 0.075195
0 0.724609 0.250000 0.056641 0.052734
0 0.867188 0.483398 0.117188 0.095703
0 0.946777 0.967773 0.106445 0.064453
0 0.291992 0.718750 0.072266 0.064453
0 0.079102 0.722656 0.138672 0.105469
0 0.668945 0.976562 0.087891 0.046875
0 0.527344 0.183105 0.083984 0.069336
0 0.664062 0.695801 0.078125 0.073242
0 0.950684 0.798828 0.096680 0.089844
0 0.211914 0.652344 0.087891 0.066406
0 0.330566 0.023438 0.106445 0.044922
0 0.501465 0.865234 0.110352 0.085938
0 0.490234 0.543945 0.076172 0.078125
0 0.047363 0.041992 0.088867 0.074219
0 0.646484 0.048340 0.119141 0.079102
0 0.550293 0.588867 0.086914 0.072266
0 0.309082 0.262207 0.077148 0.071289
0 0.380371 0.946777 0.067383 0.059570
0 0.253418 0.340820 0.075195 0.068359
0 0.114746 0.587402 0.106445 0.086914
0 0.043945 0.267578 0.085938 0.072266
0 0.344238 0.193848 0.108398 0.086914
0 0.599609 0.138184 0.060547 0.051758
0 0.147461 0.773438 0.080078 0.058594
0 0.639160 0.180664 0.055664 0.046875
0 0.128418 0.015625 0.073242 0.029297
0 0.433594 0.102051 0.070312 0.067383
0 0.958984 0.151855 0.066406 0.061523
0 0.847656 0.845703 0.076172 0.068359
0 0.337891 0.735840 0.083984 0.073242
0 0.205078 0.294922 0.070312 0.070312
0 0.167969 0.145508 0.087891 0.083984
0 0.895996 0.890137 0.065430 0.069336
0 0.580078 0.012207 0.082031 0.022461
0 0.980469 0.178711 0.039062 0.054688
0 0.966797 0.041016 0.066406 0.060547
0 0.235352 0.092773 0.082031 0.080078
0 0.591309 0.392578 0.065430 0.066406
0 0.020996 0.665039 0.040039 0.085938
0 0.987793 0.562988 0.024414 0.051758
0 0.499023 0.069336 0.093750 0.062500
0 0.827637 0.595703 0.049805 0.050781
0 0.174316 0.618652 0.063477 0.057617
0 0.803223 0.575684 0.059570 0.065430
0 0.885742 0.237305 0.064453 0.072266
0 0.981934 0.728516 0.036133 0.066406
0 0.851074 0.222656 0.057617 0.064453
0 0.282227 0.892090 0.076172 0.071289
0 0.431152 0.978027 0.073242 0.043945
0 0.940430 0.700195 0.074219 0.076172
0 0.749023 0.526367 0.074219 0.064453
0 0.558594 0.110840 0.042969 0.047852
0 0.479980 0.138672 0.059570 0.048828
0 0.787598 0.309082 0.055664 0.057617
0 0.044922 0.161133 0.087891 0.074219
0 0.377930 0.641113 0.083984 0.073242
0 0.268555 0.220703 0.060547 0.058594
