0 0.416016 0.877604 0.092448 0.091146
0 0.486979 0.931641 0.114583 0.095052
0 0.173828 0.695964 0.102865 0.087240
0 0.263021 0.744141 0.140625 0.115885
0 0.636068 0.664714 0.097656 0.084635
0 0.391927 0.123698 0.098958 0.080729
0 0.157552 0.080078 0.101562 0.084635
0 0.226562 0.158854 0.083333 0.080729
0 0.832682 0.660156 0.105469 0.080729
0 0.927083 0.059896 0.138021 0.117188
0 0.535156 0.050130 0.096354 0.076823
0 0.750000 0.596354 0.091146 0.078125
0 0.708984 0.736328 0.089844 0.084635
0 0.313802 0.218750 0.106771 0.083333
0 0.660807 0.164062 0.105469 0.104167
0 0.050781 0.634766 0.075521 0.074219
0 0.750000 0.937500 0.145833 0.106771
0 0.554036 0.972656 0.100260 0.054688
0 0.242188 0.335286 0.098958 0.097656
0 0.393880 0.285807 0.095052 0.084635
0 0.558594 0.601562 0.093750 0.088542
0 0.589193 0.453776 0.110677 0.089844
0 0.599609 0.091146 0.087240 0.098958
0 0.322266 0.396484 0.087240 0.087240
0 0.823568 0.513672 0.105469 0.084635
0 0.542969 0.263672 0.111979 0.100260
0 0.934245 0.385417 0.095052 0.091146
0 0.850911 0.859375 0.084635 0.091146
0 0.465495 0.354818 0.131510 0.084635
0 0.069010 0.026693 0.109375 0.050781
0 0.678385 0.529297 0.098958 0.079427
0 0.024740 0.586589 0.046875 0.071615
0 0.151693 0.252604 0.097656 0.080729
0 0.080078 0.188802 0.092448 0.091146
0 0.949219 0.961589 0.101562 0.076823
0 0.304036 0.050130 0.082031 0.074219
0 0.329427 0.824219 0.104167 0.088542
0 0.973307 0.630859 0.053385 0.092448
0 0.095052 0.902344 0.106771 0.096354
0 0.483724 0.524089 0.079427 0.087240
0 0.182292 0.524740 0.117188 0.114583
0 0.821615 0.020833 0.062500 0.039062
0 0.925781 0.727214 0.114583 0.092448
0 0.835938 0.292318 0.174479 0.123698
0 0.453125 0.016276 0.083333 0.029948
0 0.044922 0.858724 0.087240 0.095052
0 0.239583 0.977865 0.083333 0.044271
0 0.021484 0.794922 0.040365 0.066406
0 0.113281 0.657552 0.093750 0.083333
0 0.972005 0.138021 0.055990 0.067708
0 0.020833 0.135417 0.039062 0.078125
0 0.401042 0.477865 0.119792 0.096354
0 0.658203 0.366536 0.102865 0.087240
0 0.905599 0.575521 0.095052 0.091146
0 0.746745 0.449870 0.102865 0.087240
0 0.794922 0.799479 0.084635 0.091146
0 0.453776 0.195964 0.095052 0.084635
0 0.714193 0.072917 0.113281 0.091146
0 0.213542 0.021484 0.106771 0.040365
0 0.169271 0.940755 0.091146 0.079427
