0 0.404785 0.624512 0.127930 0.090820
0 0.446777 0.483398 0.118164 0.164062
0 0.653809 0.882812 0.116211 0.091797
0 0.625000 0.760742 0.101562 0.080078
0 0.500977 0.954590 0.101562 0.090820
0 0.729004 0.723633 0.096680 0.082031
0 0.027344 0.515625 0.052734 0.103516
0 0.543457 0.783203 0.071289 0.095703
0 0.933105 0.778809 0.086914 0.069336
0 0.474121 0.801758 0.083008 0.080078
0 0.664062 0.961914 0.083984 0.054688
0 0.547852 0.527344 0.070312 0.078125
0 0.234375 0.877441 0.091797 0.094727
0 0.750977 0.854980 0.062500 0.079102
0 0.188477 0.753418 0.101562 0.125977
0 0.208984 0.559570 0.099609 0.132812
0 0.513184 0.648926 0.096680 0.075195
0 0.331543 0.979492 0.092773 0.041016
0 0.970703 0.868652 0.058594 0.067383
0 0.484863 0.161133 0.133789 0.291016
0 0.031250 0.126953 0.060547 0.251953
0 0.761230 0.269531 0.315430 0.322266
0 0.412109 0.967285 0.074219 0.065430
0 0.295898 0.606934 0.083984 0.061523
0 0.175781 0.898926 0.042969 0.086914
0 0.021973 0.951172 0.041992 0.080078
0 0.659668 0.682617 0.067383 0.068359
0 0.106445 0.524414 0.105469 0.089844
0 0.396973 0.829590 0.090820 0.096680
0 0.681152 0.560547 0.069336 0.068359
0 0.861816 0.674316 0.086914 0.065430
0 0.887695 0.884277 0.105469 0.088867
0 0.786133 0.979980 0.058594 0.040039
0 0.063965 0.919434 0.069336 0.065430
0 0.313965 0.852051 0.086914 0.092773
0 0.613770 0.544434 0.065430 0.069336
0 0.748047 0.581543 0.076172 0.069336
0 0.983887 0.762207 0.032227 0.073242
0 0.946777 0.104980 0.106445 0.208008
0 0.596680 0.667480 0.062500 0.073242
0 0.937012 0.647949 0.086914 0.065430
0 0.985352 0.627930 0.029297 0.076172
0 0.127930 0.943359 0.070312 0.070312
0 0.837402 0.969727 0.053711 0.060547
0 0.634766 0.029785 0.099609 0.057617
