0 0.305990 0.631510 0.122396 0.101562
0 0.170573 0.680339 0.145833 0.110677
0 0.329427 0.799479 0.085938 0.104167
0 0.207682 0.848307 0.152344 0.128906
0 0.052083 0.701823 0.101562 0.125000
0 0.583333 0.709635 0.117188 0.093750
0 0.333984 0.446615 0.102865 0.085938
0 0.772786 0.645182 0.092448 0.128906
0 0.059896 0.368490 0.106771 0.098958
0 0.151693 0.394531 0.089844 0.093750
0 0.678385 0.671224 0.109375 0.092448
0 0.218750 0.943359 0.109375 0.061198
0 0.688151 0.474609 0.126302 0.134115
0 0.944010 0.976562 0.111979 0.046875
0 0.026042 0.938151 0.049479 0.123698
0 0.486328 0.867188 0.076823 0.075521
0 0.633464 0.810547 0.100260 0.074219
0 0.242839 0.421224 0.095052 0.087240
0 0.930990 0.568359 0.138021 0.108073
0 0.699219 0.792969 0.041667 0.078125
0 0.207031 0.578776 0.083333 0.097656
0 0.551432 0.845703 0.076823 0.087240
0 0.906250 0.085938 0.187500 0.161458
0 0.027995 0.039714 0.053385 0.076823
0 0.348307 0.116536 0.402344 0.230469
0 0.916016 0.404297 0.167969 0.121094
0 0.482422 0.565755 0.121094 0.092448
0 0.130208 0.555990 0.096354 0.109375
0 0.041667 0.533854 0.080729 0.104167
0 0.582682 0.531901 0.121094 0.092448
0 0.386068 0.968099 0.071615 0.063802
0 0.452474 0.958333 0.071615 0.083333
0 0.734375 0.783854 0.041667 0.078125
0 0.774740 0.774740 0.041667 0.078125
