0 0.335286 0.955078 0.139323 0.089844
0 0.658203 0.857422 0.084635 0.076172
0 0.669271 0.582520 0.093750 0.061523
0 0.393229 0.533203 0.096354 0.070312
0 0.916016 0.779297 0.115885 0.080078
0 0.316406 0.158691 0.166667 0.295898
0 0.544922 0.958008 0.097656 0.048828
0 0.814453 0.673340 0.113281 0.065430
0 0.916016 0.654297 0.097656 0.068359
0 0.854167 0.894531 0.130208 0.070312
0 0.722005 0.976562 0.087240 0.046875
0 0.643880 0.723633 0.118490 0.085938
0 0.980469 0.761719 0.039062 0.066406
0 0.537109 0.886719 0.147135 0.091797
0 0.488281 0.545898 0.088542 0.076172
0 0.573568 0.566406 0.087240 0.060547
0 0.214844 0.968750 0.096354 0.062500
0 0.266276 0.480469 0.152344 0.162109
0 0.957031 0.862305 0.085938 0.064453
0 0.510417 0.036621 0.109375 0.071289
0 0.980469 0.631348 0.039062 0.069336
0 0.548828 0.686035 0.092448 0.073242
0 0.691406 0.264160 0.414062 0.313477
0 0.932292 0.120117 0.135417 0.238281
0 0.104167 0.980957 0.119792 0.038086
0 0.460286 0.666504 0.092448 0.073242
0 0.348307 0.651367 0.136719 0.074219
0 0.201823 0.626465 0.166667 0.090820
0 0.063802 0.608887 0.119792 0.063477
0 0.388021 0.779785 0.111979 0.083008
0 0.503906 0.762207 0.138021 0.073242
0 0.295573 0.808105 0.111979 0.083008
0 0.194010 0.827637 0.111979 0.083008
0 0.078125 0.861816 0.111979 0.083008
