0 0.640625 0.644043 0.085938 0.090820
0 0.721191 0.632812 0.084961 0.099609
0 0.548340 0.653320 0.102539 0.068359
0 0.797852 0.615234 0.087891 0.083984
0 0.810547 0.922852 0.087891 0.064453
0 0.558594 0.967773 0.099609 0.064453
0 0.723145 0.940918 0.090820 0.075195
0 0.914551 0.581055 0.166992 0.101562
0 0.643066 0.954102 0.069336 0.072266
0 0.184570 0.786133 0.087891 0.087891
0 0.625000 0.496582 0.105469 0.086914
0 0.541016 0.522461 0.082031 0.085938
0 0.460938 0.977539 0.093750 0.044922
0 0.895020 0.908203 0.079102 0.066406
0 0.433594 0.552246 0.132812 0.073242
0 0.263672 0.761719 0.095703 0.087891
0 0.649902 0.099609 0.063477 0.072266
0 0.308594 0.131348 0.322266 0.260742
0 0.330566 0.735840 0.075195 0.102539
0 0.186523 0.651367 0.078125 0.072266
0 0.084473 0.269043 0.166992 0.342773
0 0.135742 0.891113 0.101562 0.077148
0 0.502930 0.262207 0.066406 0.065430
0 0.279785 0.607910 0.102539 0.108398
0 0.014648 0.851074 0.027344 0.104492
0 0.449219 0.675293 0.107422 0.063477
0 0.966309 0.893066 0.067383 0.063477
0 0.039062 0.971680 0.064453 0.056641
0 0.086426 0.968750 0.055664 0.062500
0 0.878418 0.461426 0.233398 0.120117
0 0.014160 0.718262 0.026367 0.069336
0 0.621582 0.151367 0.063477 0.072266
0 0.583496 0.204102 0.063477 0.072266
0 0.539062 0.236816 0.056641 0.063477
0 0.452148 0.300293 0.066406 0.065430
0 0.401367 0.334473 0.066406 0.065430
0 0.106445 0.670898 0.078125 0.072266
0 0.021484 0.588379 0.041016 0.067383
0 0.917480 0.232910 0.165039 0.157227
0 0.732422 0.317871 0.189453 0.166992
0 0.274902 0.846680 0.036133 0.050781
0 0.301270 0.836914 0.036133 0.050781
0 0.332520 0.829102 0.036133 0.050781
0 0.220215 0.863281 0.067383 0.070312
