0 0.297852 0.820312 0.087891 0.111979
0 0.140625 0.858724 0.085938 0.123698
0 0.220215 0.841146 0.084961 0.132812
0 0.041016 0.694010 0.080078 0.117188
0 0.673828 0.503906 0.187500 0.135417
0 0.124512 0.662760 0.104492 0.114583
0 0.049805 0.871094 0.097656 0.091146
0 0.416992 0.775391 0.171875 0.126302
0 0.044434 0.309245 0.057617 0.095052
0 0.975098 0.437500 0.049805 0.151042
0 0.534180 0.544922 0.111328 0.110677
0 0.860840 0.475260 0.184570 0.171875
0 0.711914 0.151042 0.228516 0.218750
0 0.391602 0.346354 0.121094 0.177083
0 0.153809 0.121745 0.067383 0.095052
0 0.648438 0.781901 0.232422 0.342448
0 0.237793 0.421875 0.194336 0.184896
0 0.358887 0.606771 0.229492 0.161458
0 0.962891 0.072266 0.074219 0.141927
0 0.123535 0.203125 0.069336 0.083333
0 0.073730 0.272135 0.069336 0.083333
0 0.508789 0.250651 0.166016 0.199219
