0 0.546224 0.890137 0.170573 0.100586
0 0.329427 0.952637 0.135417 0.090820
0 0.500000 0.755371 0.135417 0.069336
0 0.384115 0.785645 0.111979 0.083008
0 0.638672 0.723633 0.128906 0.082031
0 0.260417 0.485840 0.184896 0.166992
0 0.664714 0.854004 0.097656 0.090820
0 0.397135 0.527344 0.093750 0.078125
0 0.293620 0.807129 0.110677 0.100586
0 0.459635 0.666504 0.091146 0.071289
0 0.203776 0.629883 0.162760 0.085938
0 0.552083 0.964844 0.111979 0.054688
0 0.309245 0.161621 0.175781 0.295898
0 0.688151 0.268066 0.423177 0.305664
0 0.574219 0.562500 0.093750 0.068359
0 0.546224 0.683594 0.089844 0.068359
0 0.666016 0.583496 0.102865 0.067383
0 0.222005 0.967285 0.100260 0.065430
0 0.098958 0.976562 0.143229 0.046875
0 0.484375 0.544922 0.088542 0.068359
0 0.184245 0.833008 0.131510 0.115234
0 0.721354 0.979980 0.072917 0.040039
0 0.509115 0.037109 0.106771 0.072266
0 0.929688 0.099609 0.140625 0.197266
0 0.352214 0.647949 0.141927 0.094727
0 0.062500 0.608887 0.122396 0.069336
0 0.062500 0.856934 0.122396 0.120117
0 0.814453 0.675293 0.115885 0.067383
0 0.914062 0.647949 0.117188 0.063477
0 0.979818 0.625977 0.040365 0.078125
0 0.905599 0.778809 0.115885 0.067383
0 0.981120 0.759766 0.037760 0.070312
0 0.960286 0.870117 0.079427 0.060547
0 0.780599 0.973633 0.063802 0.052734
0 0.854167 0.893555 0.132812 0.062500
