0 0.516602 0.204102 0.089844 0.082031
0 0.385254 0.525391 0.098633 0.076172
0 0.293945 0.517578 0.085938 0.070312
0 0.625488 0.690918 0.081055 0.079102
0 0.563965 0.640625 0.084961 0.076172
0 0.207031 0.512207 0.091797 0.071289
0 0.355469 0.343262 0.082031 0.077148
0 0.058594 0.665527 0.082031 0.081055
0 0.425293 0.290527 0.088867 0.079102
0 0.505859 0.939453 0.068359 0.054688
0 0.900879 0.531250 0.069336 0.062500
0 0.581543 0.259766 0.098633 0.093750
0 0.672363 0.751953 0.071289 0.068359
0 0.729980 0.671875 0.067383 0.066406
0 0.364746 0.240234 0.088867 0.082031
0 0.937988 0.461914 0.063477 0.050781
0 0.224121 0.732422 0.112305 0.089844
0 0.681152 0.615723 0.063477 0.067383
0 0.664551 0.486328 0.071289 0.072266
0 0.230469 0.899902 0.115234 0.104492
0 0.788574 0.597656 0.063477 0.060547
0 0.619629 0.567383 0.083008 0.076172
0 0.799316 0.718750 0.067383 0.058594
0 0.122070 0.505371 0.087891 0.081055
0 0.828613 0.242188 0.090820 0.068359
0 0.135254 0.689453 0.083008 0.085938
0 0.861328 0.761230 0.091797 0.059570
0 0.048828 0.202637 0.095703 0.170898
0 0.833008 0.473633 0.068359 0.058594
0 0.332031 0.959961 0.128906 0.080078
0 0.909180 0.693848 0.080078 0.071289
0 0.293457 0.290527 0.094727 0.075195
0 0.911133 0.943359 0.076172 0.070312
0 0.304199 0.195801 0.088867 0.084961
0 0.364746 0.836914 0.106445 0.089844
0 0.723145 0.540039 0.069336 0.054688
0 0.953613 0.572754 0.073242 0.073242
0 0.846680 0.895996 0.074219 0.073242
0 0.966797 0.371582 0.066406 0.090820
0 0.449707 0.156738 0.094727 0.081055
0 0.981445 0.630371 0.037109 0.071289
0 0.450684 0.888672 0.098633 0.080078
0 0.770508 0.431152 0.078125 0.061523
0 0.646973 0.219727 0.096680 0.083984
0 0.543945 0.971191 0.064453 0.053711
0 0.740723 0.794434 0.077148 0.077148
0 0.554199 0.514648 0.071289 0.062500
0 0.938477 0.839844 0.072266 0.080078
0 0.502441 0.589355 0.073242 0.067383
0 0.767578 0.070801 0.119141 0.114258
0 0.803223 0.840332 0.081055 0.067383
0 0.174805 0.224121 0.080078 0.045898
0 0.678711 0.349121 0.072266 0.061523
0 0.964844 0.978516 0.070312 0.042969
0 0.586426 0.444824 0.092773 0.086914
0 0.454590 0.544922 0.071289 0.070312
0 0.151367 0.838379 0.056641 0.086914
0 0.156738 0.294922 0.090820 0.091797
0 0.382812 0.091309 0.162109 0.086914
0 0.850098 0.386719 0.059570 0.046875
0 0.905273 0.300781 0.109375 0.101562
0 0.060059 0.817871 0.118164 0.114258
0 0.278809 0.390625 0.135742 0.089844
0 0.972656 0.500977 0.054688 0.048828
0 0.059082 0.347656 0.116211 0.078125
0 0.421387 0.395020 0.096680 0.083008
0 0.984863 0.894531 0.030273 0.076172
0 0.185547 0.161621 0.091797 0.083008
0 0.033691 0.500000 0.065430 0.068359
0 0.879883 0.044434 0.144531 0.086914
0 0.650391 0.037109 0.128906 0.072266
0 0.485840 0.342773 0.083008 0.080078
0 0.227051 0.036621 0.071289 0.071289
0 0.974609 0.124023 0.050781 0.078125
0 0.890137 0.434082 0.057617 0.040039
0 0.844727 0.646484 0.056641 0.054688
0 0.516113 0.119141 0.108398 0.064453
0 0.635254 0.888672 0.086914 0.072266
0 0.747070 0.311035 0.082031 0.067383
0 0.518066 0.474121 0.067383 0.055664
0 0.012695 0.652832 0.023438 0.081055
0 0.130859 0.093750 0.205078 0.048828
0 0.584961 0.165039 0.078125 0.050781
0 0.889648 0.195801 0.074219 0.071289
0 0.810059 0.350586 0.057617 0.046875
0 0.726074 0.390625 0.057617 0.046875
0 0.974121 0.772461 0.051758 0.074219
