0 0.546224 0.890137 0.170573 0.100586
0 0.334635 0.954590 0.135417 0.090820
0 0.500000 0.760742 0.135417 0.080078
0 0.288411 0.811035 0.097656 0.086914
0 0.638672 0.723633 0.128906 0.082031
0 0.271484 0.486816 0.162760 0.165039
0 0.664714 0.854004 0.097656 0.090820
0 0.394531 0.531738 0.088542 0.069336
0 0.197917 0.830078 0.106771 0.111328
0 0.354167 0.651367 0.130208 0.070312
0 0.199870 0.631836 0.173177 0.095703
0 0.552083 0.961914 0.111979 0.054688
0 0.303385 0.165039 0.192708 0.281250
0 0.685547 0.268555 0.412760 0.316406
0 0.574219 0.562500 0.093750 0.068359
0 0.546224 0.683594 0.089844 0.068359
0 0.666016 0.583496 0.102865 0.067383
0 0.222005 0.967285 0.100260 0.065430
0 0.098307 0.975586 0.147135 0.048828
0 0.484375 0.544922 0.088542 0.068359
0 0.069661 0.858398 0.131510 0.115234
0 0.722005 0.976562 0.074219 0.046875
0 0.926432 0.108887 0.147135 0.215820
0 0.981120 0.625000 0.037760 0.074219
0 0.917969 0.644531 0.104167 0.087891
0 0.811198 0.673828 0.132812 0.091797
0 0.462891 0.670410 0.084635 0.071289
0 0.061198 0.609863 0.119792 0.057617
0 0.387370 0.784668 0.097656 0.086914
0 0.782552 0.970703 0.065104 0.058594
0 0.850911 0.888672 0.139323 0.078125
0 0.962240 0.863281 0.075521 0.068359
0 0.979167 0.762695 0.041667 0.072266
0 0.909505 0.776855 0.110677 0.079102
0 0.506510 0.034668 0.098958 0.067383
