0 0.294434 0.356120 0.086914 0.092448
0 0.385742 0.367839 0.097656 0.100260
0 0.051758 0.559245 0.087891 0.126302
0 0.675293 0.665365 0.065430 0.098958
0 0.562500 0.518229 0.072266 0.080729
0 0.117188 0.341146 0.085938 0.106771
0 0.216797 0.636068 0.107422 0.136719
0 0.662109 0.325521 0.085938 0.106771
0 0.206543 0.350911 0.092773 0.097656
0 0.619141 0.587240 0.068359 0.088542
0 0.789551 0.460286 0.079102 0.105469
0 0.620605 0.423177 0.083008 0.101562
0 0.680176 0.487630 0.077148 0.102865
0 0.737793 0.557943 0.090820 0.105469
0 0.899902 0.382161 0.084961 0.097656
0 0.130371 0.593099 0.083008 0.134115
0 0.859863 0.691406 0.092773 0.109375
0 0.836914 0.313151 0.083984 0.105469
0 0.502441 0.453776 0.077148 0.095052
0 0.557617 0.354167 0.080078 0.101562
0 0.796875 0.624349 0.085938 0.097656
0 0.727539 0.389974 0.085938 0.100260
0 0.936035 0.281250 0.071289 0.085938
0 0.454590 0.392578 0.069336 0.095052
0 0.907227 0.598307 0.095703 0.115885
0 0.772461 0.244792 0.070312 0.080729
0 0.953125 0.430339 0.074219 0.097656
0 0.595215 0.258464 0.108398 0.115885
0 0.065918 0.775391 0.122070 0.149740
0 0.979980 0.490885 0.040039 0.111979
0 0.734375 0.732422 0.062500 0.084635
0 0.933105 0.795573 0.077148 0.106771
0 0.858398 0.848958 0.064453 0.080729
0 0.365723 0.772786 0.086914 0.095052
0 0.035156 0.333984 0.068359 0.089844
0 0.791992 0.798177 0.074219 0.085938
0 0.603027 0.972005 0.057617 0.055990
0 0.235840 0.879557 0.118164 0.139323
0 0.354980 0.129557 0.065430 0.084635
0 0.442383 0.851562 0.093750 0.091146
0 0.972168 0.326172 0.053711 0.082031
0 0.841797 0.522786 0.066406 0.087240
0 0.499023 0.918620 0.054688 0.069010
0 0.985352 0.845703 0.029297 0.082031
0 0.511230 0.296224 0.079102 0.079427
0 0.677734 0.136719 0.078125 0.088542
0 0.261719 0.202474 0.117188 0.097656
0 0.891113 0.232422 0.059570 0.076823
0 0.855469 0.177734 0.070312 0.082031
0 0.153809 0.791016 0.055664 0.105469
0 0.068359 0.163411 0.132812 0.074219
0 0.971680 0.158203 0.056641 0.092448
0 0.903809 0.930990 0.065430 0.088542
0 0.422363 0.189453 0.079102 0.110677
0 0.541504 0.966146 0.059570 0.065104
0 0.335938 0.956380 0.130859 0.087240
0 0.638184 0.857422 0.088867 0.108073
0 0.155762 0.062500 0.075195 0.122396
0 0.484375 0.119792 0.072266 0.101562
0 0.417969 0.066406 0.072266 0.096354
0 0.285156 0.050781 0.072266 0.098958
0 0.747559 0.080729 0.092773 0.093750
0 0.806641 0.139323 0.044922 0.062500
0 0.724609 0.193359 0.052734 0.058594
0 0.903809 0.073568 0.100586 0.136719
0 0.815918 0.017578 0.067383 0.032552
0 0.583008 0.034505 0.107422 0.066406
0 0.354004 0.024740 0.069336 0.046875
0 0.977539 0.702474 0.044922 0.095052
0 0.967285 0.970703 0.065430 0.058594
