0 0.085449 0.628255 0.124023 0.105469
0 0.721191 0.660807 0.073242 0.082031
0 0.441406 0.768229 0.117188 0.127604
0 0.692383 0.454427 0.083984 0.109375
0 0.422852 0.331380 0.076172 0.097656
0 0.876953 0.306641 0.121094 0.131510
0 0.378906 0.694661 0.076172 0.084635
0 0.873047 0.523438 0.074219 0.093750
0 0.775879 0.735026 0.077148 0.095052
0 0.260254 0.580729 0.063477 0.067708
0 0.761230 0.528646 0.090820 0.104167
0 0.950195 0.390625 0.074219 0.104167
0 0.365234 0.252604 0.062500 0.083333
0 0.117188 0.441406 0.099609 0.098958
0 0.237793 0.788411 0.090820 0.113281
0 0.185547 0.749349 0.074219 0.089844
0 0.874023 0.659505 0.082031 0.095052
0 0.543945 0.294271 0.068359 0.083333
0 0.486816 0.225260 0.069336 0.080729
0 0.599609 0.525391 0.076172 0.082031
0 0.192871 0.515625 0.088867 0.104167
0 0.810547 0.602214 0.062500 0.082031
0 0.604492 0.356771 0.076172 0.093750
0 0.482910 0.399089 0.067383 0.084635
0 0.659668 0.600260 0.067383 0.083333
0 0.547363 0.457031 0.084961 0.078125
0 0.557129 0.883464 0.069336 0.089844
0 0.287109 0.635417 0.052734 0.067708
0 0.311523 0.184896 0.064453 0.088542
0 0.658691 0.265625 0.096680 0.114583
0 0.746582 0.167969 0.079102 0.088542
0 0.950684 0.731771 0.096680 0.117188
0 0.835449 0.796875 0.073242 0.096354
0 0.017090 0.568359 0.032227 0.082031
0 0.387695 0.523438 0.083984 0.109375
0 0.146484 0.698568 0.082031 0.079427
0 0.504395 0.817708 0.083008 0.101562
0 0.430176 0.153646 0.077148 0.101562
0 0.337891 0.652995 0.070312 0.082031
0 0.042969 0.034505 0.083984 0.066406
0 0.321777 0.897786 0.088867 0.095052
0 0.802734 0.434245 0.058594 0.087240
0 0.537109 0.119792 0.074219 0.085938
0 0.988281 0.422526 0.023438 0.063802
0 0.829590 0.458984 0.051758 0.074219
0 0.588379 0.194010 0.059570 0.080729
0 0.813965 0.929036 0.135742 0.126302
0 0.280273 0.843099 0.085938 0.097656
0 0.626953 0.930339 0.078125 0.097656
0 0.895020 0.853516 0.065430 0.095052
0 0.982422 0.626953 0.035156 0.063802
0 0.933594 0.067057 0.101562 0.131510
0 0.953125 0.957682 0.093750 0.084635
0 0.989746 0.136068 0.020508 0.108073
0 0.130859 0.039062 0.101562 0.075521
0 0.195801 0.063151 0.067383 0.092448
0 0.247559 0.116536 0.067383 0.092448
0 0.373047 0.945312 0.072266 0.080729
0 0.434082 0.970703 0.075195 0.058594
0 0.662109 0.970052 0.085938 0.059896
0 0.930664 0.586589 0.068359 0.084635
0 0.371582 0.088542 0.077148 0.101562
0 0.299316 0.029948 0.077148 0.057292
0 0.413574 0.019531 0.071289 0.036458
0 0.470703 0.055990 0.074219 0.085938
0 0.781738 0.078776 0.079102 0.087240
0 0.702637 0.095703 0.079102 0.087240
0 0.646973 0.051432 0.079102 0.087240
0 0.723145 0.020182 0.055664 0.037760
0 0.746094 0.372396 0.083984 0.109375
