0 0.401855 0.622559 0.124023 0.075195
0 0.445312 0.485352 0.140625 0.166016
0 0.658691 0.889160 0.127930 0.098633
0 0.625000 0.760742 0.101562 0.080078
0 0.500977 0.954590 0.101562 0.090820
0 0.729004 0.723633 0.096680 0.082031
0 0.024414 0.516113 0.046875 0.104492
0 0.541504 0.774902 0.084961 0.102539
0 0.936523 0.786621 0.087891 0.088867
0 0.466309 0.798340 0.081055 0.110352
0 0.664062 0.961914 0.083984 0.054688
0 0.547852 0.527344 0.070312 0.078125
0 0.225586 0.882812 0.076172 0.091797
0 0.746094 0.850098 0.056641 0.083008
0 0.188477 0.753418 0.101562 0.125977
0 0.205078 0.560547 0.109375 0.148438
0 0.512207 0.645996 0.096680 0.071289
0 0.331055 0.979004 0.089844 0.041992
0 0.968750 0.855469 0.062500 0.058594
0 0.479492 0.152344 0.130859 0.298828
0 0.040527 0.140625 0.079102 0.279297
0 0.764648 0.272949 0.322266 0.311523
0 0.417969 0.967285 0.074219 0.065430
0 0.296875 0.602051 0.083984 0.061523
0 0.169434 0.903809 0.043945 0.090820
0 0.018066 0.951172 0.034180 0.078125
0 0.659668 0.682617 0.067383 0.068359
0 0.985352 0.625977 0.029297 0.085938
0 0.101074 0.522949 0.102539 0.100586
0 0.398438 0.833496 0.089844 0.110352
0 0.681152 0.560547 0.069336 0.068359
0 0.886230 0.889160 0.102539 0.079102
0 0.787598 0.979492 0.047852 0.041016
0 0.119629 0.942383 0.069336 0.076172
0 0.315918 0.859863 0.104492 0.104492
0 0.613770 0.544434 0.065430 0.069336
0 0.748047 0.581543 0.076172 0.069336
0 0.985352 0.756348 0.029297 0.096680
0 0.946777 0.104980 0.106445 0.208008
0 0.628906 0.035156 0.089844 0.068359
0 0.592285 0.661133 0.067383 0.068359
0 0.062012 0.932617 0.069336 0.076172
0 0.933105 0.645508 0.071289 0.091797
0 0.857910 0.676270 0.088867 0.096680
0 0.842285 0.970703 0.055664 0.058594
