0 0.593750 0.811523 0.135417 0.087891
0 0.749349 0.911133 0.108073 0.062500
0 0.409505 0.400391 0.113281 0.076172
0 0.477214 0.461914 0.108073 0.078125
0 0.440755 0.921387 0.108073 0.075195
0 0.513021 0.770508 0.083333 0.058594
0 0.564453 0.511230 0.115885 0.094727
0 0.649740 0.418457 0.119792 0.079102
0 0.350260 0.677246 0.080729 0.053711
0 0.573568 0.366699 0.102865 0.077148
0 0.548177 0.239258 0.098958 0.066406
0 0.490885 0.314941 0.096354 0.071289
0 0.318359 0.843262 0.102865 0.065430
0 0.726562 0.468262 0.098958 0.065430
0 0.718750 0.333008 0.088542 0.064453
0 0.410807 0.266113 0.108073 0.077148
0 0.229167 0.040527 0.098958 0.063477
0 0.634766 0.289551 0.092448 0.061523
0 0.458984 0.193848 0.144531 0.086914
0 0.702474 0.180176 0.102865 0.051758
0 0.248047 0.813477 0.087240 0.058594
0 0.440104 0.023438 0.138021 0.044922
0 0.323568 0.354004 0.097656 0.067383
0 0.576823 0.095215 0.106771 0.071289
0 0.643229 0.553223 0.101562 0.077148
0 0.787109 0.233398 0.097656 0.054688
0 0.813151 0.521484 0.100260 0.060547
0 0.382161 0.724121 0.079427 0.053711
0 0.680339 0.875000 0.123698 0.074219
0 0.503906 0.647461 0.127604 0.082031
0 0.860026 0.287598 0.084635 0.061523
0 0.499349 0.959961 0.087240 0.062500
0 0.138021 0.090332 0.088542 0.061523
0 0.723958 0.603027 0.114583 0.069336
0 0.272135 0.294922 0.093750 0.070312
0 0.665365 0.052734 0.119792 0.064453
0 0.179688 0.275391 0.119792 0.072266
0 0.807943 0.645996 0.095052 0.073242
0 0.841146 0.948730 0.119792 0.067383
0 0.873047 0.449707 0.108073 0.073242
0 0.152995 0.586914 0.141927 0.087891
0 0.185547 0.777344 0.095052 0.060547
0 0.313802 0.084961 0.104167 0.068359
0 0.350911 0.221191 0.100260 0.061523
0 0.789714 0.132812 0.079427 0.044922
0 0.903646 0.975586 0.104167 0.048828
0 0.158854 0.014160 0.070312 0.026367
0 0.453776 0.741211 0.097656 0.056641
0 0.218750 0.145508 0.106771 0.083984
0 0.789062 0.392578 0.088542 0.066406
0 0.109375 0.727539 0.171875 0.093750
0 0.264323 0.634277 0.117188 0.086914
0 0.865234 0.053223 0.141927 0.096680
0 0.886719 0.708984 0.101562 0.070312
0 0.942708 0.320312 0.078125 0.056641
0 0.907552 0.211426 0.078125 0.047852
0 0.642578 0.139648 0.063802 0.052734
0 0.962240 0.112793 0.075521 0.077148
0 0.571615 0.978516 0.096354 0.042969
0 0.059896 0.273438 0.117188 0.072266
0 0.055339 0.157227 0.108073 0.076172
0 0.055990 0.036133 0.101562 0.070312
0 0.745443 0.103516 0.063802 0.052734
0 0.854167 0.176270 0.078125 0.047852
0 0.960938 0.248535 0.078125 0.047852
0 0.383464 0.883789 0.095052 0.062500
0 0.956380 0.742188 0.087240 0.068359
0 0.973307 0.367676 0.053385 0.071289
0 0.970052 0.522461 0.059896 0.060547
0 0.928385 0.596191 0.101562 0.086914
0 0.980469 0.630859 0.039062 0.076172
