0 0.898926 0.099609 0.098633 0.097656
0 0.451172 0.803223 0.105469 0.094727
0 0.560059 0.908691 0.071289 0.063477
0 0.721680 0.747070 0.083984 0.076172
0 0.384277 0.768555 0.071289 0.066406
0 0.375488 0.440430 0.081055 0.078125
0 0.698242 0.592773 0.076172 0.085938
0 0.257812 0.687012 0.058594 0.053711
0 0.815430 0.945312 0.126953 0.097656
0 0.313965 0.390625 0.084961 0.076172
0 0.792480 0.176270 0.081055 0.084961
0 0.648438 0.286133 0.085938 0.076172
0 0.487793 0.418457 0.090820 0.079102
0 0.430176 0.504395 0.086914 0.094727
0 0.687012 0.211914 0.059570 0.052734
0 0.320801 0.927734 0.088867 0.093750
0 0.777344 0.797363 0.076172 0.071289
0 0.429688 0.366699 0.076172 0.077148
0 0.870117 0.747070 0.070312 0.060547
0 0.411621 0.245117 0.084961 0.080078
0 0.618164 0.942383 0.083984 0.068359
0 0.732910 0.120605 0.098633 0.094727
0 0.540039 0.345215 0.080078 0.079102
0 0.545898 0.467285 0.083984 0.073242
0 0.609863 0.518555 0.092773 0.082031
0 0.098145 0.085449 0.083008 0.077148
0 0.808594 0.699219 0.076172 0.070312
0 0.237793 0.845703 0.077148 0.070312
0 0.836914 0.038574 0.097656 0.075195
0 0.754883 0.643066 0.070312 0.071289
0 0.931641 0.294434 0.083984 0.096680
0 0.369629 0.317383 0.083008 0.076172
0 0.702148 0.322754 0.072266 0.073242
0 0.586426 0.234375 0.083008 0.078125
0 0.135742 0.275391 0.097656 0.076172
0 0.747559 0.380371 0.069336 0.057617
0 0.174316 0.037109 0.075195 0.062500
0 0.658691 0.448730 0.096680 0.086914
0 0.956055 0.538086 0.085938 0.083984
0 0.870605 0.639648 0.075195 0.074219
0 0.594727 0.650879 0.074219 0.073242
0 0.180176 0.818359 0.073242 0.066406
0 0.477539 0.292480 0.083984 0.075195
0 0.734375 0.253418 0.050781 0.051758
0 0.879395 0.476074 0.141602 0.108398
0 0.966797 0.967773 0.066406 0.064453
0 0.291992 0.718750 0.056641 0.054688
0 0.086426 0.719238 0.122070 0.092773
0 0.662109 0.979980 0.074219 0.040039
0 0.679199 0.071289 0.073242 0.083984
0 0.522949 0.181641 0.092773 0.072266
0 0.657227 0.695801 0.078125 0.073242
0 0.937500 0.798828 0.093750 0.078125
0 0.208496 0.645508 0.063477 0.060547
0 0.333496 0.020020 0.112305 0.038086
0 0.508301 0.860352 0.090820 0.076172
0 0.490234 0.543945 0.076172 0.078125
0 0.047363 0.041992 0.088867 0.074219
0 0.634277 0.037598 0.096680 0.073242
0 0.968750 0.045410 0.062500 0.073242
0 0.539551 0.605469 0.086914 0.072266
0 0.307129 0.266113 0.083008 0.077148
0 0.378906 0.955078 0.070312 0.056641
0 0.253418 0.340820 0.075195 0.068359
0 0.114258 0.586914 0.083984 0.062500
0 0.043945 0.267578 0.085938 0.072266
0 0.344238 0.193848 0.108398 0.086914
0 0.603516 0.133301 0.060547 0.047852
0 0.147461 0.773438 0.080078 0.058594
0 0.646484 0.176758 0.046875 0.042969
0 0.049316 0.152832 0.096680 0.075195
0 0.441406 0.103516 0.082031 0.064453
0 0.950684 0.155273 0.077148 0.068359
0 0.834961 0.848633 0.076172 0.068359
0 0.334961 0.742188 0.070312 0.058594
0 0.205078 0.294922 0.070312 0.070312
0 0.164062 0.135742 0.087891 0.083984
0 0.887207 0.887207 0.065430 0.069336
0 0.580078 0.014160 0.111328 0.026367
0 0.979492 0.181152 0.041016 0.059570
0 0.933594 0.014648 0.083984 0.027344
0 0.237793 0.093750 0.067383 0.064453
0 0.591309 0.392578 0.065430 0.066406
0 0.020996 0.665039 0.040039 0.085938
0 0.986816 0.579590 0.026367 0.084961
0 0.719238 0.115234 0.073242 0.083984
0 0.979980 0.351562 0.040039 0.078125
0 0.497070 0.057617 0.105469 0.066406
0 0.836426 0.598633 0.049805 0.050781
0 0.163086 0.626465 0.050781 0.055664
0 0.799805 0.573730 0.046875 0.051758
0 0.886230 0.236816 0.055664 0.055664
0 0.982422 0.747559 0.035156 0.112305
0 0.858398 0.223633 0.044922 0.060547
0 0.428711 0.978027 0.082031 0.043945
0 0.282715 0.890625 0.077148 0.070312
0 0.929199 0.684570 0.075195 0.074219
0 0.745605 0.529297 0.094727 0.072266
0 0.792480 0.312012 0.069336 0.057617
0 0.556152 0.103516 0.055664 0.054688
0 0.480957 0.140625 0.055664 0.054688
0 0.383301 0.641113 0.086914 0.094727
