0 0.543945 0.689453 0.085938 0.095052
0 0.766113 0.272786 0.073242 0.097656
0 0.634766 0.700521 0.095703 0.101562
0 0.675781 0.387370 0.076172 0.092448
0 0.601562 0.451823 0.064453 0.088542
0 0.456055 0.684245 0.091797 0.097656
0 0.372070 0.673177 0.087891 0.106771
0 0.830566 0.350260 0.094727 0.098958
0 0.114746 0.645833 0.073242 0.080729
0 0.622070 0.312500 0.072266 0.093750
0 0.898926 0.291667 0.077148 0.091146
0 0.909668 0.649740 0.063477 0.080729
0 0.876953 0.749349 0.070312 0.087240
0 0.242188 0.665365 0.152344 0.091146
0 0.837891 0.584635 0.089844 0.093750
0 0.156250 0.818359 0.089844 0.102865
0 0.931641 0.473307 0.070312 0.084635
0 0.805176 0.697266 0.075195 0.095052
0 0.541016 0.378255 0.076172 0.095052
0 0.803711 0.867188 0.080078 0.098958
0 0.289551 0.270833 0.081055 0.223958
0 0.926758 0.832031 0.064453 0.085938
0 0.704590 0.205078 0.081055 0.079427
0 0.051758 0.807292 0.099609 0.088542
0 0.519531 0.520833 0.117188 0.109375
0 0.968262 0.704427 0.063477 0.080729
0 0.751953 0.785807 0.072266 0.089844
0 0.546875 0.240885 0.082031 0.101562
0 0.446777 0.210938 0.075195 0.111979
0 0.405273 0.393229 0.089844 0.122396
0 0.383789 0.914714 0.080078 0.141927
0 0.704590 0.727214 0.069336 0.095052
0 0.738281 0.467448 0.064453 0.085938
0 0.673340 0.525391 0.092773 0.087240
0 0.239258 0.864583 0.054688 0.104167
0 0.972168 0.888021 0.055664 0.091146
0 0.758301 0.630859 0.067383 0.076823
0 0.312500 0.463542 0.115234 0.098958
0 0.635254 0.115234 0.129883 0.100260
0 0.979492 0.524740 0.041016 0.083333
0 0.420410 0.296875 0.079102 0.062500
0 0.834961 0.222005 0.058594 0.076823
0 0.385254 0.118490 0.219727 0.062500
0 0.067871 0.953776 0.088867 0.092448
0 0.308105 0.889323 0.081055 0.138021
0 0.876953 0.921875 0.080078 0.098958
0 0.974121 0.404948 0.051758 0.080729
0 0.475098 0.953776 0.114258 0.092448
0 0.472168 0.048177 0.051758 0.093750
0 0.151855 0.980469 0.077148 0.039062
0 0.019531 0.940755 0.037109 0.118490
0 0.766602 0.155599 0.097656 0.087240
0 0.775879 0.027995 0.098633 0.053385
0 0.891113 0.048177 0.139648 0.093750
0 0.978516 0.059896 0.042969 0.117188
0 0.200195 0.072266 0.130859 0.141927
