0 0.294434 0.356120 0.086914 0.092448
0 0.385742 0.367839 0.097656 0.100260
0 0.056641 0.561198 0.080078 0.114583
0 0.670898 0.654948 0.072266 0.093750
0 0.555664 0.518229 0.074219 0.088542
0 0.124023 0.339844 0.085938 0.106771
0 0.224609 0.634766 0.107422 0.136719
0 0.662109 0.325521 0.085938 0.106771
0 0.206543 0.350911 0.092773 0.097656
0 0.619141 0.587891 0.068359 0.082031
0 0.789551 0.460286 0.079102 0.105469
0 0.620605 0.423177 0.083008 0.101562
0 0.680176 0.487630 0.077148 0.102865
0 0.737793 0.557943 0.090820 0.105469
0 0.897949 0.377604 0.065430 0.070312
0 0.133789 0.587891 0.089844 0.113281
0 0.859863 0.691406 0.092773 0.109375
0 0.837402 0.311198 0.065430 0.072917
0 0.500977 0.455078 0.056641 0.074219
0 0.557617 0.354167 0.080078 0.101562
0 0.796875 0.624349 0.085938 0.097656
0 0.727539 0.389974 0.085938 0.100260
0 0.936035 0.281250 0.071289 0.085938
0 0.445312 0.397786 0.050781 0.084635
0 0.905273 0.593750 0.076172 0.096354
0 0.769531 0.251302 0.072266 0.088542
0 0.950684 0.424479 0.059570 0.078125
0 0.595215 0.258464 0.108398 0.115885
0 0.590820 0.031901 0.115234 0.061198
0 0.981934 0.505859 0.036133 0.082031
0 0.742188 0.727865 0.064453 0.088542
0 0.940918 0.795573 0.065430 0.119792
0 0.859375 0.858724 0.060547 0.079427
0 0.362793 0.785156 0.081055 0.091146
0 0.035156 0.333984 0.068359 0.089844
0 0.794922 0.793620 0.070312 0.087240
0 0.039551 0.025391 0.077148 0.048177
0 0.232910 0.871745 0.118164 0.139323
0 0.349609 0.120443 0.066406 0.082031
0 0.438965 0.853516 0.084961 0.079427
0 0.972168 0.326172 0.053711 0.082031
0 0.841797 0.522786 0.066406 0.087240
0 0.501953 0.914714 0.060547 0.076823
0 0.985352 0.854818 0.029297 0.082031
0 0.511230 0.296224 0.079102 0.079427
0 0.685059 0.133464 0.071289 0.084635
0 0.263184 0.190104 0.127930 0.098958
0 0.891113 0.232422 0.059570 0.076823
0 0.855469 0.177734 0.070312 0.082031
0 0.151855 0.775391 0.051758 0.084635
0 0.155762 0.063151 0.077148 0.123698
0 0.969727 0.149089 0.060547 0.102865
0 0.914551 0.934245 0.067383 0.084635
0 0.422852 0.196615 0.097656 0.085938
0 0.541016 0.960938 0.058594 0.065104
0 0.329102 0.944661 0.126953 0.095052
0 0.638184 0.857422 0.088867 0.108073
0 0.062012 0.747396 0.122070 0.127604
0 0.062500 0.156901 0.123047 0.058594
0 0.290039 0.059245 0.074219 0.092448
0 0.363281 0.017578 0.072266 0.032552
0 0.421875 0.062500 0.083984 0.101562
0 0.478516 0.126302 0.083984 0.101562
0 0.750488 0.081380 0.077148 0.092448
0 0.806152 0.140625 0.047852 0.059896
0 0.727051 0.184896 0.047852 0.059896
0 0.977539 0.701172 0.044922 0.074219
0 0.968750 0.973958 0.062500 0.052083
0 0.907227 0.072266 0.123047 0.110677
0 0.821289 0.018229 0.076172 0.033854
