0 0.151367 0.632324 0.130859 0.094727
0 0.197266 0.484863 0.123047 0.163086
0 0.408691 0.889160 0.127930 0.098633
0 0.375000 0.760742 0.101562 0.080078
0 0.479004 0.723633 0.096680 0.082031
0 0.244141 0.954590 0.101562 0.090820
0 0.681152 0.782227 0.084961 0.066406
0 0.289062 0.781738 0.085938 0.081055
0 0.297852 0.527344 0.070312 0.078125
0 0.414062 0.961914 0.083984 0.054688
0 0.225586 0.806641 0.083984 0.083984
0 0.498535 0.854004 0.071289 0.090820
0 0.344238 0.665039 0.075195 0.072266
0 0.803711 0.123535 0.314453 0.245117
0 0.517578 0.270996 0.318359 0.309570
0 0.958496 0.976074 0.083008 0.047852
0 0.074219 0.975586 0.097656 0.048828
0 0.761719 0.753418 0.080078 0.067383
0 0.611816 0.672363 0.090820 0.071289
0 0.948242 0.679688 0.103516 0.082031
0 0.235840 0.164062 0.145508 0.296875
0 0.827637 0.732910 0.057617 0.086914
0 0.156250 0.963867 0.070312 0.072266
0 0.409668 0.682617 0.067383 0.068359
0 0.761719 0.605957 0.097656 0.102539
0 0.431152 0.560547 0.069336 0.068359
0 0.934570 0.552734 0.130859 0.093750
0 0.634766 0.886230 0.101562 0.086914
0 0.045898 0.602051 0.087891 0.059570
0 0.587402 0.970215 0.049805 0.059570
0 0.724609 0.862793 0.070312 0.079102
0 0.499512 0.583496 0.077148 0.067383
0 0.540039 0.980957 0.050781 0.038086
0 0.830566 0.828613 0.030273 0.051758
0 0.363770 0.544434 0.065430 0.069336
0 0.144531 0.833008 0.091797 0.099609
0 0.931152 0.310547 0.137695 0.154297
0 0.261230 0.647949 0.094727 0.092773
0 0.060547 0.860352 0.091797 0.099609
0 0.687012 0.645020 0.090820 0.071289
0 0.799316 0.836426 0.030273 0.051758
0 0.773926 0.844238 0.030273 0.051758
0 0.378418 0.030273 0.088867 0.058594
