0 0.403320 0.624023 0.126953 0.087891
0 0.441895 0.489746 0.127930 0.157227
0 0.658691 0.889160 0.127930 0.098633
0 0.629395 0.752930 0.094727 0.062500
0 0.490234 0.954590 0.101562 0.090820
0 0.729004 0.723633 0.096680 0.082031
0 0.026367 0.516113 0.050781 0.104492
0 0.539062 0.784668 0.083984 0.083008
0 0.936523 0.786621 0.087891 0.088867
0 0.470703 0.802734 0.083984 0.089844
0 0.664062 0.961914 0.083984 0.054688
0 0.547852 0.527344 0.070312 0.078125
0 0.231445 0.879395 0.089844 0.116211
0 0.748535 0.854980 0.071289 0.092773
0 0.188477 0.753418 0.101562 0.125977
0 0.208008 0.564453 0.101562 0.146484
0 0.595215 0.669434 0.063477 0.067383
0 0.321777 0.977539 0.096680 0.044922
0 0.968750 0.867676 0.062500 0.063477
0 0.486328 0.158691 0.144531 0.278320
0 0.032715 0.124512 0.063477 0.247070
0 0.760742 0.269531 0.320312 0.306641
0 0.407227 0.967285 0.074219 0.065430
0 0.296875 0.602051 0.083984 0.061523
0 0.170410 0.900879 0.043945 0.092773
0 0.021484 0.955566 0.041016 0.086914
0 0.659668 0.682617 0.067383 0.068359
0 0.099609 0.531250 0.099609 0.103516
0 0.396973 0.838379 0.092773 0.100586
0 0.681152 0.560547 0.069336 0.068359
0 0.839844 0.970215 0.046875 0.059570
0 0.882812 0.890625 0.095703 0.076172
0 0.789551 0.979492 0.063477 0.041016
0 0.065918 0.931641 0.063477 0.074219
0 0.308594 0.860840 0.089844 0.106445
0 0.613770 0.544434 0.065430 0.069336
0 0.748047 0.581543 0.076172 0.069336
0 0.985352 0.756348 0.029297 0.096680
0 0.946777 0.104980 0.106445 0.208008
0 0.627441 0.035645 0.096680 0.069336
0 0.116211 0.939941 0.082031 0.088867
0 0.515137 0.647461 0.100586 0.082031
0 0.983887 0.623535 0.032227 0.086914
0 0.937500 0.648438 0.076172 0.095703
0 0.855469 0.673340 0.091797 0.079102
