0 0.451775 0.84256 0.454232 0.741999 0.366948 0.739866 0.36449 0.840427
0 0.25953 0.702383 0.263008 0.589575 0.164485 0.586537 0.161007 0.699345
0 0.200173 0.864974 0.204723 0.756029 0.115201 0.752291 0.110651 0.861235
0 0.829042 0.921545 0.925932 0.92154 0.925927 0.824397 0.829037 0.824403
0 0.610966 0.422347 0.675601 0.397083 0.634306 0.291436 0.569671 0.3167
0 0.16074 0.557545 0.251613 0.530693 0.216988 0.413513 0.126115 0.440365
0 0.217058 0.946097 0.217831 0.866002 0.118315 0.865042 0.117542 0.945136
0 0.384093 0.3317 0.399753 0.249014 0.338687 0.237448 0.323027 0.320135
0 0.141746 0.377167 0.144562 0.28888 0.0629265 0.286276 0.0601105 0.374563
0 0.455669 0.843176 0.527305 0.836702 0.517784 0.731348 0.446147 0.737822
0 0.747095 0.254095 0.843524 0.166619 0.756459 0.0706426 0.660029 0.158119
0 0.926013 0.553785 0.926142 0.473199 0.792908 0.472986 0.792779 0.553573
0 0.859947 0.214702 0.935247 0.160369 0.861999 0.058856 0.786699 0.11319
0 0.328408 0.332509 0.331772 0.250921 0.25715 0.247845 0.253786 0.329433
0 0.938131 0.757038 0.939249 0.63548 0.813265 0.634322 0.812147 0.75588
0 0.727972 0.884974 0.728443 0.750512 0.598267 0.750056 0.597796 0.884518
0 0.88571 0.428476 0.90044 0.313031 0.774859 0.297008 0.760129 0.412452
0 0.271943 0.84853 0.273228 0.752032 0.193745 0.750973 0.19246 0.847471
0 0.202396 0.351391 0.26355 0.337692 0.242864 0.245352 0.18171 0.259052
0 0.475138 0.599403 0.476819 0.490178 0.368078 0.488505 0.366398 0.59773
0 0.586199 0.682105 0.645796 0.655229 0.607988 0.571394 0.548392 0.59827
0 0.941794 1.00046 0.94276 0.917773 0.840967 0.916584 0.840002 0.999268
0 0.501075 0.687887 0.508593 0.598566 0.419837 0.591096 0.412319 0.680417
0 0.05713 0.720036 0.169138 0.689215 0.135399 0.566602 0.0233909 0.597424
0 0.94114 0.177147 1.02308 0.121059 0.947147 0.0101308 0.865209 0.0662183
0 0.314256 0.149788 0.32046 0.0134902 0.170513 0.00666457 0.164308 0.142962
0 0.149874 0.367222 0.206043 0.355489 0.186792 0.263326 0.130622 0.275058
0 0.935682 0.632999 0.935834 0.549572 0.803251 0.549331 0.8031 0.632758
0 0.2763 0.500207 0.324649 0.492267 0.308845 0.396043 0.260497 0.403984
0 0.311915 0.688767 0.373531 0.685095 0.367523 0.584285 0.305907 0.587957
0 0.63835 0.682162 0.726645 0.675403 0.715454 0.529195 0.627159 0.535954
0 0.790115 0.478549 0.922063 0.474707 0.920124 0.408116 0.788176 0.411958
0 0.0435001 0.850361 0.0455663 0.775475 -0.0019719 0.774164 -0.00403806 0.84905
0 0.351969 0.854984 0.376533 0.758851 0.285042 0.735473 0.260477 0.831606
0 0.50987 0.46248 0.599688 0.417437 0.574446 0.367102 0.484627 0.412145
0 -0.000380669 0.704728 0.0513214 0.701059 0.0441856 0.600515 -0.00751646 0.604185
0 0.260769 0.685713 0.314057 0.682266 0.307743 0.584656 0.254455 0.588103
0 0.377108 0.483921 0.384841 0.391547 0.312127 0.38546 0.304394 0.477834
0 0.545048 0.586628 0.607657 0.571822 0.58982 0.496394 0.52721 0.511201
0 0.534621 0.531696 0.592924 0.499023 0.558497 0.43759 0.500194 0.470263
0 -0.00277459 0.988921 0.0544738 0.98821 0.0526078 0.837857 -0.00464062 0.838567
0 0.839476 0.816072 0.953694 0.808934 0.950161 0.752394 0.835943 0.759533
0 0.0543434 0.363141 0.0579863 0.280961 -0.00192048 0.278305 -0.00556344 0.360486
0 0.000343796 0.532972 0.0890507 0.532235 0.0882355 0.434147 -0.000471454 0.434884
0 0.512794 0.242227 0.578617 0.188383 0.534485 0.134433 0.468662 0.188276
0 0.21203 1.00266 0.212989 0.944554 0.116147 0.942954 0.115187 1.00106
0 0.0422701 0.358139 0.0574292 0.215694 -0.00194111 0.209376 -0.0171002 0.35182
0 0.474183 1.02086 0.575467 1.00303 0.566576 0.952529 0.465293 0.97036
0 0.837423 0.333658 0.859148 0.235922 0.761682 0.214257 0.739958 0.311994
0 0.696044 0.545213 0.709483 0.445293 0.617907 0.432976 0.604468 0.532896
0 0.376 0.524368 0.459561 0.456272 0.424668 0.413454 0.341106 0.48155
0 0.574643 0.326543 0.630441 0.291864 0.571808 0.197523 0.51601 0.232202
0 0.0998958 0.554902 0.151356 0.551692 0.144022 0.434141 0.0925625 0.437352
0 0.0464109 0.287898 0.0582212 0.218822 -0.000944403 0.208706 -0.0127547 0.277782
0 1.00242 0.303338 1.00578 0.254317 0.966909 0.251649 0.963545 0.300671
0 0.941039 0.95546 0.995024 0.943597 0.96501 0.807015 0.911024 0.818878
0 0.521148 0.832533 0.563431 0.830044 0.557606 0.731088 0.515323 0.733578
0 0.00154772 0.99847 0.0506902 0.998432 0.0506731 0.975872 0.00153063 0.975909
0 0.0659525 0.530185 0.0669248 0.460147 -0.00157526 0.459196 -0.00254755 0.529234
0 0.0533718 0.527078 0.100331 0.524173 0.0948974 0.436348 0.0479386 0.439253
0 0.461141 0.382334 0.528461 0.316544 0.486809 0.273924 0.419489 0.339714
0 0.996515 0.41617 0.996781 0.355491 0.923562 0.35517 0.923296 0.415849
0 1.00259 0.0765533 1.00299 0.0145435 0.957918 0.014246 0.957509 0.0762558
