0 0.0769761 0.601861 0.186848 0.600863 0.185864 0.49252 0.0759925 0.493518
0 0.522362 0.29014 0.528565 0.153615 0.400897 0.147814 0.394695 0.28434
0 0.23334 0.970273 0.241052 0.830536 0.0970932 0.822591 0.0893809 0.962327
0 0.777074 0.321671 0.784241 0.197745 0.651401 0.190063 0.644234 0.313989
0 0.280429 0.598041 0.284495 0.485346 0.184237 0.481729 0.180171 0.594424
0 0.932522 1.01024 0.936053 0.949522 0.783704 0.940661 0.780173 1.00138
0 0.371412 0.91136 0.377156 0.763748 0.22167 0.757696 0.215925 0.905309
0 0.408713 0.398386 0.418059 0.240315 0.267288 0.231402 0.257943 0.389473
0 0.989792 0.225283 0.995106 0.0848467 0.837492 0.0788827 0.832178 0.219319
0 0.639016 0.578205 0.642183 0.477361 0.518177 0.473467 0.51501 0.574311
0 0.93743 0.889966 1.00424 0.887909 1.00023 0.757571 0.933419 0.759627
0 0.520698 0.583606 0.521299 0.48899 0.422394 0.488362 0.421793 0.582978
0 0.0821121 0.612193 0.0829662 0.521299 0.00330852 0.52055 0.00245447 0.611445
0 0.129211 0.0686044 0.129686 0.00124975 -0.00141502 0.000325436 -0.00188989 0.0676801
0 0.410609 0.570764 0.411078 0.36415 0.280544 0.363853 0.280075 0.570468
0 0.941207 0.382405 0.946459 0.243144 0.789243 0.237215 0.783991 0.376476
0 0.0519289 0.538505 0.0526655 0.417457 -0.00139097 0.417128 -0.00212758 0.538177
0 0.159955 1.00371 0.160641 0.97623 0.0245189 0.972832 0.0238329 1.00031
0 0.035522 0.355964 0.0366359 0.218732 0.000648385 0.21844 -0.000465575 0.355672
0 0.0326214 0.213556 0.0337774 0.0751732 -0.0033552 0.074863 -0.00451122 0.213246
0 0.416763 0.336305 0.521924 0.335135 0.521353 0.283801 0.416192 0.28497
0 0.399206 0.568779 0.446518 0.567737 0.444766 0.488191 0.397454 0.489233
0 0.171704 1.00078 0.172199 0.975162 0.0940985 0.973653 0.0936036 0.999273
0 0.357765 0.584659 0.359036 0.529043 0.298096 0.52765 0.296825 0.583266
0 0.0278789 0.999295 0.102409 0.998937 0.102315 0.979439 0.0277851 0.979798
