0 0.948851 0.256443 0.949862 0.134283 0.838764 0.133364 0.837753 0.255524
0 0.920908 0.598718 0.924847 0.465556 0.789754 0.46156 0.785816 0.594722
0 0.797624 0.800725 0.899537 0.800526 0.899372 0.71573 0.797459 0.715928
0 0.913258 0.677798 0.914368 0.59253 0.81178 0.591195 0.810671 0.676463
0 0.299761 0.223871 0.372551 0.134797 0.259768 0.0426332 0.186978 0.131707
0 0.594804 0.570399 0.594993 0.476494 0.515339 0.476333 0.51515 0.570239
0 0.928464 0.395982 0.935704 0.25267 0.830104 0.247335 0.822864 0.390647
0 0.789449 0.391033 0.7934 0.266873 0.717966 0.264473 0.714015 0.388633
0 0.780419 0.55054 0.783364 0.443811 0.644672 0.439984 0.641727 0.546713
0 0.355407 0.73685 0.428299 0.652079 0.360116 0.593451 0.287224 0.678222
0 0.451841 0.830796 0.534599 0.751016 0.483282 0.697783 0.400524 0.777563
0 0.112463 0.79 0.122924 0.704068 0.0399008 0.693961 0.0294399 0.779894
0 0.609224 0.319032 0.713048 0.214528 0.6489 0.150797 0.545075 0.255301
0 0.73502 0.689481 0.736452 0.633645 0.644384 0.631286 0.642953 0.687121
0 0.899725 0.868424 0.900559 0.795226 0.804435 0.794132 0.803601 0.867329
0 0.668312 1.01774 0.753667 0.935151 0.707735 0.887678 0.62238 0.970262
0 0.50874 0.899968 0.59024 0.795959 0.527309 0.746648 0.44581 0.850657
0 0.127189 0.371848 0.182734 0.317885 0.0926201 0.225129 0.0370749 0.279092
0 0.946438 0.137384 0.952474 0.058249 0.878758 0.0526268 0.872722 0.131762
0 0.900906 0.724376 0.902607 0.672306 0.804714 0.669107 0.803013 0.721177
0 0.74288 0.635379 0.74341 0.580893 0.643607 0.579924 0.643077 0.634409
0 0.712823 0.798004 0.73031 0.689077 0.641779 0.674865 0.624292 0.783792
0 0.311009 0.936638 0.365466 0.853696 0.293465 0.806423 0.239008 0.889364
0 0.380927 0.498636 0.42014 0.439725 0.355757 0.39687 0.316544 0.45578
0 0.548597 0.443556 0.586642 0.311492 0.472977 0.278746 0.434932 0.41081
0 0.0376811 0.92583 0.113399 0.88274 0.0843002 0.831607 0.00858231 0.874697
0 0.626648 0.997343 0.710433 0.893319 0.58965 0.796036 0.505865 0.90006
0 0.563624 0.669823 0.584367 0.581883 0.490819 0.559817 0.470076 0.647757
0 0.89702 0.946087 0.902667 0.870534 0.806586 0.863352 0.800938 0.938905
0 0.53267 0.133835 0.605577 0.0688288 0.54935 0.00576832 0.476443 0.0707744
0 0.999663 0.701533 1.00318 0.615416 0.968483 0.613998 0.964965 0.700115
0 0.599028 0.0745111 0.67208 0.00831045 0.619131 -0.0501185 0.546079 0.0160822
0 0.716051 0.395418 0.71657 0.322008 0.659331 0.321603 0.658812 0.395013
0 1.00084 0.805268 1.00191 0.722635 0.960846 0.7221 0.959769 0.804733
0 0.142961 0.546244 0.178976 0.460568 0.0947888 0.425179 0.0587741 0.510855
0 0.841834 0.390814 0.846388 0.299158 0.791284 0.296419 0.78673 0.388076
0 0.259868 0.617592 0.315595 0.567449 0.255056 0.500168 0.199328 0.550311
0 0.942686 0.0503257 0.959698 0.00168974 0.900261 -0.0191014 0.883248 0.0295346
0 1.00161 0.915297 1.00307 0.807734 0.957311 0.807114 0.955854 0.914677
0 0.999283 0.978387 0.999575 0.917425 0.954445 0.917209 0.954153 0.978171
0 0.426397 0.220227 0.526793 0.117737 0.473636 0.065665 0.373239 0.168155
0 0.724081 0.848224 0.795933 0.759995 0.739583 0.714106 0.667732 0.802335
0 0.512742 1.05544 0.553153 0.991906 0.454658 0.929258 0.414247 0.992791
0 0.357275 0.286823 0.423848 0.215789 0.383495 0.17797 0.316922 0.249004
0 1.00355 0.617093 1.00734 0.561329 0.9734 0.559019 0.969605 0.614783
0 0.0448509 0.42577 0.120538 0.361344 0.041014 0.267922 -0.0346727 0.332349
0 0.726176 1.04704 0.79507 0.972675 0.746474 0.927656 0.67758 1.00202
0 0.0222891 0.607511 0.0694182 0.569744 0.0131985 0.499588 -0.0339307 0.537356
0 0.840761 0.569786 0.845565 0.471729 0.785421 0.468783 0.780618 0.566841
0 0.7313 0.223022 0.772114 0.139574 0.687751 0.0983132 0.646937 0.181761
0 0.999674 0.46441 1.00131 0.352095 0.980855 0.351796 0.979214 0.464111
0 0.201218 0.669491 0.260042 0.633327 0.207188 0.547354 0.148363 0.583518
0 0.996884 0.998492 0.997195 0.973708 0.95433 0.97317 0.954019 0.997955
0 0.358935 0.287472 0.493459 0.137809 0.453566 0.101951 0.319042 0.251614
0 0.410365 0.0614291 0.466007 0.00824394 0.416717 -0.0433238 0.361074 0.00986133
0 0.434241 0.475778 0.47742 0.441818 0.413164 0.360118 0.369985 0.394078
0 -0.00117659 0.996798 0.0513261 0.99656 0.051001 0.924795 -0.00150171 0.925033
0 0.413601 0.788082 0.482682 0.705535 0.425085 0.657334 0.356005 0.739881
0 0.464939 0.0658207 0.546828 -0.00041011 0.515034 -0.0397204 0.433145 0.0265103
0 0.820226 1.00948 0.821472 0.973748 0.766715 0.971838 0.765469 1.00757
0 0.999275 0.434483 1.00132 0.342283 0.986363 0.341951 0.984322 0.434152
0 0.50555 0.0517283 0.55446 0.00505214 0.520002 -0.0310548 0.471092 0.0156214
0 0.00334645 0.0467792 0.0313581 0.0466853 0.0312106 0.00265198 0.00319894 0.00274582
0 -0.00104166 0.435895 0.0592943 0.435467 0.0582718 0.291388 -0.00206413 0.291816
0 1.00737 0.439656 1.01956 0.366146 0.97797 0.359251 0.965783 0.432761
0 0.00993485 1.00367 0.0549565 1.00008 0.0530523 0.976217 0.00803071 0.979809
0 0.173698 0.703435 0.231973 0.651255 0.1654 0.576906 0.107125 0.629087
0 0.123483 0.730161 0.15912 0.701841 0.100689 0.628314 0.0650524 0.656633
0 0.00562651 0.882437 0.0641498 0.851008 0.00711058 0.744796 -0.0514127 0.776225
0 0.00465057 0.435281 0.0658884 0.395279 0.0128792 0.314129 -0.0483586 0.35413
0 0.0156093 0.491623 0.0607519 0.432098 0.0204004 0.401496 -0.0247422 0.461022
0 1.00292 0.738983 1.00349 0.697436 0.964739 0.696905 0.964169 0.738452
0 0.999744 0.550563 1.00153 0.446201 0.980496 0.44584 0.978706 0.550202
0 0.0107593 0.677935 0.126782 0.584519 0.0918582 0.541144 -0.0241642 0.634561
