0 0.710211 0.561618 0.815445 0.561359 0.81518 0.453042 0.709945 0.4533
0 0.800981 0.455646 0.806271 0.365892 0.718523 0.360721 0.713234 0.450475
0 0.547272 0.550677 0.650043 0.550531 0.649922 0.465569 0.547152 0.465715
0 0.663562 0.427512 0.664607 0.342557 0.562037 0.341295 0.560992 0.426249
0 0.671157 0.348851 0.675257 0.215823 0.539876 0.21165 0.535776 0.344679
0 0.540756 0.142449 0.545482 0.0160364 0.466184 0.0130715 0.461458 0.139484
0 0.344739 0.320432 0.344908 0.226562 0.26516 0.226418 0.264991 0.320288
0 0.200874 0.581656 0.284039 0.501735 0.233045 0.44867 0.149879 0.528592
0 0.530551 0.300566 0.533416 0.193312 0.394822 0.18961 0.391957 0.296863
0 0.101804 0.48775 0.178418 0.40381 0.112473 0.343621 0.0358593 0.427561
0 0.679744 0.147287 0.683498 0.00328428 0.580312 0.000593871 0.576557 0.144596
0 1.00234 0.835695 1.00514 0.749982 0.916929 0.747102 0.91413 0.832816
0 0.794359 0.36591 0.798374 0.289261 0.726518 0.285498 0.722503 0.362146
0 0.807508 0.666662 0.809177 0.569896 0.703808 0.568079 0.702139 0.664845
0 0.747698 0.210842 0.832768 0.180382 0.798976 0.0860072 0.713906 0.116467
0 0.375796 0.747763 0.459915 0.644174 0.33999 0.546789 0.255871 0.650379
0 0.484981 0.439469 0.486393 0.383588 0.394324 0.381262 0.392912 0.437143
0 0.0671146 0.687003 0.115122 0.600617 0.0361776 0.556745 -0.0118297 0.643132
0 0.25883 0.649771 0.339987 0.546587 0.276796 0.496885 0.195639 0.600069
0 0.650388 0.618162 0.651222 0.545723 0.55478 0.544613 0.553946 0.617052
0 0.970786 0.255396 1.03245 0.176988 0.963358 0.122644 0.90169 0.201052
0 0.419172 0.769913 0.502706 0.684695 0.455396 0.63832 0.371863 0.723538
0 0.94475 0.547758 0.9498 0.4579 0.859812 0.452842 0.854762 0.542701
0 0.129014 0.249898 0.171379 0.191088 0.107634 0.145168 0.0652691 0.203978
0 0.651137 0.473845 0.652745 0.422197 0.554053 0.419124 0.552445 0.470772
0 0.492521 0.385345 0.493045 0.331112 0.393598 0.330151 0.393075 0.384385
0 0.279943 0.859699 0.350326 0.787253 0.225104 0.665598 0.154722 0.738044
0 0.306376 0.192316 0.33561 0.0596416 0.214449 0.0329451 0.185216 0.16562
0 0.979134 0.664038 0.999749 0.557143 0.88702 0.535402 0.866405 0.642298
0 0.4631 0.547812 0.480099 0.439061 0.391395 0.425196 0.374396 0.533947
0 0.647864 0.701284 0.655779 0.6227 0.557491 0.612799 0.549575 0.691383
0 0.858594 0.295187 0.860748 0.195842 0.73343 0.193082 0.731276 0.292426
0 0.928132 0.766042 1.0203 0.73068 0.989406 0.650169 0.897241 0.685531
0 0.314617 0.419373 0.333765 0.330712 0.23985 0.31043 0.220703 0.399091
0 0.81442 0.999922 0.815547 0.884416 0.683424 0.883126 0.682297 0.998633
0 1.01157 0.952896 1.03405 0.851622 0.931451 0.828844 0.908968 0.930118
0 0.713041 0.721982 0.804404 0.719137 0.802596 0.661075 0.711233 0.663919
0 0.89188 0.999759 0.892276 0.93853 0.831401 0.938136 0.831004 0.999365
0 0.463377 0.805315 0.535267 0.720462 0.491843 0.683673 0.419953 0.768526
0 0.591416 0.141411 0.596898 0.0445617 0.542486 0.0414818 0.537004 0.138331
0 0.883918 0.103751 1.01395 0.0637083 0.984203 -0.0329112 0.854166 0.00713155
0 1.01138 0.308395 1.02277 0.232064 0.944031 0.220312 0.932639 0.296644
0 0.0858849 0.8401 0.152517 0.755963 0.00927902 0.642525 -0.0573533 0.726662
0 0.465494 0.144862 0.465619 0.0710261 0.409912 0.0709317 0.409786 0.144767
0 0.474651 0.598165 0.545609 0.510066 0.488754 0.464273 0.417796 0.552372
0 0.899588 0.469165 0.923774 0.375512 0.831986 0.351808 0.8078 0.44546
0 0.51293 1.00202 0.624999 1.00062 0.624252 0.941042 0.512183 0.942447
0 0.887781 0.374054 0.891583 0.288121 0.81205 0.284602 0.808248 0.370534
0 0.969853 0.378118 1.00654 0.376572 1.00465 0.331636 0.967959 0.333182
0 0.822549 0.883135 0.828556 0.793355 0.712004 0.785556 0.705997 0.875336
0 0.364177 0.0678265 0.420813 -0.00238331 0.367886 -0.0450783 0.31125 0.0251316
0 0.993495 0.342391 1.00703 0.305713 0.970397 0.292191 0.956859 0.328869
0 0.0164621 0.369539 0.0732117 0.307134 0.0120159 0.251484 -0.0447337 0.31389
0 0.183819 0.226397 0.227456 0.192961 0.163812 0.109899 0.120175 0.143334
0 0.821682 0.830604 0.865527 0.828069 0.859775 0.728577 0.81593 0.731112
0 0.809713 0.825066 0.823203 0.734415 0.715617 0.718405 0.702128 0.809057
0 0.949755 1.00068 0.999366 0.999221 0.997669 0.941359 0.948058 0.942814
0 0.537215 0.865068 0.605668 0.777623 0.52682 0.715899 0.458367 0.803344
0 0.59042 0.319724 0.595184 0.221669 0.535465 0.218767 0.530701 0.316822
0 0.138663 0.987992 0.201827 0.908754 0.151908 0.868962 0.088744 0.948199
0 0.158168 0.53664 0.232352 0.456211 0.1796 0.407555 0.105416 0.487984
0 0.544165 0.870476 0.610791 0.78645 0.56482 0.749999 0.498194 0.834025
0 0.0717985 0.0405751 0.149986 0.0394194 0.149352 -0.00343945 0.071165 -0.00228376
0 0.732524 0.997684 0.733089 0.952849 0.683196 0.95222 0.682631 0.997055
0 0.810731 0.775214 0.811385 0.721665 0.70608 0.72038 0.705426 0.773929
0 0.00811537 0.448783 0.0555559 0.419198 0.016505 0.356578 -0.0309355 0.386163
0 0.0243799 0.144942 0.123579 0.0393971 0.0772431 -0.00415355 -0.0219564 0.101391
0 0.80671 0.608082 0.807731 0.563699 0.710253 0.561457 0.709232 0.605841
0 0.803477 0.923951 0.804683 0.869786 0.695635 0.86736 0.69443 0.921525
0 0.321576 0.0299285 0.349122 0.0018125 0.327869 -0.0190098 0.300323 0.00910617
0 0.985822 0.419576 1.00109 0.419424 1.00068 0.37778 0.985409 0.377932
0 0.0151481 1.02772 0.0857567 0.992181 0.0615151 0.944013 -0.00909341 0.979548
0 0.636875 0.924057 0.643997 0.786635 0.497319 0.779033 0.490197 0.916455
0 0.818723 0.113896 0.820921 -0.00979755 0.705626 -0.0118458 0.703429 0.111847
0 0.979152 0.427341 0.999971 0.427069 0.999273 0.373547 0.978454 0.373819
0 0.90078 0.0270044 0.900813 0.00188547 0.842311 0.00180894 0.842278 0.0269279
0 0.0940833 0.999873 0.094519 0.948437 0.00668237 0.947693 0.00624672 0.999129
0 0.850968 0.0197245 0.923214 0.0126057 0.920697 -0.0129415 0.848451 -0.00582265
0 0.213636 0.899129 0.253089 0.847207 0.213143 0.816855 0.17369 0.868776
0 0.610321 0.950168 0.612217 0.89101 0.472365 0.886527 0.470469 0.945685
