0 0.508606 0.929651 0.515276 0.799433 0.402617 0.793663 0.395948 0.923881
0 0.618777 0.68081 0.711701 0.679824 0.710779 0.592971 0.617855 0.593957
0 0.696389 0.54975 0.69821 0.455659 0.611811 0.453986 0.609989 0.548077
0 0.466878 0.468155 0.476378 0.350602 0.356237 0.340893 0.346737 0.458446
0 0.778585 0.528798 0.781844 0.452652 0.699402 0.449123 0.696142 0.525269
0 0.244267 0.975131 0.30571 0.957744 0.275008 0.849246 0.213564 0.866634
0 0.109544 0.8113 0.249166 0.788999 0.238008 0.719145 0.0983867 0.741446
0 0.928675 0.872 0.9307 0.734509 0.803254 0.732631 0.801228 0.870122
0 0.688704 0.390253 0.693415 0.291066 0.583745 0.285857 0.579034 0.385044
0 0.17184 0.997562 0.2429 0.977401 0.205361 0.845088 0.134301 0.865249
0 0.292404 0.224072 0.403648 0.176615 0.368362 0.0938998 0.257118 0.141357
0 0.307518 0.961683 0.368486 0.943762 0.335126 0.83027 0.274158 0.848192
0 0.0951259 0.744557 0.223283 0.721896 0.211387 0.65462 0.08323 0.677281
0 0.0704617 0.683977 0.19528 0.659713 0.182265 0.592761 0.0574466 0.617026
0 1.00206 0.375717 1.00496 0.274095 0.934795 0.272096 0.931899 0.373718
0 0.772814 0.380176 0.774909 0.28345 0.697044 0.281763 0.694949 0.378489
0 0.00468413 0.442879 0.122311 0.427346 0.114361 0.367148 -0.00326541 0.382682
0 0.633086 0.85074 0.717261 0.84935 0.715868 0.765009 0.631693 0.7664
0 0.367664 0.593859 0.494106 0.590848 0.492171 0.509582 0.365729 0.512593
0 0.998546 0.767557 1.00046 0.658401 0.918292 0.656959 0.916377 0.766116
0 0.370834 0.939323 0.422499 0.922823 0.389023 0.818005 0.337358 0.834505
0 0.766486 0.728255 0.915656 0.726208 0.914825 0.66564 0.765655 0.667687
0 0.339567 0.355747 0.45555 0.325244 0.436562 0.253045 0.320579 0.283548
0 0.126254 0.863739 0.240948 0.850289 0.233507 0.786837 0.118813 0.800288
0 0.0251289 0.50975 0.150026 0.483929 0.13633 0.41768 0.0114327 0.443501
0 0.849953 0.373713 0.851174 0.286164 0.774662 0.285098 0.773442 0.372647
0 0.998867 0.933319 0.999103 0.869402 0.925876 0.869132 0.92564 0.933049
0 0.356644 0.298297 0.435808 0.238182 0.382243 0.167644 0.30308 0.227758
0 0.0047003 0.38523 0.0960304 0.37055 0.0852723 0.303621 -0.0060578 0.318301
0 0.0221497 0.0858615 0.13583 0.0551615 0.113696 -0.026799 1.57729e-05 0.00390103
0 0.643328 0.251452 0.646593 0.155191 0.550029 0.151916 0.546764 0.248178
0 0.0518456 0.618871 0.170655 0.600053 0.161234 0.540568 0.0424241 0.559386
0 0.7249 0.771822 0.726988 0.67767 0.631436 0.675552 0.629349 0.769703
0 0.642106 0.300813 0.64468 0.237911 0.575817 0.235094 0.573244 0.297996
0 0.929905 0.373176 0.930651 0.286118 0.855233 0.285472 0.854487 0.37253
0 0.0425226 0.564304 0.155032 0.543454 0.144285 0.485463 0.0317757 0.506314
0 0.265875 0.0766048 0.325031 0.0243746 0.276288 -0.0308317 0.217132 0.0213985
0 0.684314 0.59808 0.68496 0.544793 0.617588 0.543977 0.616942 0.597263
0 0.0543007 0.182231 0.0579878 0.124587 0.00119713 0.120954 -0.00248989 0.178599
0 0.500657 0.744395 0.501855 0.641236 0.382941 0.639854 0.381742 0.743013
0 0.0579361 0.330562 0.0809167 0.262931 0.0146315 0.240408 -0.0083491 0.308039
0 0.76667 0.656343 0.767465 0.588173 0.710505 0.58751 0.709711 0.655679
0 0.0111958 1.00978 0.0942246 0.996565 0.0850931 0.9392 0.00206435 0.952417
0 0.912997 0.564658 0.915495 0.458027 0.852548 0.456552 0.85005 0.563183
0 0.916555 0.551435 0.969826 0.550682 0.968393 0.449229 0.915122 0.449981
0 1.00218 0.540231 1.0027 0.455467 0.968978 0.455263 0.968465 0.540027
0 0.0694821 0.256035 0.0705975 0.181051 -0.00150752 0.179978 -0.0026229 0.254962
0 0.0560888 0.885015 0.0584269 0.800499 -0.00769719 0.79867 -0.0100353 0.883186
0 0.704017 0.216926 0.801014 0.202239 0.779134 0.0577354 0.682136 0.0724225
0 0.501715 0.784231 0.504089 0.71363 0.386864 0.709688 0.38449 0.780289
0 0.245752 0.144659 0.359926 0.0934115 0.33466 0.0371237 0.220487 0.0883715
0 0.494181 0.649916 0.49483 0.59487 0.372519 0.593426 0.371869 0.648472
0 0.637999 1.00732 0.748882 1.00674 0.748519 0.937707 0.637636 0.93829
0 -0.00345385 0.805252 0.0437608 0.803425 0.040668 0.723474 -0.00654667 0.7253
0 0.16623 0.0371616 0.226107 0.0190432 0.215307 -0.0166507 0.155429 0.00146774
0 0.42094 1.00967 0.519247 1.0005 0.517032 0.976741 0.418725 0.985906
0 0.986112 0.132045 0.989425 -0.00162257 0.802683 -0.00625174 0.799369 0.127416
0 0.796263 0.949431 0.801891 0.830152 0.639356 0.822483 0.633728 0.941762
0 0.0760189 0.95542 0.0854066 0.877646 0.00612302 0.868076 -0.00326474 0.94585
0 0.262721 0.404238 0.321556 0.388152 0.313095 0.357203 0.254259 0.37329
0 0.996235 0.808482 0.997005 0.759725 0.933443 0.758723 0.932674 0.807479
0 0.630315 0.221481 0.679034 0.202895 0.654614 0.138881 0.605894 0.157468
0 0.817711 0.918106 0.895918 0.915699 0.894347 0.864681 0.81614 0.867089
0 0.676706 0.212417 0.715918 0.203065 0.692829 0.106246 0.653617 0.115598
0 -0.00290507 0.730071 0.0318402 0.728721 0.0299275 0.679498 -0.00481777 0.680849
0 0.000340295 0.0769388 0.0185125 0.0766575 0.0174851 0.0102899 -0.000687062 0.0105712
0 0.0124029 0.958177 0.0865411 0.949813 0.0810273 0.900939 0.00688916 0.909303
0 0.65749 0.227294 0.675174 0.155935 0.595172 0.136109 0.577488 0.207468
