0 0.531382 0.208724 0.532194 0.113905 0.433105 0.113055 0.432292 0.207875
0 0.53519 0.709697 0.543194 0.573701 0.40636 0.565648 0.398356 0.701644
0 0.283369 0.320823 0.357078 0.307022 0.336666 0.198011 0.262957 0.211813
0 0.547384 0.431952 0.549919 0.332763 0.44601 0.330108 0.443475 0.429297
0 0.227424 0.211446 0.311409 0.192021 0.278291 0.0488335 0.194306 0.0682583
0 0.527734 0.587327 0.532342 0.44375 0.405495 0.439678 0.400886 0.583255
0 0.536341 0.290519 0.536635 0.194722 0.432128 0.194402 0.431835 0.290198
0 0.382827 1.00723 0.385999 0.879009 0.253966 0.875743 0.250794 1.00396
0 0.682064 0.841726 0.694211 0.756238 0.610877 0.744398 0.598731 0.829886
0 0.207224 0.40004 0.313578 0.383076 0.301714 0.308698 0.19536 0.325663
0 0.0707815 0.283094 0.115126 0.187506 0.0240907 0.145274 -0.020254 0.240861
0 0.421519 0.129896 0.424213 0.0333513 0.336028 0.0308898 0.333333 0.127434
0 0.424375 0.639901 0.425604 0.564784 0.355877 0.563644 0.354649 0.638761
0 0.0873342 0.755752 0.0959929 0.663956 0.00356032 0.655237 -0.00509839 0.747033
0 0.296326 0.146666 0.35804 0.13014 0.330356 0.0267549 0.268641 0.0432809
0 0.666881 0.883317 0.733681 0.85163 0.713697 0.809501 0.646897 0.841187
0 0.437654 0.113313 0.527881 0.111207 0.526716 0.0613095 0.436489 0.063416
0 0.0636726 0.671063 0.0666342 0.59283 -0.00587101 0.590085 -0.00883257 0.668318
0 0.00752774 0.040469 0.0990309 0.02042 0.090141 -0.0201531 -0.00136213 -0.000104059
0 0.423371 0.868368 0.428956 0.757965 0.353954 0.754171 0.34837 0.864575
0 0.477995 0.115218 0.536745 0.0251604 0.458663 -0.0257764 0.399913 0.0642815
0 0.109176 0.950371 0.147147 0.793724 0.00742355 0.759855 -0.0305477 0.916502
0 0.545614 0.348687 0.545772 0.288506 0.440302 0.288228 0.440143 0.34841
0 1.00318 0.900128 1.00363 0.834841 0.962965 0.834563 0.96252 0.899851
0 0.366187 0.640815 0.37397 0.516671 0.266823 0.509954 0.25904 0.634098
0 0.504634 0.797202 0.506767 0.7015 0.419048 0.699544 0.416915 0.795247
0 0.377587 0.983043 0.432221 0.976164 0.417933 0.862691 0.363299 0.86957
0 0.076681 0.359228 0.103312 0.283909 0.0110138 0.251274 -0.0156174 0.326593
0 0.999603 0.625454 1.00035 0.564752 0.984227 0.564554 0.983483 0.625256
0 0.943117 0.487851 0.999122 0.486714 0.996756 0.37015 0.940751 0.371287
0 0.999559 0.308933 0.99989 0.220907 0.988521 0.220865 0.98819 0.308891
