0 0.710302 0.811673 0.815497 0.811349 0.815163 0.702901 0.709967 0.703225
0 0.697216 0.256734 0.698593 0.133789 0.588577 0.132557 0.587199 0.255502
0 0.54741 0.80055 0.649929 0.800271 0.649698 0.715652 0.547179 0.715931
0 0.671064 0.59894 0.675183 0.465627 0.539836 0.461445 0.535717 0.594758
0 0.801018 0.705621 0.806305 0.61585 0.718527 0.61068 0.713239 0.700451
0 0.663552 0.677479 0.664624 0.592539 0.561972 0.591244 0.560901 0.676184
0 0.933063 0.245072 0.94768 0.125727 0.8301 0.111326 0.815483 0.230672
0 0.344682 0.570426 0.344831 0.476532 0.265089 0.476405 0.264941 0.5703
0 0.0439851 0.22648 0.123446 0.129819 0.0178182 0.0429875 -0.0616422 0.139648
0 0.677865 0.395487 0.684778 0.252349 0.579739 0.247276 0.572826 0.390415
0 0.539677 0.391142 0.543808 0.266971 0.467918 0.264446 0.463787 0.388617
0 0.200052 0.831936 0.284282 0.751879 0.23375 0.698713 0.14952 0.77877
0 0.530634 0.550546 0.533584 0.443627 0.394679 0.439795 0.391729 0.546714
0 0.101763 0.737817 0.178452 0.65385 0.112551 0.593661 0.0358621 0.677629
0 0.794342 0.615836 0.798323 0.539204 0.726423 0.535469 0.722442 0.612101
0 0.744681 0.459041 0.829344 0.436809 0.803612 0.338817 0.718949 0.36105
0 0.359575 0.319032 0.463153 0.214111 0.398925 0.150705 0.295347 0.255626
0 0.48496 0.689497 0.486395 0.633622 0.394343 0.631257 0.392908 0.687132
0 0.6499 0.867998 0.650714 0.795712 0.554716 0.794632 0.553903 0.866917
0 0.25844 0.900187 0.340516 0.796448 0.277493 0.746585 0.195417 0.850324
0 0.0674778 0.936368 0.114251 0.849957 0.03518 0.807157 -0.011593 0.893568
0 0.418353 1.01769 0.50364 0.935164 0.457718 0.887707 0.372432 0.970233
0 0.806164 0.917113 0.809006 0.82381 0.704766 0.820635 0.701925 0.913938
0 0.970125 0.505211 1.03235 0.427099 0.963636 0.372355 0.901408 0.450467
0 0.651063 0.724027 0.652684 0.672301 0.554252 0.669217 0.552631 0.720943
0 0.944486 0.797468 0.949726 0.707904 0.859972 0.702653 0.854732 0.792218
0 0.492244 0.635378 0.492774 0.581011 0.393649 0.580044 0.393119 0.634411
0 0.129165 0.49942 0.170945 0.440425 0.10722 0.395295 0.0654398 0.45429
0 0.462807 0.797989 0.480251 0.689071 0.391762 0.674899 0.374318 0.783817
0 0.978149 0.913155 0.999778 0.807849 0.887889 0.784867 0.86626 0.890174
0 0.306248 0.442805 0.336188 0.311716 0.215934 0.284251 0.185995 0.41534
0 0.712845 0.970705 0.803934 0.969672 0.80329 0.912929 0.712202 0.913962
0 0.376661 0.997442 0.460526 0.893382 0.33963 0.795948 0.255764 0.900008
0 0.696822 0.136025 0.701997 0.0582795 0.629017 0.0534222 0.623842 0.131167
0 0.647565 0.945776 0.653018 0.869893 0.556758 0.862975 0.551304 0.938858
0 0.314176 0.669417 0.333861 0.581082 0.240171 0.560204 0.220486 0.648539
0 0.859058 0.544798 0.861236 0.446419 0.733288 0.443587 0.731111 0.541966
0 0.349045 0.0744976 0.42178 0.00821231 0.368911 -0.0498017 0.296176 0.0164836
0 0.283276 0.133617 0.354627 0.0687817 0.298275 0.00676793 0.226925 0.0716031
0 0.466156 0.395438 0.466643 0.322044 0.40931 0.321664 0.408823 0.395058
0 0.591883 0.390915 0.596624 0.299121 0.541408 0.296269 0.536667 0.388063
0 0.991521 1.01326 1.0045 0.919456 0.916484 0.907276 0.903504 1.00108
0 0.691525 0.0505433 0.709643 0.00337172 0.651403 -0.0189981 0.633285 0.0281734
0 1.01146 0.558744 1.02307 0.482168 0.944 0.47018 0.93239 0.546755
0 0.713996 1.00691 0.80219 1.00523 0.801497 0.969003 0.713303 0.97069
0 0.890024 0.139316 0.897464 0.0308865 0.794194 0.0238012 0.786755 0.132231
0 0.899137 0.719125 0.923738 0.625719 0.832294 0.601635 0.807693 0.695041
0 0.474113 0.848212 0.54595 0.759857 0.489595 0.714039 0.417759 0.802394
0 0.886587 0.0301567 0.887237 -0.000426752 0.79227 -0.002444 0.79162 0.0281394
0 0.176396 0.220124 0.276695 0.117412 0.223353 0.0653231 0.123054 0.168035
0 0.262733 1.05621 0.303622 0.992716 0.204835 0.929101 0.163947 0.992597
0 0.969806 0.628247 1.00647 0.626679 1.00454 0.581611 0.967878 0.583179
0 0.887966 0.624196 0.891695 0.537926 0.811867 0.534475 0.808138 0.620745
0 0.88164 0.362082 1.01683 0.31397 0.984462 0.223026 0.849274 0.271138
0 0.993691 0.592432 1.00706 0.555556 0.970129 0.542161 0.956756 0.579036
0 0.0165462 0.619565 0.0733623 0.557466 0.0120409 0.501361 -0.0447752 0.563461
0 0.107047 0.287023 0.169404 0.219212 0.128925 0.181989 0.0665686 0.2498
0 0.590382 0.569722 0.595178 0.471426 0.535362 0.468507 0.530566 0.566803
0 0.476083 1.0471 0.545143 0.972811 0.496584 0.927668 0.427524 1.00195
0 0.184257 0.475792 0.227494 0.442055 0.163337 0.359833 0.1201 0.39357
0 0.480224 0.223561 0.522542 0.140467 0.438521 0.0976776 0.396204 0.180771
0 0.1574 0.786703 0.232408 0.706227 0.180136 0.657507 0.105129 0.737983
0 0.80648 0.859315 0.807505 0.813872 0.710429 0.811682 0.709404 0.857125
0 0.999315 0.0567503 1.00059 -0.00662555 0.915715 -0.00833509 0.914438 0.0550408
0 0.108772 0.286549 0.235855 0.143146 0.19688 0.108606 0.0697963 0.252009
0 0.801736 0.0317739 0.804789 -0.0056837 0.760241 -0.0093147 0.757188 0.0281429
0 1.00463 0.285801 1.03335 0.244941 0.982523 0.209217 0.953805 0.250077
0 0.160758 0.0614076 0.215818 0.00801182 0.166186 -0.0431672 0.111126 0.0102286
0 0.0082099 0.69882 0.0555245 0.669355 0.0165025 0.606695 -0.0308121 0.63616
0 0.570741 1.00925 0.571912 0.973572 0.516698 0.971759 0.515527 1.00744
0 0.213689 0.0596917 0.26343 0.0166047 0.233684 -0.0177357 0.183943 0.0253513
0 0.985801 0.669449 1.0011 0.669298 1.00069 0.627773 0.98539 0.627924
0 0.233652 0.0571318 0.30211 0.00130669 0.268417 -0.0400107 0.199959 0.0158144
0 0.025977 0.396338 0.124214 0.290188 0.0766009 0.246125 -0.0216357 0.352274
0 0.979105 0.677167 0.999959 0.676896 0.999266 0.623429 0.978411 0.6237
