0 0.509155 0.430229 0.515948 0.29902 0.402661 0.293154 0.395867 0.424363
0 0.619042 0.181007 0.711164 0.180105 0.710315 0.0934721 0.618193 0.0943744
0 0.433011 0.706945 0.534065 0.70597 0.533153 0.611484 0.432099 0.612459
0 0.546974 0.929638 0.549504 0.83311 0.446144 0.8304 0.443614 0.926928
0 0.282936 0.820759 0.357599 0.806745 0.33709 0.697486 0.262428 0.7115
0 0.227706 0.712671 0.311475 0.692407 0.276155 0.546399 0.192386 0.566664
0 0.928793 0.371689 0.93118 0.235032 0.803549 0.232804 0.801163 0.36946
0 0.109674 0.311591 0.248881 0.289278 0.237662 0.219286 0.0984547 0.2416
0 0.245342 0.474396 0.305334 0.45753 0.275246 0.350507 0.215254 0.367372
0 0.52434 0.605248 0.525734 0.484607 0.406986 0.483235 0.405592 0.603876
0 0.172273 0.498802 0.244706 0.477985 0.206469 0.344938 0.134036 0.365755
0 0.633308 0.351067 0.716989 0.349474 0.71538 0.264951 0.631699 0.266544
0 0.307715 0.461127 0.367993 0.443552 0.335008 0.330417 0.274729 0.347992
0 0.536284 0.790314 0.536589 0.693864 0.43159 0.693532 0.431285 0.789981
0 0.0709089 0.184126 0.195784 0.159736 0.182737 0.0929353 0.0578619 0.117325
0 0.0952513 0.24463 0.22292 0.221897 0.210997 0.154932 0.0833277 0.177665
0 0.297826 0.647786 0.357766 0.631311 0.328639 0.525338 0.268699 0.541813
0 0.998915 0.26662 1.0008 0.157812 0.918527 0.156384 0.916638 0.265192
0 0.208981 0.903665 0.315017 0.878426 0.297099 0.803147 0.191063 0.828386
0 0.68281 0.0992531 0.683351 0.0467293 0.614392 0.0460189 0.613851 0.0985428
0 0.370752 0.439423 0.422314 0.423032 0.38882 0.31767 0.337259 0.334061
0 0.766268 0.227521 0.915405 0.225595 0.914636 0.166029 0.765499 0.167954
0 0.354526 0.645927 0.428796 0.62849 0.403268 0.519759 0.328999 0.537195
0 0.366316 0.0928915 0.491402 0.0918253 0.49071 0.0107339 0.365625 0.0118002
0 0.126465 0.363827 0.24077 0.3503 0.233283 0.287034 0.118978 0.300561
0 0.057602 0.787424 0.118401 0.69912 0.0366669 0.642845 -0.0241318 0.731149
0 0.0837078 0.543555 0.0984532 0.453513 0.00783184 0.438672 -0.00691353 0.528715
0 0.998218 0.434765 0.998864 0.370426 0.925854 0.369693 0.925208 0.434032
0 0.916826 0.0656428 0.917128 -0.00112958 0.844393 -0.00145859 0.844091 0.0653138
0 0.725681 0.271898 0.727598 0.177751 0.631394 0.175791 0.629476 0.269938
0 0.0527256 0.118567 0.16988 0.100707 0.160823 0.041293 0.0436679 0.0591533
0 0.500903 0.241458 0.502528 0.140281 0.381798 0.138342 0.380172 0.239518
0 0.0412266 0.064725 0.156359 0.0464271 0.146737 -0.0141162 0.0316046 0.00418167
0 0.534297 1.00758 0.538636 0.9434 0.411699 0.934818 0.40736 0.998993
0 0.693683 0.049208 0.694226 -0.00117953 0.609033 -0.00209673 0.608491 0.0482908
0 0.969178 0.051304 0.970585 0.000755973 0.912275 -0.000866417 0.910868 0.0496817
0 0.492594 0.149683 0.493601 0.095576 0.372061 0.0933144 0.371055 0.147421
0 0.0556651 0.381473 0.0579016 0.300882 -0.00703279 0.29908 -0.00926923 0.379671
0 0.0775004 0.452451 0.0824597 0.371556 0.00118559 0.366574 -0.00377363 0.447469
0 0.501663 0.284396 0.504256 0.213279 0.38796 0.209038 0.385366 0.280154
0 0.998714 0.0423094 0.998996 0.00274949 0.965011 0.00250689 0.964728 0.0420668
0 0.764064 0.157246 0.767251 0.0937166 0.710078 0.0908487 0.706891 0.154378
0 -0.00826376 0.300124 0.0450445 0.299859 0.0446943 0.229314 -0.00861399 0.229578
0 0.43813 0.613942 0.528029 0.61166 0.526726 0.560318 0.436827 0.5626
0 0.821278 0.0534422 0.822219 -0.00320799 0.724581 -0.00482905 0.72364 0.0518211
0 0.252036 0.0445501 0.354547 0.0401062 0.352688 -0.00277119 0.250177 0.00167276
0 0.996469 0.308669 0.997305 0.259499 0.933696 0.258418 0.93286 0.307588
0 0.548998 0.847265 0.549423 0.786467 0.441609 0.785712 0.441184 0.84651
0 0.954864 0.975248 0.996856 0.974558 0.995099 0.867618 0.953108 0.868308
0 0.79162 0.450536 0.795347 0.326658 0.640491 0.321999 0.636764 0.445877
0 -0.00273665 0.229641 0.0318416 0.228503 0.0301877 0.178234 -0.00439055 0.179372
0 0.689208 0.0278717 0.738567 0.0268289 0.737933 -0.00317527 0.688574 -0.0021325
0 0.0776282 0.859936 0.104089 0.781787 0.0109144 0.750238 -0.0155465 0.828388
0 0.819377 0.418981 0.895023 0.414189 0.891782 0.363034 0.816137 0.367826
0 0.999666 0.807994 0.999906 0.721966 0.988499 0.721935 0.98826 0.807962
