0 0.710304 0.748899 0.815505 0.748466 0.81517 0.603867 0.709969 0.6043
0 0.547415 0.734069 0.649929 0.733697 0.649699 0.620871 0.547185 0.621243
0 0.801025 0.607498 0.806304 0.487849 0.71854 0.480965 0.713261 0.600614
0 0.663555 0.569949 0.664618 0.456758 0.562025 0.455046 0.560962 0.568237
0 0.671158 0.465133 0.675252 0.287759 0.539875 0.282205 0.535782 0.459578
0 0.540754 0.189941 0.545481 0.0213811 0.466188 0.0174272 0.46146 0.185987
0 0.344738 0.427239 0.3449 0.302076 0.265168 0.301892 0.265006 0.427056
0 0.200046 0.775914 0.284277 0.669179 0.233751 0.598293 0.14952 0.705028
0 0.530546 0.400766 0.533411 0.25776 0.394829 0.252825 0.391964 0.39583
0 0.101784 0.650436 0.178447 0.538474 0.112517 0.458218 0.0358543 0.570181
0 0.679745 0.196378 0.6835 0.00437792 0.580311 0.000790437 0.576556 0.192791
0 0.794355 0.487809 0.798356 0.385666 0.726496 0.380661 0.722494 0.482804
0 0.747683 0.281119 0.83276 0.240536 0.798991 0.114682 0.713914 0.155264
0 0.485011 0.585984 0.486442 0.511475 0.394337 0.50833 0.392906 0.582838
0 0.649904 0.823993 0.650718 0.727621 0.554723 0.72618 0.553909 0.822552
0 0.258445 0.866917 0.340521 0.728599 0.277496 0.662113 0.19542 0.800431
0 0.0674621 0.915167 0.114256 0.799957 0.0351995 0.742873 -0.0115947 0.858083
0 0.418357 1.02359 0.503641 0.913548 0.457716 0.850276 0.372433 0.960321
0 0.806168 0.889487 0.80901 0.765082 0.704764 0.760849 0.701922 0.885254
0 0.970775 0.340527 1.03245 0.236002 0.96337 0.163528 0.90169 0.268054
0 0.651054 0.632016 0.652669 0.563057 0.554246 0.55896 0.552631 0.627918
0 0.944491 0.72996 0.949724 0.610529 0.859959 0.603537 0.854726 0.722967
0 0.129014 0.333194 0.171376 0.254786 0.107632 0.19356 0.0652699 0.271968
0 0.492628 0.513797 0.493149 0.441474 0.393601 0.4402 0.39308 0.512524
0 0.306353 0.25643 0.335606 0.0795472 0.214459 0.0439288 0.185207 0.220811
0 0.462807 0.730652 0.48025 0.585425 0.391758 0.56653 0.374315 0.711757
0 0.978152 0.884206 0.999772 0.743796 0.88788 0.713167 0.86626 0.853577
0 0.712845 0.96094 0.803932 0.959563 0.803289 0.883906 0.712202 0.885283
0 0.858584 0.393575 0.860737 0.261119 0.73343 0.25744 0.731276 0.389896
0 0.376666 0.996581 0.460524 0.857842 0.339631 0.727937 0.255773 0.866677
0 0.647557 0.927688 0.653009 0.82651 0.556759 0.81729 0.551307 0.918468
0 0.31448 0.559176 0.333846 0.441155 0.239985 0.413774 0.220619 0.531796
0 0.591414 0.188544 0.596896 0.0594128 0.54249 0.0553067 0.537008 0.184438
0 0.991512 1.01769 1.0045 0.892614 0.916487 0.876362 0.903497 1.00144
0 0.88392 0.138335 1.01396 0.0849453 0.984204 -0.0438878 0.854166 0.00950188
0 1.01141 0.411128 1.0227 0.309313 0.943985 0.293793 0.932693 0.395608
0 0.465496 0.193143 0.46562 0.0947005 0.409909 0.0945752 0.409785 0.193017
0 0.714013 1.00922 0.802187 1.00697 0.801495 0.958671 0.713321 0.960919
0 0.898151 0.626011 0.924037 0.50195 0.833105 0.46822 0.807219 0.592281
0 0.47411 0.797622 0.545957 0.679793 0.489604 0.618705 0.417756 0.736534
0 0.887786 0.498705 0.891576 0.384119 0.812047 0.379443 0.808257 0.494029
0 0.262736 1.07495 0.303624 0.990285 0.204834 0.905466 0.163946 0.990129
0 0.969854 0.504172 1.00653 0.502101 1.00463 0.442167 0.96795 0.444238
0 0.364181 0.0904411 0.420818 -0.00317304 0.367885 -0.060106 0.311248 0.0335081
0 0.993728 0.456364 1.00692 0.407363 0.970122 0.389757 0.956933 0.438758
0 0.0164718 0.492693 0.0732277 0.409552 0.0120395 0.335294 -0.0447164 0.418436
0 0.183815 0.301864 0.227454 0.257285 0.163814 0.146532 0.120174 0.191111
0 0.590414 0.426284 0.595184 0.29556 0.535468 0.291687 0.530698 0.42241
0 0.476089 1.0628 0.545141 0.963749 0.496574 0.903554 0.427522 1.0026
0 0.157386 0.715599 0.232409 0.608312 0.180155 0.543351 0.105132 0.650638
0 0.806478 0.812416 0.807503 0.751832 0.710428 0.748912 0.709403 0.809497
0 0.0718045 0.0541005 0.149986 0.0525593 0.149353 -0.00458228 0.0711709 -0.00304106
0 0.00821771 0.59842 0.0555197 0.559161 0.0164823 0.475544 -0.0308197 0.514803
0 0.0243821 0.193258 0.123579 0.0525265 0.0772397 -0.00554163 -0.0219574 0.135189
0 0.570741 1.01233 0.571912 0.964762 0.516695 0.962346 0.515524 1.00992
0 0.321573 0.0399018 0.349123 0.00241858 0.327874 -0.025346 0.300324 0.0121372
0 0.985834 0.559246 1.00111 0.55904 1.00069 0.503739 0.985415 0.503945
0 0.818734 0.15186 0.820931 -0.013065 0.705625 -0.0157964 0.703428 0.149129
0 0.97917 0.569466 0.999988 0.5691 0.999287 0.498024 0.978469 0.498389
0 0.900776 0.0360028 0.900808 0.0025154 0.842306 0.00241514 0.842274 0.0359026
0 0.85098 0.0262993 0.923213 0.0168075 0.920695 -0.0172543 0.848463 -0.00776251
