0 0.508323 0.239979 0.515134 0.0667361 0.401946 0.058825 0.395135 0.232068
0 0.432991 0.609251 0.534011 0.607973 0.533116 0.482108 0.432095 0.483386
0 0.546975 0.906185 0.549506 0.777484 0.446139 0.77387 0.443608 0.902571
0 0.282935 0.761023 0.357601 0.742333 0.337087 0.59663 0.26242 0.615319
0 0.227739 0.616895 0.311571 0.589786 0.276211 0.395391 0.192379 0.4225
0 0.522668 0.470415 0.52418 0.312898 0.407261 0.310903 0.405749 0.46842
0 0.244719 0.298431 0.304803 0.276063 0.275213 0.134758 0.215129 0.157126
0 0.172513 0.330315 0.244047 0.303052 0.2063 0.126978 0.134766 0.154241
0 0.536305 0.720438 0.536598 0.591873 0.431594 0.591447 0.431301 0.720011
0 0.307484 0.280503 0.367959 0.257059 0.335513 0.108268 0.275039 0.131712
0 0.297861 0.530444 0.357849 0.508325 0.328616 0.367381 0.268628 0.3895
0 0.208981 0.871555 0.315011 0.837905 0.297093 0.737534 0.191063 0.771185
0 0.365666 0.247237 0.418829 0.226897 0.390627 0.0958557 0.337465 0.116195
0 0.0846979 0.390413 0.0977281 0.270158 0.00658219 0.252601 -0.00644798 0.372855
0 0.351784 0.523528 0.4289 0.499468 0.404389 0.359802 0.327273 0.383862
0 0.0578643 0.716491 0.11836 0.598514 0.0364086 0.523807 -0.0240873 0.641784
0 0.125101 0.149943 0.239071 0.135665 0.233193 0.0522556 0.119223 0.0665336
0 0.998479 0.244254 0.998908 0.160047 0.926121 0.159388 0.925692 0.243595
0 0.717675 0.133517 0.718935 0.0142635 0.634673 0.0126809 0.633413 0.131934
0 0.106423 0.0782961 0.249949 0.052662 0.242553 -0.0209648 0.0990259 0.00466929
0 0.534293 1.01011 0.538634 0.924536 0.411705 0.91309 0.407364 0.998664
0 0.0771616 0.271761 0.0830775 0.16146 0.0024013 0.153767 -0.00351455 0.264069
0 0.0556413 0.178965 0.057742 0.0688012 -0.00667076 0.0666176 -0.00877147 0.176782
0 0.511175 0.0504251 0.511693 -0.000184759 0.387829 -0.0024388 0.387311 0.048171
0 -0.000598088 0.072675 0.0435099 0.0720601 0.0429746 0.00380465 -0.00113335 0.00441958
0 0.921732 0.175636 0.934714 0.0177766 0.820563 0.00108743 0.807581 0.158946
0 0.438045 0.485021 0.528034 0.482027 0.526766 0.414288 0.436777 0.417282
0 0.927997 0.0784727 0.997173 0.0776135 0.996684 0.00766604 0.927508 0.00852528
0 0.806665 0.264834 0.811961 0.100958 0.637746 0.0909495 0.63245 0.254826
0 0.549005 0.796354 0.549431 0.715291 0.441599 0.714284 0.441173 0.795347
0 0.809973 0.0902891 0.810679 0.00299796 0.719209 0.00168304 0.718504 0.0889742
0 0.954865 0.966998 0.996855 0.966078 0.995098 0.823491 0.953108 0.824411
0 0.750599 0.262752 0.75392 0.127919 0.639202 0.122896 0.635881 0.257729
0 0.0776322 0.813247 0.104094 0.70905 0.0109207 0.666983 -0.0155416 0.77118
0 0.999659 0.744028 0.999903 0.629521 0.988491 0.629478 0.988248 0.743985
