0 0.509257 0.680254 0.516053 0.549012 0.40264 0.543139 0.395844 0.674381
0 0.618846 0.430747 0.711651 0.429777 0.710744 0.342946 0.617939 0.343916
0 0.432615 0.964066 0.534483 0.962803 0.533244 0.862805 0.431376 0.864067
0 0.228735 0.962833 0.311952 0.941971 0.275549 0.796755 0.192332 0.817617
0 0.696512 0.301366 0.698279 0.205835 0.611728 0.204234 0.60996 0.299764
0 0.77861 0.28056 0.781976 0.202854 0.699346 0.199275 0.69598 0.27698
0 0.456949 0.224257 0.480168 0.108241 0.363511 0.0848933 0.340292 0.20091
0 0.109552 0.56151 0.248853 0.539265 0.237684 0.469321 0.0983825 0.491565
0 0.928692 0.621899 0.931068 0.484957 0.803468 0.482744 0.801093 0.619685
0 0.245408 0.724417 0.305302 0.707598 0.275237 0.600529 0.215343 0.617348
0 0.172137 0.74886 0.244763 0.728055 0.206632 0.594955 0.134007 0.615761
0 0.692204 0.140569 0.695368 0.0429562 0.58007 0.0392179 0.576905 0.13683
0 0.524139 0.854335 0.525434 0.734226 0.406662 0.732945 0.405367 0.853054
0 0.307731 0.71116 0.368001 0.693592 0.335007 0.580404 0.274737 0.597972
0 0.633044 0.601029 0.716482 0.599551 0.714986 0.515091 0.631549 0.516568
0 0.00484638 0.193074 0.122881 0.177446 0.114863 0.116883 -0.00317222 0.132511
0 0.929972 0.124692 0.932066 0.0291469 0.857065 0.0275032 0.854971 0.123048
0 0.0950342 0.494625 0.222939 0.471877 0.211016 0.404842 0.0831117 0.42759
0 0.0704861 0.433989 0.195297 0.409694 0.182263 0.342732 0.0574519 0.367026
0 0.772672 0.129864 0.775481 0.0328456 0.697298 0.030582 0.694489 0.127601
0 1.00192 0.125924 1.00527 0.0216503 0.934832 0.0193871 0.931482 0.123661
0 0.298104 0.897755 0.357824 0.881382 0.328679 0.775075 0.268958 0.791448
0 0.367491 0.343751 0.494098 0.340958 0.492306 0.259723 0.365698 0.262516
0 0.354373 0.895325 0.428088 0.878263 0.402868 0.769296 0.329153 0.786357
0 0.998514 0.517269 1.00041 0.408504 0.918451 0.407074 0.916553 0.515839
0 0.37073 0.689424 0.422308 0.673051 0.388885 0.567757 0.337307 0.584129
0 0.76649 0.47824 0.915662 0.476166 0.914821 0.415655 0.765649 0.417728
0 0.0250425 0.25965 0.1504 0.23368 0.136757 0.167824 0.0113993 0.193794
0 0.126309 0.613794 0.240902 0.600221 0.233402 0.536906 0.118809 0.550479
0 0.0868559 0.79099 0.0970091 0.70083 0.00497616 0.690465 -0.00517702 0.780626
0 0.998262 0.684756 0.998875 0.62056 0.925831 0.619862 0.925218 0.684058
0 0.0889464 1.02195 0.113043 0.922625 0.0143095 0.898672 -0.00978684 0.997995
0 0.725869 0.522582 0.727937 0.427663 0.631427 0.425561 0.629358 0.520479
0 0.0518724 0.368937 0.17076 0.350018 0.161256 0.290296 0.0423685 0.309216
0 0.337063 0.107452 0.455775 0.0768045 0.436204 0.000998204 0.317492 0.0316458
0 0.00831329 0.139026 0.0982562 0.121813 0.0847708 0.0513482 -0.00517209 0.0685614
0 0.850821 0.124049 0.852711 0.0317611 0.776967 0.0302099 0.775077 0.122498
0 0.0424664 0.314258 0.155039 0.293402 0.144294 0.23541 0.0317222 0.256266
0 0.500542 0.494009 0.50168 0.391564 0.383801 0.390254 0.382663 0.492699
0 0.684097 0.347897 0.684803 0.295047 0.617936 0.294154 0.61723 0.347004
0 0.00168172 0.0693279 0.084794 0.0677399 0.0834988 -4.616e-05 0.000386558 0.00154183
0 0.76675 0.406195 0.767496 0.337821 0.710481 0.337198 0.709735 0.405572
0 0.913375 0.314719 0.915634 0.208125 0.852184 0.206781 0.849926 0.313375
0 0.967145 0.297715 0.968677 0.205152 0.912883 0.204229 0.911352 0.296792
0 0.055849 0.631413 0.0578793 0.550551 -0.00709305 0.54892 -0.00912344 0.629782
0 1.00199 0.290374 1.00265 0.205564 0.969127 0.2053 0.968459 0.29011
0 0.0773302 0.702307 0.0823051 0.621508 0.00116177 0.616512 -0.00381317 0.697311
0 0.57305 0.0561086 0.689213 0.0400698 0.681927 -0.0126994 0.565764 0.00333934
0 0.501574 0.534 0.50394 0.463619 0.387151 0.459692 0.384785 0.530073
0 0.49435 0.399964 0.49495 0.344878 0.372715 0.343545 0.372114 0.398631
0 -0.00421506 0.553966 0.0451547 0.551641 0.0415425 0.474955 -0.00782717 0.47728
0 0.996396 0.558694 0.997182 0.509566 0.93328 0.508542 0.932493 0.557671
0 0.262527 0.154222 0.320833 0.138178 0.3124 0.107533 0.254095 0.123576
0 0.438616 0.863435 0.527554 0.861198 0.526285 0.810719 0.437346 0.812956
0 0.22688 1.02028 0.344424 0.997875 0.334199 0.94422 0.216655 0.966621
0 0.538171 0.999925 0.538291 0.950407 0.436061 0.950161 0.435942 0.999679
0 0.793518 0.700401 0.797267 0.576308 0.64065 0.571576 0.636901 0.695669
0 -0.00280251 0.479887 0.0320106 0.478653 0.0302612 0.429293 -0.00455189 0.430527
0 0.330462 0.0318772 0.432285 0.0102959 0.425735 -0.0206082 0.323912 0.000973131
0 0.111038 0.970021 0.167123 0.952862 0.127919 0.824719 0.0718336 0.841877
0 0.818837 0.668721 0.895221 0.664832 0.892618 0.613698 0.816234 0.617586
