0 0.212592 0.574178 0.226625 0.473568 0.119056 0.465128 0.105022 0.565739
0 0.111227 0.566676 0.123735 0.463607 0.0145396 0.456153 0.00203172 0.559223
0 0.107747 0.234785 0.115945 0.147721 0.00139436 0.141654 -0.00680409 0.228718
0 0.977154 0.641809 0.98224 0.564513 0.817566 0.558418 0.81248 0.635714
0 0.101861 0.152032 0.11011 0.0594946 0.00503542 0.0542259 -0.00321358 0.146764
0 0.465746 0.436815 0.481051 0.331404 0.293878 0.316118 0.278574 0.421529
0 0.791461 0.7984 0.809792 0.670576 0.650173 0.6577 0.631841 0.785524
0 0.33921 1.01857 0.348671 0.961111 0.127647 0.94064 0.118186 0.998099
0 0.280002 0.416585 0.305232 0.334997 0.247513 0.324957 0.222283 0.406545
0 0.0849421 0.32592 0.0974905 0.232968 0.00436818 0.225896 -0.0081802 0.318849
0 0.887496 0.215426 0.924164 0.125742 0.80899 0.0992542 0.772322 0.188938
0 0.934969 0.813754 0.946782 0.730785 0.788539 0.718112 0.776726 0.801081
0 0.322204 0.573197 0.331754 0.483209 0.226696 0.476937 0.217145 0.566926
0 0.935441 0.4494 0.963767 0.410257 0.849891 0.363905 0.821566 0.403048
0 0.752874 0.4318 0.799189 0.357095 0.664528 0.310134 0.618213 0.384839
0 0.142315 0.0658372 0.148659 0.00111038 0.0191012 -0.00603212 0.0127574 0.0586947
0 0.497535 0.77392 0.541908 0.723945 0.416548 0.661334 0.372174 0.711309
0 0.938601 0.139853 0.977567 0.060688 0.881408 0.0340639 0.842441 0.113229
0 0.281326 0.818189 0.292712 0.702252 0.123679 0.692915 0.112293 0.808852
0 0.454942 0.568903 0.469488 0.504019 0.331097 0.486568 0.316551 0.551452
0 0.603124 0.450469 0.616106 0.392238 0.546558 0.383516 0.533576 0.441748
0 0.549738 0.720271 0.602759 0.642919 0.459877 0.587829 0.406856 0.665181
0 0.0736089 0.400753 0.0833574 0.330746 0.000372946 0.324246 -0.00937562 0.394253
0 0.993827 0.508705 0.99581 0.447521 0.893062 0.445648 0.891079 0.506832
0 0.301727 0.0531221 0.305826 -0.00187884 0.154071 -0.00824091 0.149972 0.04676
0 0.677013 0.315803 0.707056 0.259099 0.607656 0.229476 0.577613 0.286179
0 0.455432 1.00338 0.458596 0.970813 0.347546 0.964746 0.344382 0.997317
0 0.226913 0.3962 0.251282 0.31432 0.0925706 0.287751 0.068202 0.36963
0 0.568938 1.0073 0.572472 0.977375 0.461122 0.969977 0.457587 0.999904
0 0.586242 0.367633 0.608313 0.289029 0.513901 0.274117 0.49183 0.352721
0 0.964767 0.406811 1.01397 0.318109 0.902394 0.283293 0.853188 0.371995
0 1.01207 0.310509 1.03848 0.237139 0.946897 0.218596 0.920488 0.291967
0 0.536533 0.445251 0.555946 0.371279 0.470591 0.358678 0.451178 0.43265
0 1.0028 0.817268 1.00978 0.713161 0.943083 0.710647 0.936107 0.814754
0 0.0951396 0.798292 0.108006 0.680156 -0.000185284 0.673528 -0.0130521 0.791664
0 1.00331 0.630652 1.00681 0.562971 0.974455 0.562029 0.97095 0.629709
0 0.725588 0.474276 0.742675 0.422817 0.623204 0.400504 0.606118 0.451962
0 0.487842 0.113919 0.678701 0.0313253 0.606649 -0.0623297 0.41579 0.0202643
0 0.809871 0.689361 0.831998 0.561924 0.704497 0.549471 0.682369 0.676908
0 0.905175 0.47344 0.928634 0.436404 0.827044 0.400209 0.803585 0.437246
0 0.836193 0.269468 0.867762 0.212652 0.76404 0.180234 0.732471 0.237049
0 0.983904 0.0767917 1.0203 0.0026194 0.890495 -0.0332065 0.854101 0.0409658
0 1.00409 0.221953 1.00886 0.179356 0.972271 0.177047 0.967493 0.219644
0 0.622495 0.645216 0.661935 0.545568 0.484728 0.506117 0.445288 0.605764
0 0.537934 0.239531 0.620081 0.131907 0.485393 0.0740794 0.403246 0.181704
0 0.0897651 0.799636 0.104011 0.734584 0.000594867 0.721845 -0.0136505 0.786898
0 0.590443 0.201479 0.761039 0.107089 0.592187 -0.0645718 0.421592 0.0298175
0 0.13109 1.00128 0.133016 0.948857 0.00105929 0.946131 -0.00086621 0.998552
0 0.683552 1.00641 0.685504 0.984191 0.567341 0.978353 0.565389 1.00058
0 0.228727 0.0881111 0.235872 0.0443869 0.15338 0.0368044 0.146235 0.0805285
0 0.234369 0.0690438 0.239651 -0.00185772 0.155811 -0.00537097 0.150529 0.0655305
0 0.820191 0.309134 0.852747 0.248362 0.735105 0.212912 0.702548 0.273684
0 0.0180852 0.537956 0.0210837 0.463132 -0.000641087 0.462642 -0.00363957 0.537467
0 0.550868 0.719798 0.580194 0.666793 0.445689 0.624934 0.416363 0.67794
0 0.445181 0.121932 0.450357 0.00858002 0.364002 0.00636173 0.358826 0.119714
0 0.877153 0.519692 0.904243 0.456919 0.790421 0.429288 0.763331 0.492062
