0 0.261228 0.963436 0.264912 0.848914 0.125579 0.846393 0.121896 0.960915
0 0.271204 0.848716 0.278749 0.712064 0.113856 0.706943 0.106311 0.843595
0 0.350898 0.185242 0.353525 0.0546883 0.166321 0.0525692 0.163694 0.183123
0 0.821059 0.524092 0.930285 0.497239 0.867705 0.354053 0.758479 0.380906
0 0.714867 0.75867 0.715213 0.637281 0.561155 0.637034 0.560809 0.758424
0 0.273763 0.673476 0.432935 0.67257 0.431825 0.562823 0.272653 0.563729
0 0.763685 0.865827 0.768478 0.745389 0.646404 0.742656 0.64161 0.863094
0 0.594338 0.664363 0.599471 0.555917 0.440172 0.551676 0.435039 0.660121
0 0.117728 0.248589 0.120345 0.151218 -0.00120182 0.14938 -0.00381938 0.246752
0 0.704421 1.00101 0.707465 0.861201 0.554173 0.859324 0.551129 0.99913
0 0.288313 0.310406 0.291922 0.173159 0.118892 0.170599 0.115282 0.307846
0 0.103557 0.49839 0.106087 0.393255 -0.00793021 0.391712 -0.0104598 0.496846
0 0.580794 0.0811008 0.58453 0.00535969 0.399016 0.000212029 0.39528 0.0759531
0 0.741721 0.383634 0.848285 0.378974 0.832626 0.17757 0.726062 0.182231
0 0.107045 1.00796 0.249707 1.00493 0.24811 0.962534 0.105448 0.965557
0 0.0967843 0.395178 0.105792 0.255648 -0.00290439 0.251701 -0.0119122 0.391231
0 0.0416421 0.674365 0.0439373 0.586536 -0.000308961 0.585886 -0.00260424 0.673715
0 0.982115 0.321007 1.06649 0.222365 0.879901 0.132586 0.795524 0.231229
0 1.00196 0.405632 1.00524 0.349518 0.966414 0.348243 0.963139 0.404358
0 0.571076 0.0677087 0.573528 0.0136838 0.499356 0.0117901 0.496904 0.065815
0 0.449029 0.018538 0.572814 0.0154089 0.57201 -0.00248437 0.448225 0.000644756
0 0.351849 0.0386162 0.41934 0.0385216 0.419245 0.000506149 0.351754 0.000600799
