0 0.723309 0.961881 0.731789 0.856048 0.591879 0.849742 0.583398 0.955575
0 0.498055 0.732269 0.547204 0.642264 0.441393 0.609763 0.392244 0.699767
0 0.135332 0.549977 0.256642 0.511386 0.175546 0.367993 0.0542367 0.406584
0 0.296039 0.990293 0.429019 0.964465 0.382322 0.829225 0.249342 0.855054
0 1.00816 0.953717 1.01032 0.83699 0.881097 0.835644 0.878937 0.952371
0 0.855648 0.627253 0.859159 0.538881 0.749772 0.536437 0.746262 0.624809
0 0.499763 0.812598 0.534224 0.742251 0.460857 0.722034 0.426396 0.792382
0 0.887307 0.808411 1.00622 0.773882 0.947758 0.660625 0.828844 0.695153
0 0.863363 0.616803 0.937079 0.605446 0.911391 0.51166 0.837675 0.523017
0 0.143323 0.883103 0.153044 0.782536 0.0203486 0.775321 0.010628 0.875889
0 0.543079 0.579352 0.610464 0.497265 0.536236 0.46299 0.468851 0.545076
0 0.93533 0.604173 1.01658 0.591309 0.989729 0.495935 0.908483 0.508799
0 0.753432 0.796275 0.761311 0.708427 0.599012 0.70024 0.591134 0.788088
0 0.505813 0.961927 0.590508 0.959525 0.584939 0.849052 0.500245 0.851453
0 0.401878 0.952727 0.504931 0.952309 0.504224 0.854147 0.401172 0.854564
0 0.850639 0.27368 0.93133 0.155227 0.77109 0.093826 0.690399 0.212279
0 0.996258 0.397833 1.01077 0.282778 0.875224 0.273158 0.860709 0.388213
0 0.289696 0.70333 0.294484 0.610074 0.172178 0.606542 0.16739 0.699797
0 0.454527 0.537619 0.564507 0.449632 0.475192 0.386834 0.365212 0.474821
0 0.195879 1.00191 0.206195 0.895328 0.0624067 0.8875 0.0520913 0.994083
0 0.631096 0.588678 0.659422 0.515924 0.593805 0.501554 0.565479 0.574307
0 0.733978 0.964953 0.887041 0.945258 0.857962 0.818141 0.7049 0.837836
0 0.891316 0.101877 0.896952 0.0434131 0.598426 0.0272259 0.59279 0.0856896
0 0.237619 0.337114 0.334713 0.228923 0.215396 0.168692 0.118302 0.276883
0 0.432303 0.668083 0.460709 0.588762 0.347763 0.566009 0.319356 0.645331
0 0.252949 0.867667 0.399372 0.8283 0.355748 0.73703 0.209325 0.776397
0 0.00354568 0.732695 0.0993036 0.719194 0.0727571 0.613285 -0.0230008 0.626786
0 0.073676 0.994925 0.0741643 0.929843 -0.000223866 0.929529 -0.000712125 0.994611
0 0.900152 0.0560152 0.909317 0.00500337 0.762069 -0.00987674 0.752904 0.041135
0 0.733835 0.615462 0.754111 0.537471 0.647178 0.521833 0.626902 0.599823
0 0.244692 0.788265 0.333319 0.737326 0.272087 0.677399 0.18346 0.728337
0 0.975696 0.213367 1.0257 0.203419 0.998798 0.127356 0.948795 0.137304
0 0.0373228 0.623821 0.0795489 0.576675 0.00941776 0.541343 -0.0328083 0.588488
0 0.107486 0.786204 0.111795 0.71831 0.00242582 0.714405 -0.00188363 0.782299
0 -0.013684 0.360874 0.114085 0.333752 0.048648 0.160352 -0.0791207 0.187474
0 0.234658 0.826812 0.37817 0.797423 0.358629 0.743746 0.215117 0.773135
0 0.744265 0.78118 0.798288 0.779501 0.793182 0.687099 0.739159 0.688778
0 0.674743 0.267226 0.744152 0.26605 0.739932 0.125896 0.670524 0.127072
0 0.00129046 0.56118 0.0430235 0.557061 0.0215473 0.434663 -0.0201857 0.438782
0 0.800249 0.805501 0.868253 0.802372 0.858502 0.683138 0.790497 0.686266
0 -0.00309945 0.143368 0.0815761 0.135893 0.0607766 0.00335205 -0.0238989 0.0108266
0 0.248093 0.382009 0.370046 0.290267 0.318682 0.251861 0.19673 0.343603
0 0.287323 0.403458 0.392063 0.323484 0.345334 0.289059 0.240594 0.369033
0 0.191249 0.239653 0.21818 0.156599 0.126796 0.13993 0.0998644 0.222984
0 0.380629 0.472894 0.477688 0.38136 0.398447 0.334097 0.301388 0.425631
0 -0.00158459 0.365187 0.102566 0.364547 0.100454 0.171137 -0.00369659 0.171777
0 0.962718 0.131978 1.00082 0.131913 1.00048 0.0210813 0.962382 0.0211463
