0 0.850571 0.310369 0.863425 0.202902 0.725928 0.193651 0.713074 0.301118
0 0.746967 0.822834 0.748767 0.733187 0.622145 0.731757 0.620345 0.821404
0 0.449705 0.884778 0.571863 0.866726 0.536063 0.730449 0.413904 0.748501
0 0.201964 0.52992 0.21003 0.437586 0.0886447 0.431622 0.0805786 0.523955
0 0.38677 0.266107 0.3913 0.166902 0.255085 0.163403 0.250555 0.262608
0 0.899821 0.130042 0.998177 0.129129 0.99695 0.0547301 0.898594 0.0556426
0 0.172203 0.798514 0.294565 0.782766 0.278575 0.712882 0.156213 0.728631
0 0.810148 0.71903 0.917117 0.6819 0.849057 0.571604 0.742087 0.608733
0 0.146527 0.726272 0.277906 0.716044 0.269142 0.652725 0.137764 0.662954
0 0.760217 0.439881 0.766385 0.351876 0.653829 0.347439 0.647661 0.435444
0 0.584919 0.302742 0.590359 0.21021 0.468479 0.206179 0.463038 0.298711
0 0.342498 0.96309 0.357286 0.852668 0.21442 0.841906 0.199632 0.952328
0 0.460179 0.224219 0.607478 0.193526 0.579188 0.117157 0.431889 0.147851
0 0.881001 0.79847 0.955752 0.763038 0.900238 0.69716 0.825487 0.732593
0 0.665623 0.60386 0.667189 0.507264 0.550359 0.506198 0.548792 0.602795
0 0.12842 0.313674 0.131286 0.223166 0.0196202 0.221178 0.0167551 0.311685
0 0.880818 0.569284 1.00974 0.536565 0.9763 0.462465 0.847383 0.495184
0 0.359134 0.62803 0.503408 0.609307 0.483142 0.521461 0.338868 0.540183
0 0.90183 0.246081 0.997012 0.244986 0.994647 0.129294 0.899465 0.130388
0 0.994068 0.0598382 0.994091 0.00756238 0.896868 0.00753864 0.896845 0.0598145
0 0.462175 0.977789 0.60887 0.936975 0.568091 0.854529 0.421395 0.895343
0 0.335329 0.545488 0.476011 0.526143 0.456009 0.444318 0.315326 0.463663
0 0.0676098 0.445003 0.1855 0.43083 0.17224 0.368789 0.0543494 0.382963
0 0.943906 0.76552 1.00205 0.746972 0.956723 0.66705 0.89858 0.685598
0 0.369511 0.704518 0.513838 0.685185 0.494682 0.604742 0.350355 0.624075
0 0.827236 0.831217 0.877307 0.770346 0.800864 0.734975 0.750792 0.795847
0 0.831222 0.614206 0.851157 0.481405 0.683055 0.46721 0.663119 0.600012
0 0.296299 0.339756 0.415095 0.325484 0.400313 0.25627 0.281516 0.270542
0 0.162841 0.0642334 0.322823 0.0445394 0.310188 -0.0131949 0.150206 0.00649919
0 0.538967 0.509263 0.65082 0.501392 0.644522 0.451053 0.53267 0.458924
0 0.506057 0.073581 0.672216 0.0450352 0.651033 -0.0243242 0.484873 0.00422166
0 0.193287 0.86336 0.319722 0.845396 0.302574 0.777506 0.176139 0.795471
0 0.42955 0.469372 0.447539 0.373987 0.323069 0.360783 0.30508 0.456167
0 0.407249 0.753098 0.523122 0.745261 0.515893 0.685137 0.40002 0.692973
0 0.301968 0.386385 0.40511 0.374364 0.394344 0.322402 0.291202 0.334423
0 0.491808 0.362328 0.615792 0.351218 0.606135 0.2906 0.482152 0.301709
0 0.601711 0.189796 0.658073 0.178102 0.632068 0.107599 0.575706 0.119293
0 0.146055 0.294955 0.226972 0.271671 0.18712 0.19377 0.106203 0.217054
0 0.822074 0.445304 0.951754 0.381708 0.883198 0.303073 0.753517 0.36667
0 0.624865 0.46091 0.626068 0.390499 0.523713 0.389516 0.522511 0.459927
0 0.60814 0.743953 0.697695 0.732959 0.672595 0.61795 0.58304 0.628943
0 0.213288 0.272044 0.272992 0.258063 0.242022 0.183668 0.182318 0.197649
0 0.0035046 0.065265 0.0705634 0.0640222 0.0684972 0.0013113 0.00143839 0.00255412
0 0.134678 0.6654 0.254495 0.656653 0.247117 0.599807 0.1273 0.608554
0 0.854926 1.04603 0.97381 0.990317 0.915648 0.920508 0.796764 0.976222
0 0.15542 0.377364 0.159317 0.30395 0.0542388 0.300812 0.050342 0.374226
0 0.66081 0.047837 0.749733 0.0272785 0.731219 -0.0177665 0.642296 0.00279211
0 0.00518236 0.863039 0.105071 0.848705 0.0686454 0.705921 -0.031243 0.720254
0 0.111423 0.60125 0.231533 0.584033 0.214459 0.517031 0.0943491 0.534248
0 0.513827 0.399551 0.624837 0.385063 0.613277 0.335239 0.502266 0.349727
0 0.586766 0.246012 0.694469 0.227585 0.677599 0.172121 0.569895 0.190548
0 0.00103504 0.725846 0.0606297 0.722263 0.0475003 0.599439 -0.0120944 0.603022
0 0.00509715 0.113892 0.0956346 0.103721 0.0858451 0.0547027 -0.00469238 0.0648736
0 0.807651 0.21104 0.820501 0.0860875 0.648618 0.0761443 0.635768 0.201097
0 0.976795 0.361409 1.03395 0.333317 0.984224 0.27641 0.92707 0.304502
0 0.965408 0.41657 1.00988 0.415304 1.00667 0.352041 0.962205 0.353307
0 0.992754 0.734508 1.04213 0.711537 0.988826 0.64709 0.939451 0.670061
0 0.730107 1.00533 0.813834 1.00268 0.81193 0.968826 0.728203 0.971475
0 0.917749 0.644134 1.02261 0.611146 0.988075 0.549388 0.883211 0.582377
0 0.734395 0.029744 0.844268 0.0271765 0.843009 -0.00314598 0.733135 -0.000578468
0 -0.00755166 0.602174 0.0419342 0.602059 0.0416633 0.53651 -0.00782258 0.536626
0 0.71913 0.355037 0.720401 0.310855 0.65274 0.30976 0.651469 0.353943
0 0.125629 0.632949 0.244567 0.626176 0.239779 0.578878 0.120841 0.585651
0 0.431541 1.01797 0.472542 0.927653 0.343098 0.8946 0.302097 0.984922
0 0.691218 0.282835 0.695056 0.216575 0.596823 0.213375 0.592985 0.279634
0 0.971653 0.529718 1.00396 0.528738 1.00024 0.45983 0.967938 0.46081
0 0.155881 0.106985 0.161281 0.041591 0.0663597 0.0371812 0.0609588 0.102575
0 0.713737 0.750752 0.8125 0.647463 0.682934 0.577776 0.584171 0.681065
0 0.791461 0.336139 0.886729 0.316334 0.874433 0.283062 0.779164 0.302867
0 0.840929 0.504121 0.967356 0.462281 0.926438 0.392733 0.800012 0.434572
