0 0.14756 0.628453 0.263987 0.627874 0.263408 0.511375 0.14698 0.511954
0 0.716984 0.967704 0.725764 0.850832 0.606538 0.841875 0.597758 0.958747
0 0.23314 0.884379 0.345687 0.868641 0.337056 0.806924 0.22451 0.822663
0 0.210261 0.218159 0.254779 0.137897 0.191413 0.102752 0.146896 0.183014
0 0.938981 0.889472 0.943965 0.790087 0.835464 0.784646 0.83048 0.88403
0 0.541223 0.723223 0.652957 0.676754 0.618965 0.595023 0.507232 0.641492
0 0.249916 0.941536 0.373467 0.927952 0.366911 0.868329 0.24336 0.881913
0 0.0783312 0.356302 0.162043 0.327553 0.125655 0.221598 0.0419433 0.250347
0 0.228142 0.429837 0.310418 0.403806 0.281656 0.312902 0.19938 0.338934
0 0.0586491 0.258037 0.130457 0.229843 0.0903406 0.127669 0.0185324 0.155863
0 0.00330809 0.794869 0.129888 0.768344 0.111583 0.680995 -0.014996 0.70752
0 0.324945 0.582675 0.348681 0.49845 0.266569 0.475309 0.242833 0.559534
0 0.0650163 0.917533 0.171978 0.891153 0.154899 0.8219 0.0479369 0.848279
0 0.271779 1.0102 0.395388 0.986479 0.382834 0.921048 0.259225 0.944765
0 0.588816 0.855289 0.705135 0.825547 0.686762 0.753693 0.570443 0.783435
0 0.0816303 0.988363 0.194686 0.965769 0.179283 0.888696 0.0662277 0.91129
0 0.0429023 0.852335 0.155182 0.825132 0.138859 0.757758 0.026579 0.784961
0 0.352972 0.575818 0.428884 0.551434 0.396745 0.45138 0.320833 0.475764
0 0.890683 0.799797 0.892823 0.738548 0.825152 0.736184 0.823012 0.797433
0 0.610652 0.798218 0.685336 0.734416 0.628294 0.667645 0.55361 0.731446
0 0.115644 0.469613 0.214027 0.434051 0.172967 0.320457 0.0745836 0.356018
0 0.221163 0.828518 0.333529 0.808832 0.323223 0.750006 0.210857 0.769693
0 0.901868 0.753012 0.906194 0.648941 0.801986 0.64461 0.79766 0.74868
0 0.255198 0.246704 0.311032 0.181516 0.263318 0.140649 0.207484 0.205837
0 1.00098 0.874182 1.00323 0.780321 0.947977 0.779 0.945734 0.872861
0 0.504705 0.582005 0.580847 0.527785 0.48898 0.398775 0.412838 0.452995
0 0.947196 0.9989 0.99825 0.998812 0.998167 0.95003 0.947113 0.950117
0 0.0791262 0.684682 0.0988943 0.573711 -0.00218694 0.555704 -0.021955 0.666675
0 0.276143 0.300819 0.356486 0.235615 0.315799 0.185481 0.235456 0.250685
0 0.948215 1.00111 0.948991 0.954871 0.863707 0.953438 0.86293 0.999677
0 0.842814 1.00156 0.843794 0.949229 0.75644 0.947593 0.75546 0.999921
0 0.958625 0.722517 1.03615 0.702856 1.00166 0.566882 0.924139 0.586543
0 0.421171 0.536666 0.47456 0.519531 0.449924 0.442769 0.396534 0.459904
0 0.28883 0.761219 0.322136 0.627917 0.206948 0.599137 0.173642 0.732439
0 0.307142 0.407014 0.440511 0.375178 0.424552 0.308322 0.291183 0.340158
0 0.181599 0.447091 0.23154 0.430785 0.206476 0.354021 0.156535 0.370327
0 0.000583759 0.500868 0.0379637 0.498656 0.0320187 0.398195 -0.00536125 0.400407
0 0.181433 0.459526 0.241459 0.406381 0.174218 0.330434 0.114192 0.383579
0 0.494436 0.643955 0.609469 0.592212 0.58466 0.537059 0.469627 0.588802
0 0.0682966 0.707717 0.113986 0.670996 0.0811015 0.630081 0.0354125 0.666802
0 0.144333 0.160735 0.1919 0.102252 0.100704 0.0280782 0.053137 0.0865618
0 0.0453127 0.139462 0.121928 0.0765903 0.0387345 -0.0247886 -0.0378809 0.0380836
0 0.026632 0.154383 0.0872163 0.131685 0.0543419 0.043939 -0.00624241 0.0666371
0 0.092421 1.0152 0.198246 0.995906 0.191412 0.958427 0.0855874 0.977722
0 0.512868 0.904111 0.571463 0.888109 0.563049 0.8573 0.504455 0.873302
0 0.390108 0.389404 0.451426 0.342051 0.359553 0.223082 0.298235 0.270435
0 -0.00048042 0.40744 0.0250876 0.407429 0.025051 0.319061 -0.000517075 0.319072
0 0.195219 0.707821 0.254061 0.679251 0.22275 0.614766 0.163909 0.643336
