0 0.300835 1.00784 0.309312 0.902095 0.200543 0.893374 0.192065 0.99912
0 0.344379 0.779201 0.350304 0.653134 0.237068 0.647812 0.231144 0.773879
0 0.292859 0.546194 0.306946 0.436549 0.223593 0.42584 0.209506 0.535485
0 0.198603 0.531903 0.210146 0.423221 0.124283 0.414101 0.112739 0.522783
0 0.06776 0.7436 0.0806281 0.626441 0.00191647 0.617796 -0.0109517 0.734954
0 0.150693 0.751356 0.162742 0.64377 0.0819983 0.634727 0.0699495 0.742313
0 0.392277 1.00989 0.40024 0.916202 0.306838 0.908263 0.298875 1.00195
0 0.659315 0.573716 0.669455 0.47352 0.589125 0.46539 0.578985 0.565586
0 0.561318 0.327712 0.570575 0.230779 0.476104 0.221758 0.466847 0.318691
0 0.18956 0.352692 0.196189 0.254978 0.103186 0.248668 0.0965564 0.346381
0 0.474715 0.728159 0.479617 0.644808 0.404387 0.640384 0.399486 0.723735
0 0.583505 0.56715 0.593019 0.466035 0.513234 0.458528 0.50372 0.559643
0 0.190187 0.995894 0.198424 0.891783 0.0893932 0.883157 0.0811565 0.987268
0 0.499955 0.591343 0.511776 0.458699 0.42642 0.451092 0.414599 0.583736
0 0.392916 0.377709 0.401467 0.281107 0.322334 0.274102 0.313783 0.370704
0 0.575276 0.152918 0.583152 0.0593921 0.503323 0.0526702 0.495448 0.146196
0 0.849511 0.435752 0.860377 0.331384 0.720597 0.316831 0.709731 0.4212
0 0.224619 0.757184 0.234993 0.644617 0.160662 0.637767 0.150288 0.750334
0 0.448945 0.0834283 0.455753 0.000678603 0.37486 -0.00597681 0.368052 0.0767729
0 0.423274 0.235823 0.428956 0.138473 0.321174 0.132183 0.315492 0.229533
0 0.583143 0.233513 0.587477 0.144992 0.487442 0.140094 0.483108 0.228615
0 0.362749 0.556853 0.37737 0.436471 0.306523 0.427866 0.291901 0.548248
0 0.431779 0.146905 0.441923 0.0855472 0.340472 0.0687743 0.330328 0.130132
0 0.709793 0.416597 0.728761 0.335154 0.685839 0.325158 0.666872 0.4066
0 0.753743 1.01808 0.760521 0.960706 0.596833 0.941371 0.590056 0.998746
0 0.741803 0.57349 0.748897 0.483407 0.669761 0.477175 0.662667 0.567258
0 0.0703541 0.974726 0.0740528 0.87328 0.000445762 0.870597 -0.00325301 0.972042
0 0.10474 0.519295 0.119916 0.407423 0.0474511 0.397592 0.0322746 0.509464
0 0.606518 0.0656731 0.611894 0.000919305 0.51455 -0.00716237 0.509174 0.0575915
0 0.54778 0.400571 0.556688 0.32751 0.456415 0.315285 0.447508 0.388346
0 0.84138 0.568975 0.852223 0.504357 0.748077 0.486881 0.737233 0.551498
0 0.95132 0.449376 0.960351 0.39077 0.909877 0.382992 0.900846 0.441598
0 0.87355 0.774257 0.906878 0.724008 0.812133 0.661168 0.778805 0.711417
0 0.711021 0.817556 0.719195 0.70276 0.592961 0.693771 0.584786 0.808567
0 0.912336 0.720688 0.952401 0.642369 0.843224 0.586518 0.803159 0.664837
0 0.298902 0.116848 0.302083 0.0453264 0.236601 0.0424141 0.23342 0.113936
0 0.292255 0.182872 0.295779 0.119986 0.23073 0.11634 0.227206 0.179227
0 0.0375488 0.506989 0.048832 0.400646 -0.00337101 0.395107 -0.0146542 0.50145
0 0.311728 0.370181 0.320403 0.289584 0.193895 0.275967 0.185219 0.356564
0 0.726016 0.0529119 0.729084 -0.00191845 0.615417 -0.00827979 0.612348 0.0465505
0 0.286669 0.245274 0.288385 0.179232 0.222192 0.177513 0.220476 0.243554
0 0.461658 0.789668 0.468185 0.727502 0.395174 0.719836 0.388647 0.782002
0 0.377355 0.0625751 0.383285 0.000474496 0.328721 -0.00473638 0.322791 0.0573642
0 0.841625 1.00333 0.843998 0.970518 0.760634 0.964489 0.758262 0.997298
0 0.869898 0.132927 1.01551 0.0643176 0.96085 -0.051679 0.815242 0.0169301
0 0.078978 0.043646 0.0801 0.000794018 0.0145289 -0.000922749 0.0134069 0.0419292
0 0.934615 0.368931 0.958326 0.291485 0.890354 0.270674 0.866643 0.34812
0 0.925652 1.00765 0.928527 0.976486 0.845685 0.968847 0.84281 1.00001
0 1.00295 0.313669 1.02335 0.251596 0.951659 0.228028 0.931253 0.2901
0 0.318472 0.0464841 0.321692 -0.000904618 0.199725 -0.00919232 0.196505 0.0381964
0 0.902986 0.444583 0.915307 0.37872 0.850759 0.366645 0.838438 0.432508
0 0.167808 0.0334438 0.168964 -0.00085674 0.0962843 -0.00330589 0.0951285 0.0309947
0 0.999875 0.460219 1.01055 0.40778 0.958808 0.39725 0.948135 0.449689
0 0.0996418 0.349862 0.103441 0.224594 0.00331835 0.221557 -0.000481221 0.346825
0 0.359586 0.616344 0.362579 0.5488 0.28386 0.545312 0.280867 0.612856
0 0.411863 0.28468 0.416816 0.233431 0.328951 0.224939 0.323998 0.276188
0 0.669989 0.395626 0.687861 0.314351 0.568989 0.288212 0.551118 0.369488
0 0.0970027 0.234702 0.0983849 0.20448 0.0110274 0.200485 0.0096452 0.230706
0 0.869868 0.234146 0.971492 0.154558 0.903645 0.0679249 0.80202 0.147514
0 0.574196 0.800022 0.584406 0.663612 0.473271 0.655293 0.46306 0.791704
0 0.996465 1.00344 0.997312 0.981409 0.926378 0.978683 0.925531 1.00072
0 0.107193 0.193903 0.11613 0.090858 -0.000988246 0.0807009 -0.00992489 0.183745
0 0.596258 1.01566 0.600907 0.959384 0.436974 0.945844 0.432325 1.00212
0 0.157991 0.10045 0.164989 0.0295134 0.0816903 0.0212964 0.0746927 0.0922329
0 1.00278 0.399304 1.00568 0.324234 0.96521 0.322671 0.96231 0.39774
0 0.0450057 0.0447766 0.0461644 0.00398891 0.00408376 0.00279352 0.00292509 0.0435812
0 0.96242 0.644751 0.989621 0.559128 0.861542 0.51844 0.834342 0.604064
0 0.436761 1.00186 0.440529 0.925287 0.392812 0.922939 0.389044 0.99951
0 0.954218 0.782773 1.00073 0.782531 1.00019 0.679581 0.953683 0.679823
0 0.670236 0.0837241 0.675278 0.04067 0.613842 0.0334743 0.6088 0.0765283
0 0.0563972 1.00023 0.0571199 0.973 0.00403268 0.971591 0.00331001 0.998823
0 0.183392 0.239665 0.18881 0.0930618 0.111954 0.0902218 0.106537 0.236825
0 0.317483 0.0435857 0.320568 -0.00130523 0.248465 -0.00625942 0.24538 0.0386315
0 0.981118 0.187607 1.04456 0.129796 0.985456 0.0649257 0.92201 0.122736
0 0.0983555 0.350278 0.102538 0.277074 0.0046438 0.27148 0.000461122 0.344684
0 -0.000371561 0.0469589 0.0141223 0.046889 0.0138997 0.00076903 -0.000594194 0.000838996
0 0.676294 0.066918 0.680081 -0.00183311 0.617145 -0.00529975 0.613358 0.0634514
0 0.980876 0.577262 0.991198 0.52305 0.843886 0.495001 0.833564 0.549213
0 0.799936 0.0515061 0.804451 0.00468466 0.724565 -0.00301827 0.72005 0.0438032
0 0.705871 0.814314 0.711554 0.756977 0.589085 0.74484 0.583403 0.802177
0 0.666001 0.3962 0.686349 0.318298 0.631274 0.303913 0.610926 0.381815
0 0.78911 0.109727 0.790771 0.0310178 0.719808 0.0295203 0.718147 0.108229
0 0.913697 0.719659 0.936181 0.664541 0.834487 0.623058 0.812003 0.678176
