0 0.613455 0.718985 0.674098 0.638009 0.588134 0.601796 0.527491 0.682772
0 0.460759 0.857599 0.562274 0.803152 0.480906 0.717815 0.379391 0.772262
0 0.184964 0.840986 0.334318 0.817414 0.314909 0.748243 0.165556 0.771815
0 0.410872 0.758013 0.508724 0.727579 0.45348 0.627666 0.355627 0.6581
0 0.158759 0.777336 0.314221 0.753831 0.295602 0.684558 0.140139 0.708062
0 0.111651 0.642988 0.253163 0.615865 0.229503 0.546428 0.0879914 0.57355
0 0.735018 0.920855 0.740328 0.827988 0.622045 0.824184 0.616736 0.917051
0 0.134994 0.711981 0.278862 0.689973 0.259501 0.618783 0.115634 0.640791
0 0.214354 1.02542 0.394064 0.985925 0.361183 0.901765 0.181473 0.94126
0 0.519368 0.978218 0.635273 0.911523 0.53644 0.81491 0.420535 0.881605
0 0.0717161 0.57221 0.225136 0.54935 0.210302 0.493348 0.0568817 0.516208
0 0.351284 0.90452 0.355166 0.824232 0.251018 0.821399 0.247136 0.901687
0 0.353494 0.633752 0.470582 0.604735 0.407039 0.460507 0.289951 0.489525
0 0.0231715 1.0198 0.200283 0.994519 0.181049 0.918721 0.00393841 0.943999
0 0.00124007 0.869531 0.0718 0.85526 0.04344 0.776388 -0.0271199 0.790659
0 0.780921 1.01587 0.888177 0.998655 0.875046 0.952647 0.767791 0.969866
0 0.0935045 0.535125 0.214968 0.468137 0.108651 0.3597 -0.0128128 0.426688
0 0.673127 0.746016 0.74712 0.681291 0.684516 0.641033 0.610522 0.705759
0 0.74244 0.907156 0.912963 0.877275 0.892922 0.812944 0.722399 0.842825
0 0.870554 1.00498 0.997415 1.00436 0.996883 0.943478 0.870022 0.944102
0 0.700763 0.800523 0.808137 0.735785 0.754582 0.68582 0.647208 0.750558
0 0.574902 0.948368 0.642691 0.93143 0.60826 0.853918 0.540471 0.870856
0 0.00921325 0.726977 0.067136 0.713237 0.0370762 0.641958 -0.0208465 0.655698
0 0.049808 0.44723 0.0845655 0.331148 -0.0187387 0.313749 -0.0534962 0.42983
0 0.0639683 1.02471 0.168658 0.951312 0.0982017 0.894785 -0.00648755 0.968184
0 -0.00188942 0.658547 0.0411699 0.658335 0.0404847 0.580099 -0.00257455 0.580311
0 0.678676 1.01008 0.786879 0.998432 0.782591 0.976033 0.674388 0.987683
0 0.533393 0.657543 0.591141 0.60091 0.47025 0.53157 0.412502 0.588204
0 -0.000415021 1.00257 0.0242821 1.00204 0.0227999 0.963228 -0.00189727 0.963758
0 -6.47704e-06 0.444093 0.0837214 0.443126 0.0809229 0.306908 -0.00280499 0.307875
0 0.857752 0.888762 0.935926 0.843282 0.811908 0.723374 0.733734 0.768854
0 0.0872054 0.0777347 0.0872804 0.000395026 -0.000520777 0.000347164 -0.000595727 0.0776868
