0 0.536111 0.9462 0.544287 0.765044 0.401669 0.7536 0.393492 0.934757
0 0.531381 0.278298 0.532194 0.151873 0.433106 0.15074 0.432293 0.277165
0 0.283371 0.427759 0.357079 0.409349 0.33666 0.264015 0.262951 0.282425
0 0.547441 0.575337 0.549955 0.443444 0.446106 0.439925 0.443592 0.571818
0 0.227423 0.281928 0.311407 0.25603 0.278291 0.0651116 0.194307 0.0910096
0 0.536338 0.387348 0.536632 0.259623 0.432123 0.259194 0.431828 0.386919
0 0.529737 0.782071 0.533617 0.591166 0.404657 0.586506 0.400777 0.777412
0 0.207194 0.533286 0.313618 0.510764 0.301824 0.411688 0.1954 0.434211
0 0.0706963 0.377514 0.115159 0.250105 0.0241701 0.193656 -0.0202925 0.321064
0 0.421519 0.173189 0.42421 0.0444632 0.336025 0.0411866 0.333335 0.169913
0 0.29633 0.195556 0.35804 0.173522 0.330355 0.0356797 0.268646 0.0577134
0 0.424629 0.851706 0.425231 0.74909 0.356287 0.748371 0.355685 0.850987
0 0.437653 0.151083 0.527882 0.148276 0.526718 0.0817465 0.436489 0.0845538
0 0.0893345 0.997336 0.0930536 0.874884 0.00464601 0.870111 0.000926919 0.992562
0 0.00752893 0.0539572 0.0990321 0.027225 0.0901425 -0.0268704 -0.00136067 -0.000138134
0 -0.00548843 0.89703 0.0667669 0.896358 0.0661934 0.786678 -0.00606196 0.78735
0 0.477892 0.153634 0.536761 0.033626 0.458761 -0.0343963 0.399892 0.0856112
0 0.545626 0.464914 0.54577 0.384648 0.4403 0.38431 0.440155 0.464576
0 0.367624 0.856728 0.375058 0.686446 0.264947 0.6779 0.257513 0.848182
0 0.999599 0.834287 1.00044 0.753136 0.984159 0.752836 0.983319 0.833987
0 0.0767639 0.478886 0.103287 0.378405 0.0109256 0.335064 -0.0155973 0.435544
0 0.999558 0.411982 0.999888 0.294528 0.988522 0.294471 0.988191 0.411925
0 0.944975 0.650964 0.999579 0.648935 0.996336 0.493807 0.941732 0.495836
0 0.50361 1.00456 0.505107 0.931071 0.418079 0.927918 0.416581 1.00141
