0 0.446151 0.963405 0.448629 0.848123 0.344254 0.845879 0.341776 0.961162
0 0.453408 0.848622 0.459237 0.711806 0.335154 0.70652 0.329326 0.843336
0 0.513025 0.183637 0.515183 0.0557628 0.375846 0.0534115 0.373688 0.181286
0 0.865797 0.524093 0.947712 0.497238 0.900772 0.354054 0.818857 0.380908
0 0.786148 0.758674 0.786411 0.637281 0.670882 0.63703 0.670618 0.758423
0 0.337638 0.247914 0.339126 0.150133 0.237567 0.148587 0.236079 0.246368
0 0.455232 0.673321 0.574631 0.672553 0.573926 0.562962 0.454527 0.56373
0 0.822762 0.865839 0.826358 0.745379 0.734802 0.742646 0.731207 0.863106
0 0.14634 0.22282 0.149533 0.10687 0.0502202 0.104135 0.0470272 0.220085
0 0.695708 0.66438 0.699581 0.555882 0.580089 0.551617 0.576216 0.660114
0 0.778329 1.001 0.780603 0.861217 0.665624 0.859347 0.663349 0.999131
0 0.23083 0.430098 0.231754 0.360141 0.139942 0.358928 0.139019 0.428885
0 0.00230105 0.305047 0.0673623 0.303118 0.0629878 0.155541 -0.00207345 0.15747
0 0.463372 0.30729 0.4654 0.175171 0.338724 0.173226 0.336696 0.305345
0 0.14092 0.437431 0.141016 0.367822 0.0615075 0.367711 0.0614109 0.437321
0 0.0318865 0.675802 0.0324982 0.586133 -0.000954267 0.585905 -0.00156598 0.675574
0 0.685918 0.0811005 0.688747 0.00539676 0.549898 0.000208076 0.547069 0.0759118
0 0.806294 0.383636 0.886223 0.378974 0.874477 0.177568 0.794549 0.18223
0 0.00257913 0.450805 0.0510699 0.45044 0.0504795 0.37199 0.00198873 0.372355
0 0.0776826 0.99822 0.0787133 0.925744 0.00476394 0.924692 0.00373316 0.997168
0 0.32914 1.00695 0.437113 1.00408 0.436036 0.963541 0.328063 0.966409
0 0.98658 0.321025 1.04987 0.222365 0.909921 0.132584 0.846629 0.231245
0 1.00147 0.405636 1.00393 0.349525 0.974811 0.34825 0.972354 0.404361
0 0.045021 0.430154 0.0468218 0.299297 0.000894585 0.298665 -0.000906238 0.429522
0 0.56027 0.0365383 0.561108 0.00127266 0.515712 0.00019433 0.514875 0.03546
0 0.586538 0.0186194 0.679514 0.015431 0.678897 -0.0025449 0.585922 0.000643538
0 0.678311 0.0676805 0.680179 0.0136849 0.624515 0.0117591 0.622647 0.0657547
