0 0.750919 0.831158 0.848317 0.774033 0.76275 0.628143 0.665352 0.685268
0 0.221818 0.893213 0.380663 0.791453 0.331857 0.715267 0.173011 0.817027
0 0.726 0.185588 0.800148 0.14043 0.724738 0.0166089 0.65059 0.0617666
0 0.448163 0.549837 0.632003 0.418557 0.556952 0.31346 0.373113 0.444739
0 0.00327388 0.433132 0.119137 0.344969 0.0663444 0.27559 -0.0495184 0.363754
0 0.970893 0.356483 1.09788 0.282228 0.994389 0.105233 0.867398 0.179488
0 0.183134 0.821767 0.350203 0.703947 0.304455 0.639075 0.137385 0.756895
0 0.312993 1.03714 0.465445 0.943395 0.413403 0.858761 0.260951 0.952506
0 0.860277 0.39315 0.963473 0.325714 0.836117 0.130823 0.732921 0.198258
0 0.295027 0.31888 0.481995 0.186636 0.412768 0.0887612 0.2258 0.221004
0 0.0638811 1.05536 0.144984 0.986474 0.0646999 0.89195 -0.0164031 0.960835
0 0.0560196 0.636387 0.231141 0.493953 0.142956 0.38553 -0.0321658 0.527964
0 0.986732 1.02045 1.00195 0.904063 0.885969 0.888897 0.870749 1.00529
0 0.26843 0.966172 0.442981 0.842789 0.391319 0.769702 0.216768 0.893085
0 0.132378 0.747454 0.330282 0.612871 0.254494 0.501425 0.05659 0.636008
0 0.637207 1.00074 0.764044 0.917677 0.669641 0.773521 0.542804 0.856582
0 0.219119 0.236484 0.40546 0.097301 0.340303 0.0100676 0.153962 0.149251
0 0.350072 0.427208 0.543203 0.309673 0.470723 0.190576 0.277593 0.308111
0 0.955227 0.462894 1.03468 0.394068 0.980574 0.331602 0.901118 0.400428
0 0.161532 0.175559 0.358154 0.0376445 0.266377 -0.0931995 0.0697555 0.044715
0 0.627332 0.0693391 0.740827 0.0191881 0.711954 -0.0461543 0.598458 0.00399674
0 0.00965605 0.939938 0.0787312 0.897478 0.0120856 0.789059 -0.0569895 0.831519
0 0.477633 0.750133 0.562493 0.692938 0.484295 0.576914 0.399434 0.634109
0 0.337305 0.664948 0.395979 0.622491 0.30463 0.49625 0.245956 0.538707
0 0.669629 1.04021 0.752746 1.00063 0.726496 0.94551 0.643379 0.985093
0 0.0367115 0.496954 0.18481 0.387788 0.142984 0.331046 -0.00511415 0.440212
0 0.748961 0.0465185 0.813274 0.00718017 0.790065 -0.0307652 0.725751 0.00857312
0 0.948383 0.52139 1.00814 0.519332 1.00476 0.421036 0.944999 0.423093
0 0.52676 0.790046 0.626359 0.701363 0.490175 0.548415 0.390576 0.637098
0 0.0282004 0.278606 0.064877 0.208081 -0.00101099 0.173816 -0.0376876 0.244341
0 0.534912 0.838829 0.611632 0.795756 0.589724 0.756734 0.513004 0.799807
0 0.0682481 0.153909 0.0695375 0.0155815 0.00224708 0.0149543 0.000957635 0.153282
0 -0.000561465 0.305022 0.0757954 0.305004 0.0757605 0.155401 -0.000596356 0.155418
