0 0.562963 1.02006 0.607293 0.905969 0.510944 0.868531 0.466614 0.98262
0 0.50076 0.580403 0.597537 0.523471 0.512803 0.379436 0.416026 0.436369
0 0.963855 0.192359 0.998173 0.123599 0.888477 0.0688505 0.854159 0.137611
0 0.224661 0.964529 0.32572 0.896364 0.190195 0.695438 0.089136 0.763603
0 0.201497 0.298473 0.380872 0.16902 0.303962 0.062449 0.124586 0.191902
0 0.608069 0.132845 0.697838 0.0746719 0.617753 -0.0489114 0.527984 0.00926139
0 0.0348388 0.449399 0.142425 0.340143 0.0412037 0.24047 -0.0663821 0.349726
0 1.00338 0.128317 1.04639 0.0405066 0.902361 -0.0300354 0.859353 0.0577752
0 0.0147739 0.622524 0.126555 0.530552 0.0708264 0.462821 -0.0409545 0.554793
0 0.00524196 0.521058 0.090142 0.457393 0.0423171 0.393616 -0.042583 0.457281
0 0.3872 0.756018 0.520216 0.671658 0.425313 0.522017 0.292297 0.606376
0 0.639453 0.910135 0.663326 0.84969 0.530784 0.797341 0.50691 0.857786
0 0.104555 0.183228 0.309441 0.0601976 0.236265 -0.0616648 0.0313783 0.061366
0 0.0261811 0.70793 0.189806 0.589478 0.138904 0.519163 -0.0247213 0.637615
0 0.760177 0.0941528 0.816244 0.011625 0.719948 -0.0537956 0.663881 0.0287322
0 0.0720634 0.801882 0.218381 0.698225 0.157156 0.611802 0.010838 0.715459
0 0.919006 1.053 0.954711 0.944165 0.811868 0.897304 0.776163 1.00614
0 0.0536706 0.0571341 0.131244 0.0124067 0.106045 -0.0312978 0.0284713 0.0134297
0 0.696013 0.209156 0.784275 0.146166 0.743566 0.0891242 0.655304 0.152114
0 0.880343 0.486134 0.883197 0.414628 0.792814 0.411021 0.78996 0.482527
0 0.0532391 0.996644 0.0532545 0.908844 0.00295113 0.908835 0.00293571 0.996635
0 0.228651 0.498742 0.31469 0.439792 0.236324 0.325415 0.150286 0.384365
0 0.0315735 1.01841 0.0654168 0.970653 0.00779836 0.929825 -0.0260449 0.977586
0 0.276052 0.539801 0.376837 0.451555 0.242664 0.298317 0.141879 0.386563
0 0.00868175 0.279223 0.0669324 0.236709 0.0100751 0.158806 -0.0481755 0.201321
0 0.230331 1.02201 0.338037 0.950193 0.303658 0.898633 0.195951 0.97045
0 0.682457 0.187556 0.74969 0.125613 0.68899 0.0597293 0.621758 0.121672
0 1.00074 0.745615 1.00132 0.563258 0.94219 0.56307 0.94161 0.745426
0 -0.000995152 0.282403 0.085952 0.282174 0.0854603 0.095603 -0.00148689 0.0958321
0 0.991013 0.748559 1.05217 0.704239 0.989239 0.617408 0.928084 0.661729
0 -0.00589198 0.162742 0.0392445 0.162243 0.0385116 0.0958906 -0.00662491 0.0963891
0 0.439826 0.440849 0.526915 0.391549 0.503886 0.350867 0.416797 0.400167
0 0.285334 0.587642 0.360783 0.54517 0.33939 0.507166 0.263941 0.549639
0 0.841418 0.265822 0.854039 0.178618 0.767521 0.166096 0.7549 0.2533
0 0.000959465 0.964748 0.0275991 0.96427 0.0266602 0.911909 2.05319e-05 0.912387
