0 0.460238 0.625073 0.505393 0.517323 0.441106 0.469429 0.395951 0.577179
0 0.34582 0.810168 0.421783 0.737026 0.360416 0.623721 0.284453 0.696863
0 0.308171 0.67737 0.381507 0.636805 0.340033 0.503511 0.266698 0.544076
0 0.138722 0.787979 0.250731 0.756553 0.236176 0.664329 0.124167 0.695756
0 0.11907 0.703111 0.23566 0.671769 0.221694 0.579413 0.105105 0.610755
0 0.0838124 0.523993 0.189829 0.487841 0.172076 0.395286 0.0660589 0.431439
0 0.477051 0.905924 0.559686 0.873727 0.532797 0.75104 0.450162 0.783237
0 0.101247 0.615967 0.209151 0.586636 0.194635 0.491696 0.0867301 0.521028
0 0.16076 1.03389 0.29555 0.981226 0.27089 0.869022 0.136099 0.921689
0 0.387396 0.97057 0.475715 0.884566 0.40392 0.753495 0.315601 0.839499
0 0.0538181 0.429636 0.168699 0.399189 0.157576 0.324575 0.0426948 0.355022
0 0.263458 0.872703 0.266375 0.765651 0.188264 0.761867 0.185347 0.868918
0 0.265269 0.511863 0.35311 0.4729 0.30503 0.280202 0.217189 0.319165
0 0.504965 0.661485 0.560394 0.575063 0.513191 0.521241 0.457762 0.607662
0 0.0173777 1.02638 0.150222 0.992695 0.135805 0.891632 0.00296115 0.925321
0 0.526472 0.734235 0.606336 0.647416 0.565516 0.58066 0.485651 0.667479
0 0.00093173 0.82604 0.0538508 0.807013 0.0325812 0.701848 -0.0203378 0.720876
0 0.0701628 0.38123 0.161882 0.292071 0.0818616 0.145729 -0.00985734 0.234888
0 0.58652 1.02178 0.666714 0.99762 0.656354 0.936492 0.57616 0.960656
0 0.734955 1.06661 0.789829 0.948635 0.708509 0.881389 0.653635 0.999363
0 0.557623 0.877647 0.69276 0.832572 0.675767 0.741997 0.540629 0.787072
0 0.431286 0.931317 0.482147 0.908532 0.456184 0.805498 0.405323 0.828283
0 0.657737 1.00223 0.790978 1.00211 0.790938 0.922151 0.657698 0.922269
0 0.00690246 0.63596 0.0503442 0.617655 0.0278101 0.522581 -0.0156316 0.540886
0 0.0364921 0.264546 0.0648305 0.108832 -0.0131191 0.0836121 -0.0414575 0.239326
0 0.0479721 1.03296 0.126509 0.935077 0.0736649 0.859699 -0.00487224 0.957582
0 -0.00141733 0.544738 0.0308705 0.544468 0.0303795 0.440096 -0.00190834 0.440366
0 0.400274 0.543248 0.443445 0.467533 0.352655 0.375504 0.309484 0.451219
0 0.509081 1.01185 0.590038 0.998869 0.587277 0.96824 0.506319 0.981217
0 -0.000311255 1.00343 0.0182116 1.00272 0.0170999 0.95097 -0.00142294 0.951678
0 0.642135 0.848689 0.700496 0.787403 0.608927 0.632385 0.550566 0.693671
0 0.000669308 0.260021 0.0636815 0.258646 0.061408 0.0734293 -0.00160412 0.0748043
