0 0.593499 0.280856 0.688532 0.195692 0.581517 0.0762753 0.486484 0.16144
0 0.259429 0.953059 0.263094 0.840099 0.164206 0.836891 0.160541 0.94985
0 0.610973 0.672429 0.675687 0.647074 0.634305 0.541457 0.569591 0.566812
0 0.161526 0.807885 0.25272 0.779133 0.216137 0.663103 0.124943 0.691855
0 0.384146 0.581723 0.399826 0.498962 0.338747 0.48739 0.323067 0.570151
0 0.141769 0.627127 0.144547 0.538837 0.0628968 0.536269 0.0601195 0.624558
0 0.751262 0.503868 0.842801 0.410295 0.751672 0.321148 0.660134 0.414721
0 0.361134 0.189423 0.373872 0.0853214 0.263467 0.0718111 0.250728 0.175913
0 0.926045 0.803774 0.926109 0.723168 0.79278 0.723062 0.792716 0.803668
0 0.328468 0.582486 0.331704 0.500847 0.257041 0.497887 0.253805 0.579527
0 0.475686 0.849539 0.476819 0.740099 0.367843 0.738971 0.36671 0.84841
0 0.887755 0.677191 0.89951 0.561995 0.772407 0.549025 0.760652 0.66422
0 0.501186 0.939908 0.508949 0.848126 0.41872 0.840494 0.410956 0.932275
0 0.202327 0.601303 0.263486 0.587624 0.242846 0.495337 0.181687 0.509015
0 0.858828 0.463455 0.934983 0.408116 0.862628 0.308545 0.786473 0.363884
0 0.811724 1.00232 0.936244 1.00185 0.935781 0.878307 0.811261 0.878774
0 0.152282 0.268692 0.191468 0.140538 0.0629228 0.101233 0.0237369 0.229387
0 0.0721917 0.976188 0.180928 0.920989 0.124587 0.810004 0.0158514 0.865203
0 0.430356 0.0761384 0.543816 0.0663916 0.537659 -0.0052869 0.424198 0.00445993
0 0.263088 0.115555 0.364123 0.0711069 0.326678 -0.014008 0.225643 0.03044
0 0.315289 0.399048 0.320711 0.265803 0.174629 0.259859 0.169207 0.393103
0 0.586548 0.932334 0.645909 0.905826 0.60837 0.821762 0.549008 0.84827
0 0.149854 0.617225 0.20588 0.605569 0.18659 0.512853 0.130564 0.524509
0 0.935722 0.883664 0.935959 0.79975 0.802851 0.799375 0.802614 0.883288
0 0.311824 0.93894 0.373193 0.935182 0.367021 0.834399 0.305652 0.838157
0 0.276186 0.750193 0.324598 0.742307 0.308921 0.646069 0.260509 0.653956
0 0.941899 0.427586 1.02301 0.371804 0.946974 0.261237 0.865861 0.31702
0 0.790126 0.728574 0.922092 0.724717 0.920143 0.658038 0.788177 0.661896
0 0.638474 0.932694 0.728087 0.925402 0.716171 0.778955 0.626557 0.786246
0 0.453286 0.151042 0.561441 0.125814 0.545413 0.057102 0.437258 0.0823304
0 0.509903 0.712631 0.599725 0.667489 0.57439 0.61708 0.484569 0.662222
0 -0.000579875 0.953971 0.0518792 0.949912 0.0441988 0.85067 -0.00826025 0.85473
0 0.260748 0.935765 0.313828 0.932299 0.307444 0.834545 0.254364 0.838011
0 0.377135 0.733847 0.384783 0.641523 0.31209 0.635501 0.304442 0.727825
0 0.545057 0.836321 0.607523 0.821551 0.589738 0.746332 0.527272 0.761102
0 0.534728 0.781837 0.593094 0.748954 0.558491 0.687533 0.500124 0.720415
0 0.173774 0.0573771 0.181223 0.00460291 0.0696335 -0.0111489 0.062184 0.0416253
0 0.170664 0.0971313 0.174727 0.0456469 -0.00323392 0.0316026 -0.00729694 0.0830871
0 0.51189 0.492146 0.578109 0.438886 0.53516 0.385486 0.46894 0.438746
0 0.000459645 0.783358 0.0902505 0.782546 0.0893586 0.684039 -0.000432212 0.684852
0 0.0542907 0.613089 0.0578303 0.532014 -0.00195323 0.529404 -0.00549281 0.610479
0 0.0023469 0.276654 0.0534772 0.275621 0.0502756 0.117129 -0.000854647 0.118162
0 0.968905 0.240647 1.08641 0.138636 0.968306 0.00260028 0.850804 0.104611
0 0.0426563 0.609023 0.0575585 0.465552 -0.00199492 0.459367 -0.016897 0.602837
0 0.838642 0.582804 0.858289 0.484102 0.760534 0.464644 0.740887 0.563345
0 0.697294 0.793435 0.707227 0.693388 0.616595 0.68439 0.606662 0.784437
0 0.376086 0.77435 0.459647 0.706288 0.424687 0.663367 0.341126 0.731429
0 0.644396 0.17354 0.725589 0.129981 0.69517 0.0732795 0.613977 0.116838
0 0.445693 1.00842 0.551825 1.00039 0.550096 0.977546 0.443964 0.985578
0 0.574172 0.575555 0.633001 0.539652 0.576483 0.447044 0.517654 0.482947
0 0.333121 0.238056 0.413729 0.199642 0.389778 0.149384 0.309171 0.187799
0 0.618738 0.999078 0.708895 0.99749 0.708476 0.973721 0.618319 0.975309
0 1.01608 0.293465 1.02608 0.21129 0.95191 0.202259 0.941905 0.284435
0 0.0996597 0.804838 0.151313 0.801709 0.144198 0.684284 0.0925445 0.687414
0 0.0466425 0.537994 0.0583646 0.468814 -0.000806581 0.458788 -0.0125287 0.527967
0 0.844987 0.0896199 0.887803 0.016786 0.798695 -0.0355963 0.755879 0.0372376
0 1.00243 0.553421 1.0058 0.50436 0.966822 0.501683 0.963453 0.550745
0 0.724783 0.127682 0.811744 0.074251 0.771585 0.00889235 0.684625 0.0623235
0 0.110755 0.0972991 0.113689 0.0390773 -0.00170271 0.0332623 -0.00463674 0.0914841
0 0.461069 0.632677 0.529339 0.566391 0.487489 0.523288 0.419219 0.589574
0 0.247532 0.0595917 0.250551 -0.00223512 0.163662 -0.00647864 0.160643 0.0553481
0 0.0663279 0.780473 0.0673361 0.710569 -0.00151694 0.709576 -0.00252513 0.77948
0 0.555055 1.00142 0.624989 0.998935 0.624324 0.980243 0.55439 0.98273
0 0.951382 0.236226 1.03004 0.172212 0.974662 0.104169 0.896005 0.168184
0 0.49166 0.4394 0.553972 0.315276 0.403581 0.239777 0.341269 0.363901
0 0.0531381 0.777082 0.100367 0.774091 0.0948056 0.686293 0.0475768 0.689284
0 0.919828 0.660956 0.99701 0.659902 0.996347 0.611363 0.919165 0.612418
0 0.3594 1.00048 0.450885 1.00045 0.45088 0.986122 0.359395 0.986152
0 0.622762 0.110962 0.678685 0.0757779 0.631067 8.95225e-05 0.575143 0.0352733
0 0.0492001 0.271173 0.124736 0.266878 0.116294 0.118421 0.0407585 0.122716
