0 0.508606 0.906202 0.515276 0.732586 0.402619 0.724891 0.395948 0.898507
0 0.618777 0.574355 0.711699 0.573066 0.710796 0.457232 0.617874 0.458521
0 0.696507 0.401688 0.698291 0.274497 0.611742 0.27234 0.609958 0.39953
0 0.77861 0.374106 0.781977 0.27047 0.699343 0.265697 0.695976 0.369332
0 0.456964 0.299002 0.480165 0.144306 0.363492 0.113198 0.340291 0.267894
0 0.244268 0.966844 0.305713 0.94366 0.275009 0.798993 0.213564 0.822177
0 0.109554 0.748398 0.249162 0.718662 0.238003 0.625522 0.0983947 0.655258
0 0.928679 0.829322 0.930707 0.646014 0.803254 0.643506 0.801226 0.826814
0 0.171844 0.99675 0.242901 0.969869 0.20536 0.793452 0.134304 0.820332
0 0.692205 0.187427 0.695371 0.0572711 0.580068 0.0522846 0.576901 0.18244
0 0.307522 0.948915 0.368492 0.925018 0.335129 0.773695 0.274159 0.797593
0 0.00484486 0.257437 0.122877 0.236602 0.114859 0.155844 -0.00317343 0.176679
0 0.929976 0.166258 0.93207 0.0388614 0.857063 0.03667 0.854969 0.164067
0 0.0951256 0.659409 0.223284 0.629201 0.211392 0.53951 0.0832338 0.569718
0 0.0704696 0.578607 0.195285 0.546296 0.182284 0.457014 0.0574689 0.489325
0 0.633087 0.80099 0.717259 0.799138 0.715868 0.686681 0.631695 0.688533
0 0.772669 0.173156 0.775479 0.0437881 0.697298 0.0407696 0.694489 0.170138
0 1.00193 0.167899 1.00528 0.0288683 0.934831 0.0258508 0.931481 0.164882
0 0.367495 0.458379 0.494114 0.454651 0.492319 0.346279 0.3657 0.350006
0 0.998557 0.690041 1.00047 0.544556 0.918293 0.542634 0.916378 0.688119
0 0.370832 0.919096 0.422496 0.897097 0.389024 0.757343 0.337359 0.779342
0 0.76648 0.637665 0.915688 0.634934 0.914856 0.554182 0.765648 0.556913
0 0.0250478 0.346191 0.150412 0.311559 0.13677 0.223766 0.0114057 0.258398
0 0.126261 0.818316 0.240944 0.80039 0.233506 0.715789 0.118823 0.733715
0 0.998866 0.911088 0.999101 0.825865 0.925877 0.825506 0.925642 0.910729
0 0.724926 0.695772 0.727015 0.570215 0.631435 0.567388 0.629346 0.692945
0 0.0518771 0.491895 0.170706 0.466767 0.161233 0.387122 0.0424036 0.412249
0 0.337063 0.143262 0.455773 0.102402 0.436206 0.00133599 0.317496 0.0421959
0 0.00831459 0.185367 0.0982582 0.162419 0.0847733 0.0684561 -0.00517021 0.0914035
0 0.850819 0.165399 0.852709 0.042346 0.776966 0.0402785 0.775077 0.163332
0 0.0424637 0.419021 0.155025 0.391212 0.14428 0.313892 0.0317185 0.341702
0 0.500593 0.659253 0.501813 0.521542 0.382858 0.519668 0.381638 0.65738
0 0.684137 0.463902 0.684839 0.393488 0.617895 0.392302 0.617194 0.462716
0 0.766808 0.541714 0.76752 0.45046 0.710424 0.449668 0.709712 0.540921
0 0.00167959 0.0924258 0.084792 0.0903081 0.0834968 -6.19933e-05 0.00038439 0.00205567
0 0.0112023 1.01304 0.094225 0.995423 0.0850931 0.918934 0.00207041 0.936555
0 0.913372 0.419628 0.915637 0.277492 0.852187 0.275695 0.849923 0.417831
0 0.967138 0.396954 0.96867 0.273543 0.912886 0.272312 0.911354 0.395723
0 1.00199 0.387181 1.00265 0.274088 0.969126 0.273736 0.968458 0.386829
0 0.0560889 0.846684 0.0584247 0.733994 -0.00769508 0.731557 -0.0100309 0.844248
0 0.573049 0.0748148 0.689214 0.0534232 0.681925 -0.0169401 0.565761 0.00445153
0 0.50171 0.712298 0.504083 0.6182 0.386881 0.612945 0.384508 0.707044
0 0.637993 1.00977 0.748902 1.00899 0.748539 0.91695 0.637631 0.917727
0 0.494268 0.533173 0.494893 0.459839 0.372714 0.457989 0.372089 0.531323
0 -0.00345992 0.740333 0.043768 0.737896 0.040673 0.631303 -0.00655494 0.633741
0 0.262527 0.205629 0.320831 0.184239 0.312399 0.143381 0.254095 0.16477
0 0.420942 1.01289 0.519248 1.00067 0.517033 0.968988 0.418726 0.981207
0 0.796264 0.93258 0.801895 0.773542 0.639356 0.763311 0.633725 0.922349
0 0.076019 0.940563 0.0854122 0.836857 0.00612683 0.82409 -0.0032664 0.927796
0 0.996234 0.744642 0.997003 0.679632 0.933441 0.678295 0.932672 0.743305
0 0.817711 0.890809 0.895917 0.887597 0.894345 0.819573 0.816139 0.822785
0 -0.00290878 0.640087 0.0318378 0.638287 0.0299247 0.572638 -0.00482186 0.574438
0 0.0124031 0.944237 0.0865421 0.933082 0.0810271 0.86792 0.00688813 0.879075
0 0.330452 0.0425059 0.432292 0.0137256 0.425742 -0.0274808 0.323902 0.00129948
