0 0.389739 0.961691 0.398319 0.856436 0.259054 0.85005 0.250474 0.955305
0 0.164908 0.732679 0.214117 0.642572 0.108142 0.610017 0.0589335 0.700124
0 0.679368 0.953123 0.684114 0.840097 0.551919 0.836974 0.547173 0.950001
0 0.547533 0.808247 0.669705 0.781158 0.62303 0.662748 0.500858 0.689837
0 0.522547 0.627034 0.52613 0.538743 0.416936 0.53625 0.413354 0.624541
0 0.813195 0.190432 0.832422 0.0857739 0.685485 0.0705891 0.666257 0.175248
0 0.846464 0.581728 0.866814 0.499065 0.784347 0.487645 0.763996 0.570308
0 0.166236 0.812631 0.20037 0.741799 0.127559 0.722063 0.0934251 0.792894
0 0.77157 0.582431 0.776185 0.500619 0.676628 0.497461 0.672014 0.579272
0 0.209977 0.57905 0.276923 0.496967 0.203434 0.463253 0.136489 0.545336
0 0.602961 0.601209 0.68438 0.587732 0.657247 0.495529 0.575828 0.509006
0 0.678649 0.113206 0.817288 0.0725954 0.772955 -0.012537 0.634316 0.0280739
0 0.53711 0.267633 0.588198 0.139226 0.417145 0.100945 0.366057 0.229352
0 0.754079 0.397895 0.761833 0.266724 0.573188 0.260451 0.565434 0.391622
0 0.416601 0.795477 0.425124 0.710499 0.267001 0.701577 0.258477 0.786556
0 0.172493 0.960989 0.257229 0.958448 0.251427 0.849611 0.166691 0.852152
0 0.0710782 0.951049 0.170674 0.950397 0.169547 0.853557 0.0699508 0.854209
0 0.965403 0.849789 0.968369 0.740292 0.823867 0.738091 0.820902 0.847588
0 0.748927 0.938888 0.8304 0.93519 0.822268 0.834411 0.740796 0.838108
0 0.529641 0.615515 0.60269 0.604337 0.577547 0.511908 0.504498 0.523085
0 0.11737 0.538106 0.232461 0.450471 0.144467 0.385466 0.0293751 0.473101
0 0.701538 0.750938 0.766552 0.742924 0.745256 0.645751 0.680242 0.653766
0 0.29745 0.588465 0.325707 0.515805 0.260355 0.501509 0.232098 0.574169
0 1.00178 0.938197 1.00731 0.847906 0.888703 0.84382 0.883173 0.934111
0 0.560068 0.101852 0.565628 0.043077 0.264649 0.0270601 0.259088 0.0858353
0 0.398815 0.963384 0.55126 0.94647 0.526165 0.81924 0.37372 0.836153
0 0.680876 0.935702 0.751861 0.932171 0.743225 0.834502 0.67224 0.838032
0 0.0986431 0.668356 0.126997 0.590504 0.0165949 0.567887 -0.0117587 0.645738
0 0.836759 0.733971 0.8467 0.641002 0.748572 0.6351 0.738631 0.728069
0 0.403828 0.613656 0.420041 0.536042 0.311434 0.523281 0.295221 0.600894
0 0.56766 0.0561093 0.576895 0.00507321 0.428997 -0.00998048 0.419762 0.0410556
0 0.995762 0.0744266 0.995905 0.00398852 0.897414 0.00387564 0.89727 0.0743137
0 1.00426 0.16299 1.00551 0.0720156 0.914891 0.0713154 0.913641 0.16229
0 0.83471 0.774899 0.945983 0.706654 0.899185 0.663734 0.787913 0.731979
0 0.975453 0.648232 1.05032 0.570541 0.967347 0.525563 0.892478 0.603254
0 0.77805 0.239166 0.88565 0.19977 0.852669 0.1491 0.745069 0.188496
0 -0.00184464 0.983474 0.083993 0.974082 0.0551153 0.825628 -0.0307224 0.835021
0 0.410606 0.780188 0.464689 0.778595 0.459923 0.687541 0.40584 0.689133
0 0.343213 0.268794 0.411292 0.267394 0.406022 0.123228 0.337943 0.124627
0 0.466717 0.805136 0.535204 0.802034 0.525696 0.683962 0.457209 0.687064
0 0.952783 0.670364 1.00575 0.669107 1.00354 0.616692 0.950572 0.617949
0 0.0530733 0.473805 0.151815 0.36397 0.0378469 0.306338 -0.0608947 0.416172
0 0.919428 0.434511 1.02589 0.359393 0.903369 0.261711 0.796903 0.33683
0 -0.00118935 0.844067 0.0500478 0.836161 0.0238291 0.740584 -0.027408 0.74849
0 0.000554465 0.604146 0.0435109 0.60331 0.0409585 0.529603 -0.00199792 0.53044
0 0.664352 0.0590261 0.668277 -0.00297355 0.542065 -0.0074674 0.53814 0.0545322
0 0.834183 0.812371 0.961446 0.783445 0.940688 0.732072 0.813425 0.760998
0 0.964723 0.479499 1.00023 0.479098 0.998958 0.415723 0.96345 0.416124
0 0.000121045 0.385934 0.0778829 0.385174 0.075679 0.258475 -0.00208291 0.259236
0 0.0324462 0.370765 0.0575434 0.299263 -0.0105725 0.285814 -0.0356697 0.357316
0 0.936511 1.00042 0.936533 0.987193 0.812052 0.987074 0.81203 1.0003
0 0.996576 1.00014 0.997004 0.980717 0.918016 0.979737 0.917588 0.999158
