0 0.238099 0.487972 0.340511 0.431654 0.274384 0.217878 0.171972 0.274197
0 0.621921 0.976545 0.659839 0.857202 0.581343 0.812864 0.543425 0.932207
0 0.307871 0.975831 0.323566 0.843654 0.222159 0.822248 0.206464 0.954424
0 0.353138 0.730945 0.442011 0.679075 0.380314 0.49115 0.291442 0.543021
0 0.0627889 0.859168 0.123558 0.817655 0.0746545 0.690386 0.013885 0.731899
0 0.891661 0.836088 0.894438 0.718771 0.812645 0.715329 0.809868 0.832645
0 0.468791 0.937248 0.471355 0.812506 0.379192 0.809138 0.376628 0.933881
0 0.117654 0.813948 0.182388 0.772779 0.135504 0.641724 0.0707703 0.682893
0 0.89749 0.821791 0.952756 0.806781 0.933767 0.682489 0.878501 0.697499
0 0.658071 0.772154 0.707511 0.66256 0.651447 0.617597 0.602007 0.727192
0 0.951512 0.805109 1.01237 0.787916 0.992258 0.661346 0.931399 0.678538
0 0.0169703 0.63871 0.111781 0.574443 0.0409572 0.388696 -0.0538532 0.452964
0 0.429292 0.448525 0.500415 0.304462 0.410865 0.225867 0.339742 0.369929
0 0.839786 1.02328 0.84533 0.946012 0.703199 0.927884 0.697656 1.00515
0 0.887893 0.364947 0.948535 0.207109 0.828413 0.125062 0.767771 0.282899
0 0.208139 0.854939 0.300312 0.816062 0.27829 0.723242 0.186117 0.762119
0 0.997106 0.530483 1.00818 0.377124 0.906481 0.364063 0.895403 0.517422
0 0.591583 0.716353 0.673121 0.599169 0.605913 0.516031 0.524374 0.633215
0 0.222801 0.778437 0.29743 0.667341 0.205883 0.558012 0.131253 0.669109
0 0.723495 0.784375 0.744358 0.687943 0.695064 0.668983 0.674201 0.765415
0 0.918487 0.135844 0.922716 0.0578857 0.698813 0.0362942 0.694585 0.114252
0 0.574696 0.890025 0.595635 0.785447 0.510848 0.755265 0.489908 0.859843
0 0.959831 1.02346 0.9893 0.914131 0.908473 0.875399 0.879004 0.984724
0 0.802875 0.817505 0.814264 0.715184 0.732994 0.699103 0.721605 0.801423
0 0.92511 0.0746818 0.931983 0.00667426 0.821551 -0.0131671 0.814678 0.0548404
0 0.00306364 0.916286 0.0676864 0.875868 0.0182555 0.735364 -0.0463672 0.775782
0 0.473823 1.02785 0.487154 0.933648 0.410537 0.914373 0.397206 1.00858
0 0.981767 0.284486 1.01927 0.271227 0.999101 0.16981 0.961599 0.183069
0 0.756057 0.3563 0.808113 0.354733 0.804949 0.167861 0.752893 0.169428
0 0.643591 1.02027 0.650643 0.978563 0.591639 0.960828 0.584587 1.00254
0 0.116406 0.576773 0.185373 0.522698 0.110445 0.352805 0.0414775 0.40688
0 -0.0046716 0.999809 0.0444624 0.99783 0.0426034 0.915784 -0.00653059 0.917763
0 0.393739 0.319334 0.413436 0.20872 0.345246 0.187134 0.325549 0.297749
0 0.697238 1.01361 0.711625 0.914188 0.636209 0.894788 0.621822 0.994213
0 0.53602 0.630805 0.608445 0.507876 0.541605 0.437868 0.46918 0.560797
0 0.235372 1.01071 0.308385 0.999221 0.30474 0.958055 0.231727 0.969547
0 0.436936 0.510415 0.527987 0.388332 0.488492 0.335967 0.397442 0.45805
0 0.465937 0.537921 0.544305 0.430831 0.507523 0.382979 0.429155 0.490068
0 0.97204 0.175979 1.00061 0.175893 1.00036 0.0281289 0.971789 0.0282152
0 0.962844 1.00548 1.00487 1.00314 1.00114 0.884389 0.959113 0.886736
