0 0.508323 0.179991 0.515135 0.0500508 0.401948 0.0441171 0.395135 0.174058
0 0.536118 0.959647 0.54429 0.82378 0.401664 0.8152 0.393491 0.951067
0 0.432789 0.456974 0.533799 0.455991 0.532879 0.361481 0.43187 0.362464
0 0.28307 0.570847 0.357365 0.556956 0.336883 0.447405 0.262587 0.461296
0 0.547555 0.681457 0.550108 0.582437 0.446182 0.579757 0.443628 0.678776
0 0.227752 0.462567 0.311515 0.442301 0.276258 0.296573 0.192495 0.316838
0 0.522768 0.353032 0.524279 0.234714 0.407234 0.23322 0.405724 0.351537
0 0.244714 0.223829 0.304802 0.207055 0.275214 0.101066 0.215126 0.11784
0 0.172514 0.247741 0.244048 0.227294 0.206305 0.0952457 0.13477 0.115692
0 0.535298 0.54283 0.53575 0.442698 0.432568 0.442232 0.432116 0.542364
0 0.529774 0.836566 0.533638 0.693453 0.404664 0.68997 0.4008 0.833083
0 0.307481 0.210374 0.367953 0.192791 0.335508 0.081204 0.275036 0.098787
0 0.20717 0.649999 0.313704 0.633055 0.301882 0.558729 0.195348 0.575674
0 0.297888 0.397861 0.357861 0.381272 0.328611 0.275526 0.268638 0.292115
0 0.365665 0.185428 0.418829 0.170172 0.390628 0.071893 0.337464 0.0871486
0 0.0847198 0.292791 0.0977185 0.202605 0.00655868 0.189466 -0.00644009 0.279652
0 0.351788 0.392641 0.428899 0.374597 0.404392 0.26986 0.32728 0.287903
0 0.0437635 0.538739 0.119793 0.461458 0.0498467 0.392645 -0.0261823 0.469926
0 0.125101 0.112457 0.239068 0.10175 0.23319 0.0391923 0.119223 0.0498993
0 0.998481 0.18319 0.99891 0.120033 0.92612 0.119539 0.925692 0.182695
0 0.717677 0.100137 0.718938 0.0106988 0.634673 0.00950997 0.633411 0.0989487
0 0.424632 0.888781 0.425234 0.811814 0.356288 0.811275 0.355685 0.888241
0 0.106409 0.0587206 0.249951 0.0394937 0.242555 -0.0157209 0.0990134 0.00350609
0 0.0771632 0.203818 0.0830771 0.121097 0.00240169 0.115329 -0.00351221 0.19805
0 0.0893378 0.998002 0.0930561 0.906159 0.004643 0.902579 0.000924727 0.994423
0 -0.00550003 0.922763 0.0667636 0.922266 0.0661978 0.840016 -0.00606575 0.840513
0 0.0556406 0.134239 0.0577458 0.0515999 -0.00667338 0.0499589 -0.00877852 0.132598
0 0.511166 0.0378262 0.511684 -0.000138206 0.387834 -0.00182983 0.387316 0.0361346
0 -0.000599053 0.0545058 0.0435063 0.0540446 0.0429709 0.00285471 -0.00113438 0.00331595
0 0.921728 0.131734 0.934726 0.0133408 0.820587 0.000809666 0.807589 0.119203
0 0.438158 0.363798 0.528 0.36152 0.52671 0.310673 0.436868 0.312951
0 0.927996 0.0588565 0.997173 0.0582119 0.996684 0.00575179 0.927507 0.00639632
0 0.545987 0.598765 0.546107 0.538315 0.440219 0.538106 0.4401 0.598555
0 0.80665 0.198623 0.811945 0.0757448 0.637737 0.0682386 0.632442 0.191117
0 0.80997 0.067719 0.810676 0.00225364 0.719218 0.00126754 0.718512 0.0667329
0 0.367626 0.892547 0.375059 0.764836 0.26494 0.758427 0.257507 0.886138
0 0.750602 0.197062 0.753923 0.0959433 0.639198 0.0921752 0.635877 0.193294
0 0.0773094 0.609206 0.103655 0.532553 0.0107798 0.500632 -0.0155656 0.577285
0 0.9996 0.875712 1.00044 0.814849 0.984159 0.814624 0.983319 0.875487
0 0.944938 0.738248 0.999575 0.736736 0.996355 0.620292 0.941717 0.621803
0 0.999528 0.557597 0.999813 0.47211 0.988578 0.472072 0.988293 0.55756
0 0.503602 1.00342 0.505099 0.948307 0.418082 0.945943 0.416585 1.00105
