0 0.697215 0.342313 0.698593 0.178386 0.588577 0.176743 0.587199 0.34067
0 0.671241 0.798841 0.675196 0.620769 0.539551 0.615414 0.535596 0.793486
0 0.663672 0.903162 0.664632 0.790415 0.561836 0.788859 0.560877 0.901606
0 0.800679 0.938201 0.804716 0.820873 0.718061 0.815573 0.714025 0.932901
0 0.933056 0.326768 0.947683 0.167632 0.830099 0.148419 0.815472 0.307555
0 0.0439846 0.301987 0.123444 0.173088 0.0178111 0.0573244 -0.0616483 0.186224
0 0.344472 0.75993 0.344607 0.635412 0.265119 0.635259 0.264984 0.759776
0 0.677869 0.527301 0.68478 0.336478 0.579711 0.329713 0.5728 0.520535
0 0.539678 0.521588 0.54381 0.355949 0.467896 0.352582 0.463765 0.518222
0 0.530719 0.734077 0.533601 0.59148 0.394477 0.586482 0.391595 0.729079
0 0.745086 0.612298 0.829674 0.581514 0.803049 0.451455 0.718461 0.482239
0 0.100736 0.984976 0.178647 0.871658 0.112623 0.790957 0.0347124 0.904275
0 0.359578 0.425384 0.463153 0.28549 0.398915 0.200937 0.29534 0.340831
0 0.793521 0.822057 0.796999 0.718354 0.725975 0.71412 0.722497 0.817822
0 0.480685 1.01002 0.483056 0.915177 0.380251 0.910608 0.37788 1.00545
0 0.486191 0.919604 0.487328 0.844518 0.393079 0.841982 0.391943 0.917067
0 0.971079 0.673666 1.03219 0.568447 0.962591 0.496578 0.901478 0.601797
0 0.492632 0.846744 0.493109 0.774779 0.39358 0.773607 0.393104 0.845572
0 0.129156 0.665981 0.170952 0.587579 0.107246 0.527202 0.0654499 0.605603
0 0.305542 0.59055 0.336203 0.416045 0.216394 0.378621 0.185733 0.553126
0 0.696823 0.181377 0.701998 0.0777117 0.629022 0.0712353 0.623847 0.1749
0 0.714262 0.99957 0.811836 0.999278 0.81173 0.935777 0.714155 0.936069
0 0.85878 0.726415 0.860908 0.595082 0.73325 0.591406 0.731122 0.722738
0 0.34904 0.0993269 0.421775 0.01095 0.36891 -0.066398 0.296175 0.0219789
0 0.65785 0.964313 0.659106 0.897565 0.555595 0.894103 0.554339 0.96085
0 0.283276 0.178156 0.354623 0.0917099 0.29827 0.00902633 0.226923 0.0954729
0 0.466145 0.52725 0.466628 0.429338 0.409305 0.428836 0.408822 0.526748
0 0.313362 0.892396 0.334158 0.775553 0.24062 0.745956 0.219824 0.8628
0 0.59187 0.521234 0.596614 0.398806 0.541421 0.395004 0.536677 0.517432
0 0.691521 0.0673932 0.709638 0.00450352 0.651399 -0.0253232 0.633282 0.0375665
0 0.909057 0.951677 0.916557 0.82366 0.821178 0.813726 0.813678 0.941742
0 1.01114 0.74587 1.02359 0.643847 0.944248 0.62662 0.931788 0.728642
0 0.890031 0.185738 0.897443 0.041171 0.794191 0.0317598 0.786779 0.176327
0 0.886589 0.040209 0.887238 -0.000570027 0.792247 -0.00325873 0.791598 0.0375203
0 0.176395 0.2935 0.276699 0.156535 0.223357 0.0870878 0.123053 0.224053
0 0.846957 1.03519 0.946552 0.994691 0.929812 0.921512 0.830217 0.962016
0 0.971425 0.839082 1.00359 0.838148 1.00254 0.773371 0.970368 0.774305
0 0.549857 1.0088 0.652434 1.00762 0.652101 0.956028 0.549524 0.957206
0 0.887595 0.831558 0.891111 0.717517 0.81221 0.713192 0.808693 0.827233
0 0.881691 0.482847 1.01685 0.418683 0.984448 0.297348 0.849289 0.361512
0 0.989969 0.791722 1.0082 0.744406 0.974104 0.721046 0.955871 0.768363
0 0.0159974 0.826522 0.0730358 0.742957 0.0120956 0.669009 -0.0449428 0.752575
0 0.107046 0.382707 0.169433 0.292246 0.128945 0.242606 0.0665587 0.333067
0 0.59048 0.759441 0.595631 0.628095 0.535382 0.623894 0.530231 0.755241
0 0.480231 0.298077 0.522542 0.187284 0.438518 0.130239 0.396207 0.241032
0 0.184214 0.634258 0.227409 0.589249 0.163302 0.479875 0.120107 0.524884
0 0.999321 0.0756476 1.0006 -0.00883094 0.915714 -0.0111069 0.91444 0.0733716
0 0.108779 0.382089 0.23604 0.19063 0.197041 0.144546 0.0697801 0.336005
0 0.801734 0.0423677 0.804788 -0.00757957 0.760242 -0.0124212 0.757188 0.0375261
0 0.16668 1.0795 0.249634 0.961738 0.181663 0.876621 0.09871 0.994385
0 1.00464 0.381074 1.03336 0.326591 0.982522 0.278956 0.953804 0.33344
0 0.160755 0.0818799 0.215817 0.0106825 0.166186 -0.0575537 0.111124 0.0136437
0 0.00739781 0.93237 0.0558921 0.894187 0.0176339 0.807805 -0.0308603 0.845988
0 0.280014 1.00714 0.280257 0.941101 0.185284 0.940478 0.18504 1.00651
0 0.21369 0.0795892 0.263429 0.0221421 0.233682 -0.0236444 0.183944 0.0338027
0 0.985769 0.892852 1.00114 0.892636 1.0007 0.837106 0.98533 0.837322
0 0.233651 0.0761777 0.302105 0.00175087 0.268413 -0.0533391 0.199959 0.0210877
0 0.0258174 0.528451 0.124221 0.386886 0.0766895 0.328148 -0.0217143 0.469713
0 0.57156 1.05118 0.632129 1.02657 0.612375 0.940132 0.551807 0.964739
