0 0.143472 0.984493 0.23519 0.86978 0.142132 0.795377 0.0504147 0.910091
0 0.925914 0.341478 0.93102 0.17614 0.787211 0.171699 0.782105 0.337037
0 0.88392 0.907356 0.885019 0.790214 0.749683 0.788945 0.748584 0.906087
0 0.453222 0.764943 0.460269 0.631843 0.354334 0.626234 0.347286 0.759333
0 0.349141 0.598242 0.460487 0.460569 0.34424 0.366552 0.232894 0.504225
0 0.177855 0.658195 0.219938 0.57244 0.132296 0.529431 0.0902133 0.615186
0 0.425381 0.893688 0.443938 0.762817 0.311632 0.744056 0.293075 0.874927
0 0.477467 0.423433 0.610185 0.27883 0.522383 0.198246 0.389666 0.342849
0 0.788544 0.519764 0.793129 0.39438 0.721279 0.391753 0.716694 0.517137
0 0.648629 0.852256 0.649856 0.774502 0.528466 0.772587 0.52724 0.850342
0 0.644595 1.00624 0.648343 0.917513 0.512415 0.911771 0.508667 1.00049
0 0.380005 0.178765 0.470309 0.0932067 0.392474 0.0110557 0.302171 0.0966144
0 0.619873 0.523712 0.622244 0.4331 0.549115 0.431186 0.546744 0.521798
0 0.0729636 0.295875 0.16615 0.162534 0.0211957 0.0612317 -0.0719907 0.194573
0 0.870786 0.959914 0.872753 0.896697 0.736606 0.892461 0.734639 0.955679
0 0.61483 0.298212 0.694486 0.194431 0.606044 0.126549 0.526389 0.23033
0 0.907288 0.525296 0.917837 0.338239 0.771482 0.329985 0.760933 0.517042
0 0.999953 0.934147 1.0037 0.82089 0.95666 0.819333 0.952912 0.932591
0 0.788853 0.765568 0.794547 0.62647 0.714887 0.623208 0.709192 0.762306
0 0.457308 0.100058 0.565135 0.0107111 0.495897 -0.072847 0.38807 0.0165
0 0.99987 0.996495 1.001 0.941415 0.953342 0.940436 0.95221 0.995516
0 0.643543 0.930732 0.655403 0.8552 0.535271 0.836337 0.523411 0.911869
0 0.704973 0.733187 0.711746 0.601483 0.530461 0.592159 0.523687 0.723863
0 0.889243 0.795008 0.89638 0.64208 0.780105 0.636653 0.772968 0.789581
0 0.912375 0.0749315 0.950468 0.0247042 0.882979 -0.0264813 0.844885 0.0237461
0 0.702241 0.201045 0.768684 0.0927485 0.681089 0.0390067 0.614646 0.147303
0 0.230146 0.288885 0.372138 0.159169 0.305088 0.0857741 0.163097 0.21549
0 0.216285 1.05101 0.322343 0.947221 0.247608 0.870851 0.141551 0.974637
0 0.0407537 0.829219 0.0946176 0.720635 -0.0101778 0.668651 -0.0640418 0.777235
0 0.765281 0.115246 0.792705 0.0883495 0.729313 0.0237124 0.701889 0.0506087
0 0.620612 0.518872 0.731123 0.50798 0.71587 0.353224 0.605359 0.364116
0 1.0018 0.816228 1.00263 0.75556 0.962827 0.755012 0.961992 0.81568
0 0.0867898 0.121443 0.180806 0.00115013 0.104011 -0.0588688 0.00999545 0.0614245
0 0.204995 0.0781487 0.27629 0.0187378 0.220317 -0.0484308 0.149022 0.01098
0 0.87209 1.00675 0.872122 0.957989 0.737016 0.9579 0.736984 1.00667
0 0.713996 0.876245 0.714817 0.81207 0.652591 0.811274 0.651771 0.875449
0 0.999265 0.569767 1.00169 0.456355 0.980587 0.455904 0.978161 0.569315
0 0.926613 0.181432 0.93167 0.0923749 0.835156 0.0868944 0.830099 0.175952
0 0.00566432 0.541332 0.156131 0.381954 0.102965 0.331761 -0.0475016 0.49114
0 0.247464 0.119758 0.342506 0.0399057 0.294873 -0.0167883 0.199831 0.0630645
0 0.381293 0.998278 0.381748 0.942615 0.262886 0.941644 0.262431 0.997306
0 0.828336 1.04091 0.876125 0.976025 0.799977 0.919943 0.752189 0.984829
0 0.141488 0.376171 0.243402 0.264203 0.19237 0.217754 0.0904567 0.329721
0 0.328113 1.0502 0.366153 0.975921 0.283195 0.933435 0.245155 1.00771
0 0.0150704 0.923368 0.0691729 0.852002 0.00246199 0.801429 -0.0516405 0.872795
0 0.335126 0.0581227 0.399858 0.0125331 0.366051 -0.0354689 0.301319 0.0101207
0 0.000535359 0.822382 0.0898486 0.820665 0.0868165 0.662986 -0.00249669 0.664704
0 0.999431 0.74643 1.00216 0.581522 0.974083 0.581058 0.971358 0.745966
0 0.699078 1.00788 0.700209 0.964292 0.627727 0.962411 0.626595 1.006
