0 0.238094 0.366 0.340515 0.323756 0.274375 0.163403 0.171955 0.205648
0 0.79248 0.961884 0.798845 0.856053 0.69391 0.849742 0.687545 0.955573
0 0.623555 0.732237 0.660363 0.642268 0.581042 0.609816 0.544234 0.699786
0 0.311726 0.728089 0.320272 0.628272 0.219095 0.619609 0.210549 0.719427
0 0.472241 0.990458 0.571961 0.964442 0.536683 0.829222 0.436963 0.855237
0 0.0627331 0.644271 0.123414 0.613257 0.0746253 0.517799 0.0139441 0.548814
0 0.352953 0.548784 0.442361 0.509848 0.38066 0.368165 0.291252 0.4071
0 1.00612 0.953716 1.00774 0.836987 0.910823 0.835643 0.909204 0.952371
0 0.891736 0.627253 0.89437 0.538882 0.81233 0.536437 0.809697 0.624808
0 0.357092 0.883633 0.364857 0.782206 0.264529 0.774525 0.256764 0.875951
0 0.624752 0.812646 0.650657 0.742281 0.595637 0.722025 0.569731 0.79239
0 0.915486 0.808412 1.00467 0.773876 0.960814 0.660626 0.87163 0.695162
0 0.11765 0.610452 0.182386 0.57959 0.135526 0.481296 0.0707894 0.512158
0 0.897522 0.616815 0.952813 0.605457 0.933546 0.51166 0.878255 0.523017
0 0.657306 0.579322 0.707831 0.497299 0.652205 0.463034 0.60168 0.545057
0 0.951498 0.604167 1.01243 0.591302 0.992298 0.495932 0.931363 0.508797
0 0.815074 0.796273 0.820986 0.708417 0.699267 0.700226 0.693355 0.788083
0 0.0170126 0.4789 0.111724 0.430749 0.0409582 0.291558 -0.0537528 0.33971
0 0.629365 0.961949 0.692904 0.959538 0.688711 0.849063 0.625172 0.851475
0 0.429264 0.336401 0.500413 0.228354 0.41088 0.169396 0.339731 0.277443
0 0.551427 0.95272 0.628709 0.952297 0.628172 0.854176 0.55089 0.854599
0 0.467324 0.703042 0.470887 0.610248 0.379353 0.606733 0.375789 0.699527
0 0.887914 0.273695 0.948521 0.155301 0.828382 0.0938017 0.767775 0.212196
0 0.207994 0.641086 0.300211 0.612027 0.278322 0.542565 0.186106 0.571623
0 0.997182 0.397838 1.00808 0.282793 0.906422 0.273158 0.89552 0.388204
0 0.591334 0.537552 0.673371 0.449537 0.606117 0.386851 0.52408 0.474867
0 0.222311 0.584053 0.297522 0.501505 0.206505 0.418577 0.131293 0.501125
0 0.723324 0.588677 0.744565 0.515908 0.695345 0.501541 0.674104 0.574309
0 0.305743 0.999986 0.306352 0.933955 0.241252 0.933354 0.240643 0.999385
0 0.800459 0.964926 0.915259 0.945278 0.893501 0.81815 0.778701 0.837798
0 0.918486 0.101877 0.922714 0.0434094 0.698821 0.0272214 0.694593 0.0856894
0 0.574215 0.667933 0.595493 0.588888 0.510922 0.566122 0.489644 0.645168
0 0.391144 1.00439 0.405394 0.900027 0.30243 0.885968 0.28818 0.990334
0 0.43872 0.866656 0.548913 0.82913 0.517845 0.737896 0.407651 0.775422
0 0.9251 0.0560052 0.931973 0.00499604 0.821542 -0.00988237 0.81467 0.0411267
0 0.800377 0.615457 0.815582 0.537464 0.735381 0.521829 0.720177 0.599822
0 0.00293233 0.686969 0.0675598 0.656653 0.0182837 0.551605 -0.0463438 0.581921
0 0.143128 1.01854 0.24699 0.993602 0.233897 0.939062 0.130035 0.963996
0 0.434988 0.788271 0.499893 0.736139 0.452652 0.677323 0.387747 0.729455
0 0.981771 0.213366 1.01927 0.203419 0.9991 0.127357 0.961597 0.137304
0 0.0137155 0.853987 0.0776312 0.811922 0.0402254 0.755086 -0.0236902 0.797152
0 0.0381702 1.0072 0.128232 0.994774 0.122344 0.952099 0.0322822 0.964526
0 0.429338 0.823686 0.53118 0.793271 0.515762 0.741644 0.41392 0.77206
0 0.808198 0.781178 0.848715 0.779499 0.844887 0.687098 0.804369 0.688776
0 0.756058 0.267225 0.808113 0.266049 0.804949 0.125896 0.752894 0.127071
0 0.850185 0.805504 0.90119 0.802376 0.893877 0.68314 0.842871 0.686269
0 0.0050791 0.922042 0.0507377 0.906342 0.0259932 0.834383 -0.0196653 0.850083
0 0.116386 0.432447 0.185391 0.391849 0.110506 0.264564 0.0415004 0.305162
0 0.248071 0.796992 0.325915 0.772407 0.30591 0.709064 0.228066 0.73365
0 0.00434892 0.981474 0.0608686 0.969266 0.0359459 0.853879 -0.0205738 0.866086
0 0.00115725 0.999834 0.0769046 0.999424 0.0766992 0.961469 0.000951808 0.961879
0 0.393739 0.239498 0.41343 0.156541 0.345241 0.140355 0.32555 0.223312
0 0.192496 1.01313 0.253543 0.992819 0.235042 0.937224 0.173996 0.957539
0 0.0214314 0.97762 0.062468 0.933611 0.0122516 0.886787 -0.0287851 0.930796
0 0.0237658 0.765903 0.0589949 0.727779 0.00836529 0.680994 -0.0268637 0.719118
0 0.535847 0.472843 0.608371 0.38111 0.545441 0.331357 0.472916 0.42309
0 0.43685 0.382775 0.527892 0.291177 0.488469 0.251993 0.397427 0.343591
0 0.465878 0.403491 0.544255 0.323158 0.50763 0.287424 0.429252 0.367757
0 0.972041 0.131984 1.00061 0.131919 1.00036 0.0210847 0.97179 0.0211495
