0 0.141683 1.00844 0.149605 0.916871 0.0575826 0.90891 0.0496606 1.00048
0 0.409237 0.573775 0.419455 0.473537 0.339175 0.465353 0.328956 0.565591
0 0.311318 0.327766 0.320548 0.230785 0.225759 0.221764 0.216529 0.318746
0 0.224618 0.728273 0.229629 0.644957 0.154574 0.640443 0.149563 0.723759
0 0.333442 0.567205 0.343072 0.466178 0.263311 0.458576 0.253681 0.559603
0 0.250243 0.591199 0.262122 0.458028 0.175994 0.450346 0.164115 0.583516
0 0.0936022 0.777233 0.101295 0.650286 -0.0007125 0.644105 -0.00840542 0.771051
0 0.142792 0.37765 0.151525 0.281738 0.073637 0.274646 0.0649039 0.370558
0 0.325357 0.152891 0.333159 0.0594105 0.253227 0.0527396 0.245426 0.14622
0 0.982864 0.641809 0.986679 0.564513 0.863177 0.558417 0.859361 0.635714
0 0.173275 0.235809 0.179076 0.13872 0.0715338 0.132294 0.0657321 0.229382
0 0.599297 0.4366 0.610659 0.331242 0.470489 0.316126 0.459127 0.421484
0 0.198869 0.0833192 0.205529 0.000839658 0.124943 -0.0056672 0.118283 0.0768124
0 0.843595 0.798414 0.857356 0.67059 0.737632 0.6577 0.72387 0.785524
0 0.333194 0.233471 0.337516 0.145012 0.237357 0.140118 0.233034 0.228577
0 0.45996 0.416695 0.479061 0.335063 0.435842 0.324951 0.416741 0.406582
0 0.18174 0.146933 0.191908 0.0857683 0.09056 0.0689188 0.0803912 0.130084
0 0.915615 0.215433 0.943123 0.125742 0.856746 0.0992502 0.829238 0.188941
0 0.111762 0.556847 0.127562 0.437569 0.0554625 0.428019 0.0396626 0.547297
0 0.503963 1.01812 0.510749 0.960743 0.346838 0.941358 0.340052 0.998733
0 0.951229 0.813754 0.960087 0.730781 0.841407 0.718111 0.832549 0.801084
0 0.491765 0.573077 0.498829 0.483287 0.419698 0.477061 0.412633 0.566851
0 0.951579 0.449403 0.972825 0.410257 0.88742 0.363904 0.866174 0.40305
0 0.814659 0.431802 0.849393 0.357094 0.748394 0.310135 0.713659 0.384843
0 0.356549 0.0656414 0.361878 0.000897966 0.264405 -0.00712498 0.259076 0.0576184
0 0.297125 0.400529 0.306271 0.3277 0.206394 0.315157 0.197248 0.387986
0 0.0439563 0.545515 0.0533823 0.432657 -0.00133701 0.428087 -0.010763 0.540945
0 0.953952 0.139853 0.983176 0.0606864 0.911055 0.0340627 0.88183 0.11323
0 0.623127 0.773897 0.656412 0.723961 0.562456 0.661335 0.529171 0.711271
0 0.0518533 1.00098 0.0599123 0.901631 0.00377996 0.897077 -0.00427902 0.99643
0 0.461025 0.817618 0.469318 0.702976 0.343022 0.693841 0.33473 0.808483
0 0.702355 0.450435 0.712058 0.392251 0.659888 0.383552 0.650185 0.441735
0 0.591155 0.568783 0.602028 0.504046 0.498387 0.486637 0.487513 0.551374
0 0.662346 0.720255 0.702067 0.642884 0.594753 0.587792 0.555032 0.665163
0 0.0522274 0.116199 0.0536658 0.0403888 -0.0023557 0.0393258 -0.00379409 0.115136
0 0.995365 0.508704 0.996852 0.447519 0.919792 0.445646 0.918305 0.506831
0 0.211442 0.789146 0.217864 0.72755 0.145776 0.720034 0.139354 0.781629
0 0.757775 0.315792 0.780281 0.259084 0.705707 0.229488 0.683202 0.286197
0 0.127644 0.0629547 0.133359 0.000547102 0.0785933 -0.00446838 0.072878 0.0579392
0 0.476063 0.0529883 0.479036 -0.00191214 0.365132 -0.00807969 0.362159 0.0468208
0 0.591617 1.00335 0.593978 0.970729 0.510689 0.964702 0.508328 0.997324
0 0.0439273 0.180677 0.0453919 0.120101 -0.000300457 0.118996 -0.00176502 0.179572
0 0.0648744 0.370163 0.0677548 0.286693 -0.0043191 0.284206 -0.00719946 0.367676
0 0.676725 1.00729 0.679375 0.977362 0.595843 0.969967 0.593193 0.999899
0 0.689582 0.367526 0.706162 0.289001 0.635509 0.274083 0.618928 0.352607
0 0.973574 0.40681 1.01047 0.318106 0.926791 0.283294 0.88989 0.371998
0 1.00905 0.310514 1.02886 0.237138 0.960173 0.218594 0.940364 0.29197
0 0.652409 0.445169 0.666871 0.371654 0.602886 0.359067 0.588424 0.432581
0 1.0021 0.817267 1.00733 0.713156 0.957311 0.710642 0.952079 0.814753
0 0.0387335 0.247873 0.0397897 0.178837 -0.00123368 0.178209 -0.00228985 0.247245
0 0.0707412 0.0471778 0.0717743 0.00377368 0.00405239 0.00216175 0.00301927 0.0455659
0 0.161673 0.284968 0.166757 0.233515 0.0787208 0.224818 0.0736375 0.27627
0 0.108588 0.629576 0.111782 0.550208 0.0306193 0.546942 0.027425 0.626309
0 0.41998 0.395672 0.437902 0.314423 0.318969 0.288188 0.301047 0.369437
0 1.00248 0.630648 1.00511 0.562972 0.980841 0.562029 0.978212 0.629705
0 0.794191 0.474274 0.807004 0.422818 0.717401 0.400506 0.704588 0.451962
0 0.615286 0.113372 0.759065 0.0315118 0.705761 -0.0621098 0.561982 0.0197507
0 0.857414 0.689357 0.874002 0.561922 0.778375 0.549474 0.761786 0.676909
0 0.324202 0.799683 0.334198 0.663664 0.222607 0.655463 0.212611 0.791482
0 0.345596 1.0159 0.350416 0.959355 0.187221 0.945444 0.182401 1.00199
0 0.928887 0.473438 0.946482 0.436397 0.870289 0.400203 0.852693 0.437244
0 0.877141 0.269487 0.900825 0.212654 0.823027 0.180234 0.799344 0.237068
0 0.987928 0.0767904 1.01522 0.00261372 0.91786 -0.0332033 0.890571 0.0409734
0 0.186733 1.00091 0.190466 0.925227 0.143272 0.9229 0.139539 0.998585
0 1.00306 0.221953 1.00665 0.179356 0.979203 0.177047 0.97562 0.219644
0 0.716917 0.645217 0.746562 0.545187 0.61359 0.505778 0.583944 0.605809
0 0.652855 0.239444 0.715227 0.132445 0.61473 0.0738621 0.552357 0.18086
0 0.420302 0.083944 0.425364 0.0404695 0.363816 0.0333026 0.358754 0.0767771
0 0.692729 0.202015 0.820928 0.107886 0.694346 -0.0645116 0.566147 0.0296175
0 0.762736 1.00636 0.764181 0.984173 0.675499 0.978393 0.674053 1.00058
0 0.865143 0.309139 0.889564 0.248358 0.801328 0.212906 0.776907 0.273687
0 0.426014 0.0678189 0.429862 -0.0017919 0.367036 -0.00526446 0.363188 0.0643463
0 0.455832 0.814317 0.461499 0.757191 0.339155 0.745053 0.333487 0.802179
0 0.663221 0.719769 0.685229 0.666666 0.584342 0.624856 0.562334 0.677959
0 0.907864 0.519697 0.928184 0.456921 0.842815 0.429288 0.822495 0.492064
0 0.415987 0.396203 0.436301 0.318377 0.381406 0.304049 0.361093 0.381875
