0 0.292294 0.961687 0.298731 0.856434 0.194291 0.850047 0.187854 0.9553
0 0.842054 0.280225 0.937607 0.197578 0.832503 0.076061 0.73695 0.158708
0 0.123684 0.732681 0.160594 0.642575 0.0811116 0.610016 0.0442011 0.700122
0 0.509436 0.952992 0.513038 0.840276 0.414083 0.837113 0.410481 0.949829
0 0.861089 0.672441 0.926062 0.646746 0.884375 0.541337 0.819402 0.567032
0 0.410175 0.808079 0.501495 0.782238 0.467748 0.662976 0.376428 0.688816
0 0.63414 0.581712 0.649807 0.498979 0.588749 0.487416 0.573081 0.570148
0 0.391911 0.627054 0.394603 0.538763 0.312693 0.536266 0.310001 0.624556
0 0.611078 0.18933 0.623816 0.0853839 0.513718 0.0718923 0.500981 0.175839
0 0.124675 0.81263 0.150276 0.741797 0.0956711 0.722061 0.0700693 0.792894
0 0.72577 0.849584 0.726808 0.740136 0.617744 0.739103 0.616707 0.84855
0 0.5786 0.582498 0.58178 0.500768 0.507007 0.497858 0.503826 0.579588
0 0.157475 0.579049 0.20769 0.496967 0.152579 0.463251 0.102364 0.545333
0 0.750952 0.939741 0.758925 0.848249 0.668756 0.840392 0.660784 0.931884
0 0.452277 0.601517 0.513309 0.588034 0.492852 0.495435 0.43182 0.508918
0 0.403895 0.267321 0.440827 0.13826 0.31208 0.101418 0.275148 0.230479
0 0.680187 0.0762515 0.793792 0.0664323 0.787583 -0.00539963 0.673978 0.00441954
0 0.836134 0.931659 0.895548 0.905355 0.858446 0.821553 0.799032 0.847857
0 0.514531 0.115991 0.614489 0.0702589 0.575675 -0.0145788 0.475717 0.031153
0 0.565405 0.397638 0.570743 0.266711 0.427855 0.260886 0.422518 0.391813
0 0.312581 0.795479 0.318957 0.71047 0.200231 0.701565 0.193854 0.786574
0 0.129374 0.960989 0.192929 0.958448 0.188578 0.849615 0.125024 0.852156
0 0.0533157 0.951049 0.128001 0.950398 0.127157 0.853568 0.0524724 0.854219
0 0.397286 0.615462 0.452123 0.604199 0.433121 0.511678 0.378283 0.522941
0 0.889544 0.933879 0.978785 0.925573 0.96506 0.778113 0.87582 0.786419
0 0.561806 0.938931 0.623142 0.935197 0.617005 0.834373 0.555668 0.838107
0 0.0880234 0.538105 0.17435 0.450469 0.108357 0.385462 0.0220309 0.473098
0 0.526068 0.750372 0.574631 0.742516 0.558991 0.645832 0.510428 0.653688
0 0.223087 0.588466 0.244279 0.515807 0.195266 0.501511 0.174073 0.57417
0 0.420031 0.101852 0.424204 0.0430751 0.198483 0.0270501 0.19431 0.0858266
0 0.70329 0.151156 0.811477 0.125854 0.795344 0.056875 0.687157 0.0821769
0 0.760088 0.71271 0.849901 0.667422 0.824348 0.616746 0.734535 0.662034
0 0.298051 0.962216 0.412131 0.947697 0.395861 0.819851 0.28178 0.83437
0 0.510721 0.935737 0.563834 0.932293 0.55749 0.834436 0.504377 0.837879
0 0.0739836 0.668354 0.0952493 0.590504 0.0124457 0.567885 -0.00882 0.645736
0 0.627296 0.733799 0.634782 0.641326 0.561856 0.635423 0.55437 0.727895
0 0.794916 0.835815 0.857193 0.821656 0.83998 0.745948 0.777702 0.760108
0 0.302872 0.613655 0.315029 0.536036 0.23358 0.52328 0.221423 0.600898
0 0.762248 0.492143 0.828225 0.438949 0.785102 0.385463 0.719125 0.438657
0 0.425868 0.0561496 0.432783 0.00511669 0.321747 -0.00992909 0.314832 0.0411038
0 0.784412 0.781611 0.8428 0.749314 0.808591 0.687469 0.750203 0.719767
0 0.99064 0.506071 1.06905 0.442798 0.986538 0.340545 0.908127 0.403818
0 0.945281 0.795572 0.95997 0.696689 0.869244 0.683212 0.854555 0.782095
0 0.823839 0.575543 0.883188 0.539469 0.826937 0.446925 0.767589 0.482999
0 0.626081 0.77444 0.709667 0.7063 0.674678 0.663381 0.591093 0.731521
0 -0.00138703 0.98348 0.063001 0.974086 0.0413394 0.825622 -0.0230486 0.835016
0 0.69556 1.00854 0.801946 1.00039 0.800188 0.977451 0.693802 0.985603
0 0.583129 0.238056 0.663697 0.199681 0.639739 0.149382 0.559171 0.187757
0 0.257406 0.268796 0.308459 0.267395 0.304502 0.123208 0.253448 0.124609
0 0.307943 0.780179 0.34852 0.778581 0.344934 0.687544 0.304357 0.689142
0 0.350002 0.805269 0.401452 0.802165 0.394321 0.683964 0.342871 0.687068
0 0.986172 0.124173 1.01463 0.085164 0.958942 0.0445377 0.930484 0.0835465
0 0.893368 0.173752 0.974228 0.1304 0.945911 0.0775827 0.86505 0.120935
0 0.0398 0.473803 0.113863 0.363974 0.0284056 0.306346 -0.0456574 0.416174
0 0.860269 0.998238 0.958143 0.99619 0.957667 0.973442 0.859793 0.975491
0 0.94888 0.995132 0.997392 0.995101 0.997361 0.946786 0.94885 0.946817
0 0.711313 0.632542 0.779029 0.566682 0.737103 0.523574 0.669387 0.589433
0 -0.000892067 0.844069 0.0375363 0.836162 0.0178712 0.740583 -0.0205571 0.748489
0 0.000415804 0.604151 0.0326354 0.603315 0.0307214 0.529603 -0.00149824 0.530439
0 0.498257 0.059176 0.501165 -0.00288794 0.406159 -0.00733922 0.403251 0.0547247
0 0.871773 0.109299 0.928815 0.0737793 0.882188 -0.00110249 0.825145 0.0344169
0 0.609252 1.00048 0.700984 1.00042 0.700975 0.986068 0.609243 0.986122
0 8.84086e-05 0.385952 0.0584329 0.385191 0.0567798 0.25847 -0.00156472 0.259231
0 0.80487 1.00153 0.874701 0.998836 0.873998 0.980583 0.804167 0.983276
0 0.740218 0.439561 0.80382 0.316399 0.654132 0.239099 0.59053 0.362261
0 0.923426 0.49935 1.00099 0.499158 1.0006 0.338807 0.92303 0.338998
0 0.0243262 0.370768 0.0431559 0.299267 -0.00792424 0.285815 -0.026754 0.357316
