0 0.824528 0.931539 0.948976 0.930387 0.947544 0.843278 0.823096 0.844429
0 0.928082 0.79975 0.929959 0.705652 0.815126 0.704364 0.813249 0.798462
0 0.620933 0.719232 0.636245 0.601519 0.476369 0.589821 0.461057 0.707534
0 0.920849 0.639655 0.926906 0.540486 0.779123 0.535409 0.773067 0.634579
0 0.0941442 0.938458 0.256722 0.91224 0.237495 0.845175 0.0749171 0.871393
0 0.388858 0.47332 0.537133 0.426724 0.491418 0.344899 0.343144 0.391496
0 0.131765 0.997616 0.292949 0.972526 0.27388 0.90362 0.112697 0.92871
0 0.00650611 0.693097 0.163202 0.677301 0.152399 0.617023 -0.00429692 0.63282
0 0.490213 0.844461 0.658953 0.841316 0.656261 0.760064 0.487521 0.763209
0 0.829076 0.999755 0.976191 0.999457 0.975931 0.927077 0.828816 0.927375
0 0.0825031 0.336211 0.138013 0.259411 0.0376737 0.218617 -0.0178357 0.295417
0 0.4528 0.605842 0.607266 0.575649 0.582065 0.503126 0.427599 0.53332
0 0.0335837 0.759662 0.200075 0.733684 0.181778 0.667726 0.0152875 0.693705
0 0.0693609 0.868938 0.22671 0.849417 0.213717 0.79051 0.0563684 0.810032
0 0.00570266 0.634899 0.127542 0.620624 0.113658 0.553963 -0.00818217 0.568238
0 0.481004 0.548538 0.580883 0.48453 0.504398 0.417398 0.40452 0.481406
0 0.0242356 0.442301 0.093819 0.407825 0.0492206 0.357193 -0.0203629 0.391669
0 0.855221 0.55 0.857475 0.488459 0.766093 0.486577 0.76384 0.548118
0 0.0565833 0.81427 0.206621 0.79309 0.192135 0.735368 0.0420975 0.756548
0 0.864481 0.501855 0.869107 0.402052 0.734657 0.398546 0.730031 0.498349
0 0.911222 0.848405 0.912196 0.795556 0.823805 0.79464 0.822831 0.847489
0 0.577345 0.965823 0.668474 0.965772 0.668402 0.892777 0.577273 0.892827
0 0.340194 0.330744 0.44017 0.279528 0.323999 0.151968 0.224022 0.203184
0 0.0607092 0.584277 0.11245 0.522616 0.0352469 0.486175 -0.0164943 0.547836
0 1.00302 0.770894 1.0053 0.704206 0.929647 0.702756 0.927374 0.769444
0 1.0019 0.624001 1.00444 0.530548 0.930473 0.529419 0.927938 0.622872
0 0.143785 0.324657 0.240633 0.294206 0.188709 0.201313 0.0918611 0.231763
0 0.228163 0.286135 0.299474 0.268606 0.266413 0.192951 0.195102 0.21048
0 0.0925391 0.506549 0.0935987 0.431241 -0.00261018 0.43048 -0.00366975 0.505787
0 0.0782284 0.15601 0.225198 0.129848 0.205791 0.0685245 0.0588218 0.0946868
0 0.944565 0.472247 1.04804 0.452735 1.00254 0.317007 0.899067 0.336518
0 -0.000180741 0.16726 0.0780715 0.158264 0.0591271 0.0655656 -0.0191252 0.0745612
0 0.659691 0.902227 0.660584 0.84491 0.494326 0.843453 0.493433 0.900769
0 0.675349 0.999933 0.675782 0.958407 0.549999 0.957668 0.549565 0.999194
0 0.325688 0.394109 0.479165 0.342458 0.446114 0.287216 0.292637 0.338867
0 0.350358 0.65419 0.428474 0.638067 0.417168 0.607254 0.339052 0.623377
0 0.943622 0.907949 1.00707 0.903475 0.998526 0.835337 0.93508 0.839811
0 0.0902558 0.0548667 0.0912639 -0.00717116 0.00248027 -0.00798267 0.00147219 0.0540552
0 -0.00282903 1.00009 0.0477145 0.998907 0.046597 0.972021 -0.00394652 0.973203
0 0.585427 0.971226 0.587923 0.901377 0.494193 0.899493 0.491696 0.969342
0 0.466418 0.0574411 0.561458 0.0327155 0.537161 -0.0198173 0.442121 0.00490829
0 -0.000915219 0.987484 0.038228 0.987359 0.0378904 0.927782 -0.00125281 0.927907
0 0.839875 0.469891 0.906135 0.4498 0.872989 0.38831 0.806729 0.408401
0 0.147798 1.00653 0.279274 0.999852 0.277446 0.979606 0.14597 0.986286
0 0.341395 1.00687 0.43125 0.998805 0.427645 0.976212 0.337791 0.984275
0 0.123996 0.0305644 0.129513 -0.00372178 0.0625739 -0.00978111 0.0570564 0.0245051
0 0.172666 0.0990903 0.235163 0.0515055 0.138174 -0.0201471 0.0756775 0.0274377
0 0.235686 1.01261 0.33065 0.997438 0.319311 0.957526 0.224346 0.972702
