0 0.168245 0.197281 0.219911 0.144785 0.15616 0.0820408 0.104493 0.134537
0 0.296575 0.327484 0.356475 0.264771 0.220987 0.135363 0.161088 0.198076
0 0.670795 0.065245 0.671045 -0.0029313 0.573649 -0.00328843 0.573399 0.0648878
0 0.0999417 0.134555 0.15722 0.0784465 0.0888388 0.00863951 0.0315604 0.0647481
0 0.683161 0.845487 0.731586 0.771722 0.677873 0.736461 0.629449 0.810226
0 0.381607 0.952558 0.42875 0.880796 0.244043 0.759459 0.196901 0.831221
0 0.877054 1.04094 0.930855 0.985588 0.830505 0.888051 0.776704 0.943403
0 0.0306147 0.073547 0.092487 0.0218771 0.0487175 -0.0305348 -0.0131548 0.021135
0 0.999302 0.145487 1.00582 0.0660586 0.929915 0.0598323 0.9234 0.139261
0 0.919078 0.112886 0.923382 0.0467545 0.746405 0.0352376 0.742102 0.101369
0 0.303594 0.327612 0.355067 0.267896 0.272412 0.196649 0.220939 0.256364
0 0.55431 0.867105 0.58397 0.794516 0.438592 0.735113 0.408932 0.807702
0 0.753775 0.92319 0.800808 0.879016 0.720034 0.793012 0.673 0.837186
0 0.469255 0.988665 0.508887 0.913295 0.425284 0.869334 0.385652 0.944704
0 0.494362 0.634151 0.550109 0.574068 0.45059 0.48173 0.394843 0.541812
0 0.223974 0.256665 0.283279 0.19436 0.226035 0.139872 0.16673 0.202178
0 1.00307 0.865757 1.01975 0.80752 0.975532 0.794862 0.95886 0.853099
0 0.786201 0.949314 0.835989 0.899879 0.773226 0.836668 0.723438 0.886103
0 0.969051 0.722934 1.00306 0.655423 0.908943 0.608019 0.874938 0.675529
0 1.00157 0.70412 1.00511 0.608121 0.959908 0.606457 0.956375 0.702457
0 0.995677 0.491431 1.01329 0.379485 0.948658 0.369315 0.931043 0.481262
0 0.000985153 0.988748 0.055732 0.988219 0.0547313 0.884679 -1.55196e-05 0.885208
0 0.997048 0.646227 1.04011 0.510366 0.947762 0.481092 0.904696 0.616953
0 0.807511 0.378873 0.822638 0.298832 0.663921 0.268835 0.648793 0.348875
0 0.619202 0.99952 0.737227 0.999293 0.737117 0.94215 0.619092 0.942377
0 0.0131166 0.486083 0.0150095 0.420348 0.00126013 0.419952 -0.000632765 0.485688
0 0.714641 1.04501 0.733879 0.956801 0.646461 0.937734 0.627223 1.02594
