0 0.581658 0.946815 0.658916 0.865974 0.602907 0.812447 0.525649 0.893289
0 0.300137 0.87741 0.368585 0.821912 0.229748 0.650677 0.1613 0.706175
0 0.534975 1.00705 0.589617 0.936065 0.525567 0.886764 0.470926 0.957751
0 0.171192 0.707567 0.24439 0.647611 0.154564 0.537945 0.0813657 0.597901
0 0.0657526 0.936676 0.0936332 0.869541 0.029303 0.842825 0.00142236 0.909961
0 0.183156 0.345208 0.231665 0.271704 0.178065 0.236331 0.129556 0.309836
0 0.744045 0.730276 0.813902 0.649096 0.757243 0.600339 0.687386 0.68152
0 0.650376 0.852953 0.741025 0.718723 0.68813 0.683002 0.597482 0.817232
0 1.00194 0.281357 1.00232 0.222678 0.953218 0.222359 0.952837 0.281038
0 0.0105355 0.896755 0.0404715 0.835996 0.00198014 0.817031 -0.0279559 0.877791
0 0.124931 0.596648 0.235705 0.498683 0.18425 0.4405 0.073476 0.538465
0 0.455676 0.599311 0.50138 0.55171 0.413227 0.467068 0.367523 0.514669
0 0.959962 0.332602 1.00432 0.332399 1.00408 0.28101 0.959727 0.281212
0 0.531355 0.687538 0.578774 0.641402 0.484625 0.544636 0.437206 0.590773
0 0.358201 0.517266 0.407746 0.467561 0.326336 0.386414 0.276791 0.436118
0 0.264664 0.434653 0.314716 0.386341 0.218 0.286139 0.167947 0.334451
0 0.456429 0.203917 0.475306 0.132317 0.397202 0.111725 0.378325 0.183325
0 0.810788 0.642938 0.869516 0.584822 0.822467 0.537278 0.763739 0.595393
0 0.998246 0.167635 1.00215 0.0128333 0.974531 0.0121365 0.970626 0.166938
0 0.208257 1.03137 0.228929 0.958906 0.140965 0.93381 0.120292 1.00627
0 0.738182 0.0977788 0.746813 -0.00324294 0.652365 -0.0113115 0.643735 0.0897102
0 0.910748 0.119798 0.914925 0.0136915 0.873947 0.0120782 0.86977 0.118184
0 0.457001 0.0267748 0.460153 -0.00262869 0.393935 -0.00972773 0.390783 0.0196758
0 0.393471 0.541219 0.431647 0.485097 0.372663 0.444974 0.334487 0.501096
0 0.641407 0.851875 0.696612 0.791346 0.657295 0.755488 0.60209 0.816017
0 0.0296857 0.827123 0.0317475 0.764471 -0.00123303 0.763386 -0.0032948 0.826037
0 0.973274 0.983733 1.01836 0.979495 1.00228 0.80844 0.957196 0.812677
