0 0.581652 0.929088 0.658913 0.821296 0.602909 0.749932 0.525647 0.857723
0 0.184329 0.126295 0.22957 0.0291017 0.175137 -0.0159418 0.129896 0.0812516
0 0.30014 0.836549 0.368592 0.76254 0.229738 0.534221 0.161285 0.60823
0 0.534971 1.0094 0.589615 0.914752 0.525571 0.849019 0.470927 0.943669
0 0.17118 0.610229 0.244388 0.530138 0.154342 0.383815 0.0811342 0.463905
0 0.0657517 0.915565 0.0936305 0.826053 0.0293051 0.790436 0.00142627 0.879948
0 0.744021 0.64038 0.813949 0.532136 0.757309 0.467087 0.687381 0.575331
0 0.650373 0.803934 0.741028 0.624961 0.688132 0.577328 0.597477 0.756302
0 0.0105368 0.86234 0.0404736 0.781326 0.00198082 0.756038 -0.0279559 0.837052
0 0.12432 0.46248 0.235392 0.331755 0.184116 0.254301 0.0730436 0.385027
0 0.455469 0.465863 0.501124 0.402334 0.413495 0.29038 0.36784 0.353909
0 0.533087 0.586779 0.580545 0.523421 0.478104 0.387008 0.430646 0.450366
0 0.267555 0.248169 0.316253 0.184684 0.215712 0.0475746 0.167013 0.11106
0 0.354639 0.351688 0.402843 0.287101 0.32929 0.189508 0.281086 0.254096
0 0.810685 0.523837 0.869336 0.446523 0.822388 0.383205 0.763736 0.460519
0 0.208266 1.04183 0.228939 0.945205 0.140965 0.911741 0.120291 1.00836
0 0.964817 0.115207 1.00228 0.115192 1.00226 0.0322782 0.964799 0.0322931
0 0.998495 0.0492983 0.99874 0.00397077 0.956897 0.00356881 0.956652 0.0488963
0 0.394058 0.388336 0.4317 0.3131 0.371948 0.259953 0.334306 0.33519
0 0.572878 0.177379 0.627602 0.0414928 0.418501 -0.108211 0.363778 0.0276748
0 0.641403 0.802499 0.696602 0.721803 0.657287 0.673994 0.602088 0.754689
0 0.0296824 0.769495 0.0317439 0.685967 -0.00123618 0.68452 -0.0032977 0.768048
0 0.973272 0.978344 1.01836 0.972693 1.00228 0.744569 0.95719 0.750219
