0 0.259252 0.680086 0.266155 0.549288 0.152587 0.543294 0.145683 0.674092
0 0.368873 0.430744 0.461596 0.429761 0.460675 0.342938 0.367952 0.343922
0 0.182294 0.963712 0.284284 0.96269 0.283285 0.86302 0.181295 0.864042
0 1.00083 0.129134 1.00374 0.0176677 0.917546 0.0154201 0.914639 0.126887
0 0.76408 0.126922 0.76667 0.0167121 0.685291 0.0147995 0.682701 0.125009
0 0.446529 0.301952 0.448245 0.205722 0.361664 0.204177 0.359948 0.300407
0 0.528634 0.28154 0.53204 0.202871 0.44914 0.199282 0.445734 0.277951
0 0.899074 0.113703 0.900913 0.0304556 0.823285 0.0287404 0.821446 0.111988
0 0.204186 0.225924 0.232148 0.11037 0.116372 0.0823544 0.0884102 0.197909
0 0.0455992 0.899947 0.107557 0.884791 0.0801287 0.772662 0.0181707 0.787818
0 0.930923 0.786595 0.931375 0.690637 0.830931 0.690164 0.830478 0.786122
0 0.679679 0.622903 0.68184 0.485038 0.552232 0.483007 0.550072 0.620872
0 0.441619 0.140659 0.444852 0.0429433 0.330347 0.039154 0.327113 0.13687
0 0.117343 0.343704 0.244485 0.340831 0.242657 0.259923 0.115514 0.262796
0 0.272685 0.851903 0.274201 0.733574 0.15639 0.732065 0.154874 0.850393
0 0.680081 0.124885 0.682298 0.0287945 0.60724 0.0270628 0.605023 0.123153
0 0.0545146 0.710272 0.116709 0.693663 0.0863921 0.58014 0.024198 0.596749
0 0.383015 0.600853 0.466346 0.599491 0.464966 0.515129 0.381636 0.516492
0 0.52237 0.1301 0.525217 0.0332053 0.447338 0.0309163 0.44449 0.127811
0 0.103431 0.896015 0.17829 0.879444 0.153927 0.769387 0.079068 0.785958
0 0.751772 0.685768 0.752667 0.622488 0.67691 0.621417 0.676016 0.684697
0 0.92241 0.420389 0.922467 0.341353 0.82856 0.341285 0.828503 0.420321
0 0.826001 0.686114 0.934539 0.685655 0.934269 0.621672 0.82573 0.622131
0 0.914344 0.288746 0.915585 0.191095 0.802018 0.189652 0.800777 0.287303
0 0.9326 0.925858 0.935463 0.822494 0.805061 0.818882 0.802198 0.922247
0 0.829068 0.512676 0.831112 0.444962 0.688932 0.440669 0.686888 0.508384
0 0.120637 0.689215 0.172374 0.672791 0.139183 0.56823 0.0874452 0.584653
0 0.718323 0.30309 0.718678 0.200628 0.666396 0.200447 0.66604 0.302909
0 0.52177 0.476684 0.665893 0.475118 0.665259 0.416763 0.521136 0.418328
0 0.931139 0.59487 0.932083 0.530843 0.824602 0.52926 0.823659 0.593286
0 0.600944 0.123943 0.602711 0.0320044 0.526871 0.0305469 0.525104 0.122486
0 0.820543 0.123544 0.821829 0.0476785 0.767864 0.0467641 0.766578 0.122629
0 0.92089 0.344889 0.92172 0.278697 0.827162 0.277511 0.826332 0.343703
0 0.475475 0.523254 0.477604 0.427814 0.381304 0.425665 0.379175 0.521106
0 0.087202 0.107111 0.206079 0.0767792 0.187061 0.00224381 0.0681841 0.0325756
0 0.250903 0.49485 0.252182 0.3916 0.133386 0.390129 0.132107 0.493379
0 0.926612 0.469408 0.927093 0.411065 0.832936 0.410287 0.832454 0.468631
0 0.797177 0.298401 0.800043 0.209585 0.730966 0.207356 0.7281 0.296171
0 0.517337 0.405847 0.517967 0.337493 0.460762 0.336966 0.460132 0.40532
0 0.837118 0.530513 0.928434 0.529467 0.927709 0.466107 0.836393 0.467152
0 0.243555 0.399371 0.244431 0.344563 0.121328 0.342595 0.120451 0.397403
0 0.00395018 0.721718 0.0559681 0.707645 0.0266434 0.599254 -0.0253745 0.613328
0 0.937925 0.97046 0.938855 0.922206 0.83734 0.92025 0.83641 0.968503
0 0.433755 0.347758 0.434494 0.295031 0.368224 0.294103 0.367485 0.346829
0 0.664375 0.315009 0.665549 0.208499 0.60051 0.207782 0.599336 0.314292
0 0.845328 1.00418 0.946867 1.00078 0.945551 0.9615 0.844012 0.964903
0 0.00248143 0.91083 0.0511417 0.897346 0.022351 0.79345 -0.0263092 0.806934
0 0.323218 0.0562302 0.438569 0.0399749 0.431127 -0.0128392 0.315776 0.00341616
0 0.25176 0.534294 0.25415 0.463735 0.136836 0.459762 0.134446 0.530321
0 0.04713 0.960895 0.0472062 0.900496 -0.00196468 0.900434 -0.00204088 0.960833
0 0.930311 0.825855 0.931573 0.780596 0.859414 0.778583 0.858151 0.823842
0 0.188256 0.863289 0.277667 0.861339 0.276572 0.811135 0.187161 0.813085
0 0.00419382 1.00369 0.0868945 1.00307 0.0865107 0.951389 0.00381002 0.952003
0 0.715228 0.291964 0.764531 0.290621 0.762242 0.206605 0.712939 0.207948
0 0.677999 0.463195 0.819165 0.463039 0.819106 0.409762 0.677941 0.409918
0 0.288445 1.00015 0.288553 0.95093 0.185699 0.950705 0.185591 0.99993
0 0.012676 0.155203 0.0721371 0.13946 0.0630706 0.105217 0.00360961 0.12096
0 0.541492 0.700972 0.54541 0.576797 0.390483 0.571909 0.386565 0.696084
0 0.761288 0.770482 0.831641 0.762209 0.819589 0.659721 0.749236 0.667994
0 0.99969 0.602189 1.00153 0.523821 0.986481 0.523469 0.984645 0.601837
0 0.999201 0.311935 1.00166 0.202957 0.984255 0.202564 0.981797 0.311542
0 0.0766715 0.989078 0.0770455 0.910895 0.00135022 0.910533 0.000976286 0.988716
0 0.079223 0.0319894 0.182417 0.0108962 0.176019 -0.0204044 0.072825 0.000688789
0 1.00025 0.369905 1.00225 0.252687 0.987929 0.252443 0.98593 0.369661
0 0.999512 0.468422 1.0001 0.389764 0.987953 0.389674 0.987366 0.468331
0 0.56946 0.668399 0.646679 0.663975 0.643745 0.612746 0.566526 0.617169
