0 0.224326 0.197283 0.293217 0.144783 0.208206 0.0820348 0.139315 0.134534
0 0.395427 0.327476 0.4753 0.264757 0.294639 0.135341 0.214766 0.198059
0 0.13326 0.134554 0.209628 0.0784465 0.118449 0.00863917 0.0420813 0.0647471
0 0.895295 0.0647352 0.895486 -0.00173998 0.765285 -0.00195084 0.765094 0.0645244
0 0.914869 0.846904 0.979333 0.769535 0.902776 0.733655 0.838312 0.811024
0 0.508811 0.952583 0.571685 0.880845 0.325431 0.759442 0.262557 0.83118
0 0.99626 0.390331 1.01962 0.272361 0.888278 0.257734 0.864921 0.375704
0 0.0408157 0.0735462 0.123315 0.0218764 0.0649592 -0.0305337 -0.0175397 0.0211361
0 0.988497 0.919168 1.06729 0.854376 0.966665 0.785538 0.887869 0.85033
0 0.404807 0.327614 0.473438 0.267877 0.363222 0.19665 0.294591 0.256386
0 0.739204 0.866991 0.778684 0.794324 0.58497 0.735123 0.54549 0.80779
0 0.625631 0.98835 0.678291 0.91314 0.567184 0.869381 0.514524 0.944591
0 0.659112 0.633427 0.732834 0.574228 0.601037 0.481903 0.527314 0.541103
0 0.298631 0.256663 0.377703 0.194356 0.301377 0.13987 0.222305 0.202177
0 0.00131035 0.988748 0.0743041 0.988219 0.0729702 0.88468 -2.3514e-05 0.885209
0 0.863604 0.353756 0.891691 0.25648 0.777649 0.237957 0.749561 0.335234
0 0.0174912 0.486083 0.020015 0.420349 0.00167987 0.419953 -0.000843911 0.485687
