0 0.277575 0.375342 0.281976 0.217792 0.181335 0.212794 0.176934 0.370344
0 0.997301 0.235245 0.997356 0.0780778 0.87367 0.0780003 0.873614 0.235167
0 0.51712 0.904106 0.51879 0.763532 0.414832 0.761335 0.413161 0.901909
0 0.160543 0.917261 0.164268 0.793611 0.0576236 0.7879 0.0538991 0.91155
0 0.837781 0.329727 0.839414 0.200625 0.737818 0.19834 0.736185 0.327443
0 0.117899 0.572319 0.121278 0.428114 0.0236981 0.42405 0.0203194 0.568254
0 0.38766 0.606254 0.389423 0.490056 0.306451 0.487819 0.304688 0.604016
0 0.271302 0.218078 0.273121 0.0436936 0.171063 0.0418013 0.169245 0.216186
0 0.64557 0.297271 0.649519 0.143627 0.552554 0.139196 0.548605 0.29284
0 0.193536 0.603862 0.196687 0.512334 0.126848 0.508061 0.123698 0.599588
0 0.108101 0.316854 0.108188 0.231628 0.0261214 0.231479 0.0260344 0.316705
0 0.417111 0.969929 0.421666 0.8285 0.320462 0.822704 0.315907 0.964134
0 0.0310425 0.43252 0.118239 0.432342 0.11811 0.320267 0.0309138 0.320445
0 0.953786 1.00764 0.955714 0.937982 0.834866 0.932035 0.832938 1.00169
0 0.462569 0.594111 0.463343 0.485211 0.385704 0.48423 0.38493 0.59313
0 0.730252 0.573186 0.731313 0.479983 0.640608 0.478148 0.639547 0.571351
0 0.28871 0.608612 0.298901 0.415089 0.200262 0.405855 0.190071 0.599377
0 0.565003 0.427105 0.570288 0.23933 0.446907 0.233157 0.441623 0.420932
0 0.115177 0.227302 0.116126 0.165886 0.024204 0.163358 0.0232541 0.224774
0 0.641713 0.586277 0.64245 0.488235 0.55321 0.487042 0.552472 0.585084
0 0.950589 0.887091 1.0002 0.886547 0.999441 0.763299 0.949828 0.763844
0 0.0188457 0.170821 0.110811 0.170623 0.110719 0.0941594 0.0187531 0.0943574
0 0.0644755 0.988437 0.0651688 0.820032 -0.00313569 0.819532 -0.00382896 0.987937
0 0.346963 0.0574643 0.348031 -0.00255946 0.230958 -0.00626088 0.22989 0.0537629
0 0.0110165 0.0922157 0.115335 0.0917722 0.115167 0.02142 0.0108482 0.0218635
0 0.561004 0.5822 0.564724 0.324697 0.455439 0.32189 0.451719 0.579393
0 0.960982 0.407764 0.961264 0.236096 0.83909 0.235739 0.838808 0.407407
0 0.381984 1.00466 0.382865 0.970704 0.272104 0.965595 0.271223 0.999552
0 0.0289394 0.0406669 0.122426 0.0405843 0.122398 -0.015384 0.0289116 -0.0153015
0 0.383932 0.998863 0.383997 0.975597 0.308064 0.975215 0.307998 0.998481
