0 0.0991312 0.291524 0.0991476 0.199359 -0.00342869 0.199341 -0.00344504 0.291506
0 0.76374 0.434852 0.764881 0.303865 0.623653 0.302635 0.622512 0.433622
0 0.0933573 0.202124 0.0955984 0.103205 0.00060057 0.101053 -0.00164051 0.199972
0 0.388832 0.206779 0.489445 0.206623 0.489302 0.114465 0.388689 0.114622
0 0.266802 0.927739 0.268374 0.822702 0.165074 0.821156 0.163502 0.926193
0 0.692324 0.155582 0.694985 0.0544441 0.600335 0.0519538 0.597674 0.153092
0 0.588005 0.498326 0.589524 0.399767 0.487485 0.398194 0.485966 0.496753
0 0.947574 0.915033 0.951491 0.805959 0.830151 0.801603 0.826235 0.910676
0 0.704957 0.923197 0.825455 0.921927 0.824303 0.812713 0.703806 0.813983
0 0.926652 0.128222 0.929897 0.00561706 0.8306 0.00298897 0.827355 0.125594
0 0.137496 0.705156 0.139355 0.61715 0.0599027 0.615471 0.0580434 0.703477
0 0.394561 0.472247 0.39828 0.358351 0.302474 0.355223 0.298755 0.469119
0 0.16778 0.979421 0.172374 0.871988 0.0700889 0.867614 0.065495 0.975047
0 0.703289 1.00642 0.70541 0.953854 0.585148 0.949003 0.583028 1.00157
0 0.212473 0.695763 0.213028 0.613313 0.135374 0.612791 0.134819 0.69524
0 0.480256 0.679926 0.481336 0.609999 0.390647 0.6086 0.389568 0.678527
0 0.0936346 0.103317 0.094537 0.00204179 0.000828563 0.00120686 -7.37818e-05 0.102482
0 0.572575 0.199468 0.573601 0.114152 0.487693 0.113119 0.486667 0.198436
0 0.316373 0.560394 0.319536 0.429671 0.195994 0.426683 0.192831 0.557405
0 1.00089 0.999711 1.00153 0.886374 0.922678 0.885926 0.922034 0.999263
0 0.931252 0.260933 0.935319 0.131136 0.825729 0.127702 0.821661 0.257499
0 0.712758 0.556644 0.714763 0.425051 0.588993 0.423135 0.586988 0.554728
0 0.830972 0.216847 0.833007 0.124754 0.770902 0.123382 0.768867 0.215474
0 0.391947 0.689569 0.392742 0.61649 0.303526 0.61552 0.302731 0.688599
0 0.999345 0.0716993 1.00105 0.00477333 0.947544 0.0034086 0.945837 0.0703345
0 0.0590621 0.706957 0.059826 0.629378 0.0032876 0.628821 0.00252361 0.7064
0 0.9319 0.32549 0.933872 0.25807 0.803867 0.254267 0.801895 0.321687
0 -0.000702675 0.670625 0.0422805 0.670393 0.0416747 0.558162 -0.00130848 0.558394
0 0.13293 1.00147 0.133072 0.976941 0.0155107 0.976258 0.0153682 1.00078
0 0.826547 0.0684059 0.827404 0.00370103 0.771198 0.00295724 0.770342 0.0676621
0 0.311879 0.685367 0.315388 0.499453 0.204955 0.497369 0.201446 0.683283
0 0.0384375 0.531931 0.0400668 0.430997 -0.000494803 0.430342 -0.00212414 0.531276
0 0.0254606 0.41315 0.0272114 0.325415 0.000252846 0.324877 -0.00149795 0.412612
0 0.829769 0.0992855 0.830472 0.00427778 0.768815 0.00382147 0.768112 0.0988292
0 0.818748 0.289303 0.820848 0.236617 0.76983 0.234585 0.767731 0.28727
