0 0.142785 0.910225 0.18066 0.857543 0.0697166 0.777781 0.031841 0.830463
0 0.280183 1.00277 0.324945 0.943266 0.216595 0.861763 0.171833 0.921269
0 0.672947 0.955354 0.743932 0.895361 0.652157 0.786771 0.581173 0.846764
0 0.683628 0.595122 0.731151 0.521913 0.677195 0.486887 0.629671 0.560095
0 0.381015 0.700218 0.427989 0.629309 0.237815 0.503329 0.190841 0.574238
0 0.751054 1.05556 0.808373 0.988988 0.706688 0.901431 0.649368 0.968
0 0.469416 0.738942 0.508655 0.663335 0.424982 0.619911 0.385743 0.695518
0 0.968439 0.860502 1.01194 0.808274 0.903262 0.717753 0.85976 0.769981
0 0.62896 0.842883 0.734666 0.74839 0.682987 0.690578 0.577281 0.785072
0 0.317995 0.0752766 0.35503 0.0157127 0.259214 -0.0438619 0.222179 0.015702
0 0.495406 0.382803 0.550395 0.32365 0.450669 0.230943 0.395679 0.290096
0 0.554302 0.616 0.583527 0.544302 0.438791 0.485306 0.409566 0.557004
0 0.80737 0.128426 0.822718 0.0488034 0.663618 0.018136 0.64827 0.0977587
0 0.855925 0.765453 0.905379 0.715566 0.826593 0.637465 0.777139 0.687352
0 0.769266 0.690909 0.820036 0.642377 0.71804 0.535678 0.66727 0.58421
0 0.369551 1.03428 0.392162 0.982411 0.308153 0.94579 0.285543 0.997658
0 0.995856 0.241193 1.01276 0.131177 0.947498 0.12115 0.930594 0.231165
0 1.00279 0.615296 1.01976 0.556908 0.975586 0.544064 0.95861 0.602451
0 1.0016 0.455245 1.00613 0.358921 0.958563 0.356687 0.95404 0.453011
0 0.972754 0.464041 0.996798 0.395757 0.901004 0.362026 0.87696 0.430311
0 0.00165542 0.739619 0.0519056 0.739197 0.0510116 0.632915 0.000761444 0.633337
0 0.996885 0.39628 1.03981 0.260144 0.947833 0.231142 0.904907 0.367278
0 0.0138354 0.235875 0.0153831 0.170001 0.00116166 0.169667 -0.000386075 0.235541
0 1.00181 0.885444 1.02634 0.826445 0.97093 0.803405 0.946399 0.862404
