0 0.418319 0.197516 0.469991 0.145053 0.406302 0.0823252 0.35463 0.134789
0 0.194713 0.963593 0.236132 0.891013 0.101018 0.813909 0.0595997 0.886488
0 0.35196 0.135819 0.408715 0.080064 0.338775 0.00887182 0.282021 0.0646273
0 0.545591 0.328237 0.606624 0.264712 0.469968 0.133416 0.408935 0.19694
0 0.921467 0.0647345 0.921611 -0.00174518 0.823968 -0.00195638 0.823824 0.0645233
0 0.936152 0.846911 0.984501 0.769534 0.92708 0.733654 0.878731 0.811031
0 0.631626 0.95253 0.678562 0.880377 0.49929 0.763762 0.452355 0.835915
0 0.284712 0.0718086 0.339682 0.0152058 0.284833 -0.0380599 0.229864 0.018543
0 0.997197 0.390326 1.01471 0.272362 0.916206 0.257735 0.898691 0.3757
0 0.991368 0.919168 1.05047 0.854379 0.975001 0.785538 0.915901 0.850327
0 0.553728 0.327624 0.605119 0.267734 0.52192 0.196341 0.470529 0.25623
0 0.804403 0.866998 0.834017 0.794326 0.688715 0.735115 0.659101 0.807787
0 0.0222194 0.44723 0.0381136 0.364779 -0.00240951 0.356968 -0.0183037 0.439418
0 0.719246 0.988329 0.758716 0.913117 0.675389 0.869388 0.635919 0.9446
0 0.744341 0.633423 0.799629 0.574232 0.700773 0.481892 0.645484 0.541083
0 0.0261 0.336189 0.037438 0.274631 -0.00201172 0.267365 -0.0133496 0.328923
0 0.474068 0.256526 0.533031 0.194227 0.475721 0.139986 0.416758 0.202285
0 0.0145471 0.972814 0.0303697 0.924255 -0.000297636 0.914262 -0.0161202 0.962822
0 0.146684 0.458011 0.163865 0.407468 0.0341105 0.363362 0.0169301 0.413905
0 0.897694 0.353763 0.918772 0.256484 0.833247 0.237953 0.812169 0.335232
0 0.237984 0.264152 0.257522 0.168607 0.0836231 0.133047 0.0640857 0.228592
0 0.000765777 0.817472 0.0225598 0.817335 0.0222248 0.764144 0.000430786 0.764281
