0 0.776165 0.947397 0.879358 0.866004 0.803939 0.812218 0.700746 0.893611
0 0.400204 0.877428 0.491474 0.821936 0.306352 0.650668 0.215082 0.706161
0 0.71382 1.00735 0.786586 0.936003 0.70038 0.886545 0.627614 0.957887
0 0.228265 0.707564 0.32586 0.647609 0.206092 0.537944 0.108497 0.597898
0 0.0876699 0.936677 0.124845 0.869542 0.0390718 0.842825 0.00189646 0.90996
0 0.244208 0.345208 0.308886 0.271704 0.237419 0.236331 0.172742 0.309836
0 0.98817 0.0981234 0.997068 -0.00649056 0.864045 -0.0128543 0.855147 0.0917596
0 0.0140475 0.896755 0.0539629 0.835995 0.00264103 0.81703 -0.0372744 0.877791
0 0.87094 0.853279 0.987458 0.718211 0.914939 0.683022 0.798422 0.81809
0 0.166575 0.59664 0.314272 0.498681 0.24567 0.4405 0.0979738 0.538459
0 0.707801 0.687373 0.77097 0.641549 0.6463 0.544879 0.583131 0.590703
0 0.991447 0.726042 1.0538 0.646036 0.976964 0.612355 0.914613 0.692361
0 0.607688 0.599335 0.668267 0.552027 0.550588 0.467264 0.490009 0.514573
0 0.477523 0.51722 0.543469 0.467614 0.43503 0.386524 0.369084 0.43613
0 0.608519 0.20399 0.633526 0.132206 0.529395 0.111801 0.504388 0.183585
0 0.352877 0.43465 0.419608 0.386342 0.290655 0.286143 0.223923 0.334451
0 0.277682 1.03136 0.305237 0.958902 0.187946 0.933813 0.160391 1.00628
0 0.856288 0.85244 0.929485 0.791779 0.875321 0.755016 0.802125 0.815677
0 0.609407 0.0268779 0.6136 -0.00263625 0.525255 -0.00969607 0.521062 0.0198181
0 0.524666 0.541213 0.575478 0.4851 0.496881 0.445066 0.446069 0.501179
0 0.0395735 0.827122 0.042324 0.764482 -0.00164569 0.763396 -0.00439623 0.826036
