0 0.881002 0.250891 0.92098 0.144318 0.852207 0.118519 0.812229 0.225092
0 0.630484 0.943469 0.661185 0.823356 0.584031 0.803635 0.55333 0.923747
0 0.972296 0.956874 0.977153 0.801079 0.857805 0.797358 0.852948 0.953152
0 0.841383 0.610946 0.848478 0.456829 0.730784 0.451411 0.723689 0.605528
0 0.35729 0.884941 0.374246 0.802729 0.184678 0.763633 0.167722 0.845845
0 0.933063 0.275515 0.980928 0.17706 0.920683 0.147771 0.872818 0.246226
0 0.555949 0.738147 0.600938 0.663079 0.463009 0.580417 0.41802 0.655484
0 0.418276 0.691274 0.462802 0.607365 0.31885 0.530977 0.274324 0.614886
0 0.620236 0.531946 0.624167 0.38345 0.506639 0.380339 0.502708 0.528835
0 0.79287 0.211646 0.827932 0.0797391 0.74811 0.0585223 0.713049 0.19043
0 0.61761 0.996356 0.628322 0.93647 0.560403 0.924322 0.549692 0.984208
0 0.332498 0.304742 0.381646 0.136689 0.266464 0.103003 0.217316 0.271057
0 0.519288 0.925369 0.532061 0.845864 0.355783 0.817544 0.34301 0.897049
0 0.816932 1.00323 0.932185 1.00218 0.931787 0.958505 0.816535 0.959554
0 1.0116 0.358052 1.02805 0.216181 0.959263 0.208206 0.942814 0.350077
0 0.112218 0.327809 0.122315 0.245604 0.0295939 0.234216 0.019497 0.31642
0 0.731433 0.185781 0.771026 0.0529814 0.683669 0.026937 0.644076 0.159736
0 0.322902 0.300185 0.349966 0.219341 0.245171 0.184258 0.218107 0.265102
0 0.0603746 0.42908 0.0808264 0.343577 0.00462911 0.325351 -0.0158227 0.410854
0 0.606457 1.01369 0.611668 0.976337 0.536046 0.965785 0.530835 1.00314
0 0.972821 0.994976 1.00186 0.994468 1.00027 0.903831 0.971235 0.904339
0 0.0980822 0.143541 0.139095 0.0147538 0.0706292 -0.00704956 0.0296162 0.121738
0 0.00946708 1.00229 0.102853 1.00116 0.10261 0.981257 0.00922465 0.982395
0 0.104554 1.00154 0.180018 0.999363 0.178669 0.952576 0.103204 0.954752
0 0.628351 0.940631 0.645912 0.869858 0.572961 0.851756 0.5554 0.92253
0 0.435435 0.910273 0.448018 0.82345 0.367371 0.811761 0.354788 0.898585
0 0.0166422 0.347086 0.0174431 0.272719 -0.00127396 0.272518 -0.00207491 0.346884
0 0.13161 0.277877 0.201352 0.0921443 0.105936 0.0563158 0.0361941 0.242048
0 0.508685 0.920519 0.530371 0.863268 0.447273 0.831791 0.425587 0.889041
