0 0.244186 0.704183 0.250366 0.591623 0.0863228 0.586557 0.0801436 0.699117
0 0.283338 0.31678 0.293901 0.165992 0.145519 0.160145 0.134956 0.310933
0 0.489331 0.240814 0.618379 0.21668 0.596454 0.150735 0.467405 0.174869
0 0.513231 0.690779 0.655359 0.672434 0.6209 0.522266 0.478772 0.540611
0 0.337388 0.161242 0.346608 0.0102178 0.201997 0.00525223 0.192777 0.156276
0 0.530125 0.853219 0.652153 0.849755 0.643485 0.677972 0.521457 0.681436
0 0.151649 1.01626 0.311211 0.922793 0.251584 0.865532 0.0920221 0.958995
0 0.906006 0.328102 1.02167 0.287621 0.854024 0.0181729 0.738357 0.0586543
0 0.458518 0.566917 0.595144 0.543667 0.510501 0.263882 0.373875 0.287131
0 0.74917 0.059603 0.87808 0.0312297 0.855965 -0.0252876 0.727055 0.00308575
0 0.305882 0.600491 0.315304 0.465021 0.0324944 0.453957 0.0230728 0.589427
0 0.299317 0.606886 0.319001 0.476165 0.22427 0.468141 0.204586 0.598862
0 0.928479 0.287407 0.98715 0.270417 0.940588 0.17997 0.881916 0.19696
0 0.137843 0.583824 0.143534 0.452802 0.0225071 0.449845 0.0168169 0.580868
0 0.966398 0.856132 1.03413 0.801386 0.920526 0.722326 0.852794 0.777072
0 0.326435 1.00111 0.45729 0.998656 0.455254 0.937481 0.3244 0.93993
0 0.53336 0.842907 0.602371 0.837885 0.587223 0.720783 0.518212 0.725804
0 0.0304413 0.578134 0.0346499 0.442733 -8.1473e-05 0.442126 -0.00429001 0.577526
