0 0.459936 0.634796 0.501137 0.550381 0.388869 0.519558 0.347668 0.603974
0 0.791551 0.69482 0.880983 0.578186 0.755316 0.523985 0.665885 0.640619
0 0.493868 0.97064 0.539042 0.873407 0.416148 0.84129 0.370974 0.938524
0 0.552737 0.494852 0.59602 0.410067 0.496478 0.381482 0.453194 0.466268
0 0.514507 0.561775 0.548528 0.478926 0.436456 0.453039 0.402435 0.535888
0 0.881647 0.980695 0.924382 0.913347 0.811252 0.872967 0.768516 0.940315
0 0.422461 0.701493 0.439218 0.611019 0.325022 0.599122 0.308265 0.689596
0 0.390464 0.92914 0.428708 0.839318 0.31929 0.813112 0.281046 0.902934
0 0.617055 0.268844 0.665024 0.195264 0.601731 0.172053 0.553761 0.245633
0 0.885606 0.594015 0.965491 0.485317 0.82202 0.426007 0.742134 0.534705
0 0.936941 0.896128 0.992988 0.824838 0.821578 0.749036 0.765531 0.820326
0 0.957787 0.501004 1.05137 0.384999 0.92041 0.325576 0.82683 0.441582
0 0.572187 1.01737 0.616763 0.925469 0.513535 0.897305 0.468958 0.989205
0 0.568741 0.247933 0.604451 0.169284 0.493028 0.140827 0.457318 0.219476
0 0.711951 0.790546 0.788235 0.675726 0.690491 0.639198 0.614208 0.754019
0 0.219964 0.452751 0.32978 0.313185 0.095558 0.209519 -0.0142578 0.349085
0 0.249347 0.170701 0.289012 0.0975171 0.225115 0.0780372 0.185451 0.151221
0 0.745147 0.32368 0.823579 0.212808 0.706124 0.16607 0.627692 0.276942
0 0.700171 1.04273 0.732984 0.955439 0.602027 0.927748 0.569214 1.01504
0 0.944361 0.0750793 0.96436 0.000561092 0.767164 -0.0292094 0.747164 0.0453089
0 0.832843 1.02287 0.873015 0.970973 0.776926 0.929138 0.736754 0.98104
0 0.195767 0.156529 0.261699 0.0739055 0.0819109 -0.00679601 0.015978 0.0758277
0 1.00611 0.103993 1.02394 0.0122488 0.948806 0.00403724 0.93098 0.0957818
0 0.67957 0.424 0.754339 0.300909 0.625556 0.256907 0.550787 0.379998
0 0.294041 0.893091 0.388818 0.740138 0.252165 0.692508 0.157389 0.845461
0 0.193341 0.152431 0.23919 0.0734075 0.12677 0.0367181 0.0809211 0.115741
0 0.377544 0.176282 0.391319 0.130902 0.312297 0.11741 0.298522 0.162789
0 0.188812 0.517894 0.24958 0.434938 -0.00555416 0.32981 -0.0663223 0.412766
0 0.768308 1.02593 0.808006 0.985496 0.744955 0.950674 0.705256 0.991107
0 1.00357 0.372876 1.01662 0.302873 0.959263 0.296855 0.946206 0.366858
0 0.922639 0.916037 0.954538 0.862829 0.852434 0.828397 0.820535 0.881606
0 0.479832 0.207319 0.504526 0.149487 0.385497 0.120897 0.360802 0.178729
0 0.732882 0.884309 0.767112 0.819278 0.682254 0.794153 0.648024 0.859183
0 0.326798 0.802582 0.361711 0.726596 0.250816 0.697935 0.215903 0.773921
0 0.766169 0.030668 0.769054 -0.00516881 0.700794 -0.00826059 0.697908 0.0275762
0 0.189906 0.0289527 0.19216 -0.00062881 0.0981802 -0.00465857 0.0959252 0.0249229
0 0.911053 0.55601 0.960258 0.48739 0.827177 0.433712 0.777973 0.502333
0 0.969468 1.00271 1.00038 1.00271 1.00038 0.970144 0.969462 0.970148
0 0.968409 0.49168 0.997738 0.438729 0.884002 0.403295 0.854674 0.456246
0 0.305907 0.160078 0.32019 0.111609 0.272591 0.103719 0.258308 0.152188
0 0.784436 0.823165 0.833448 0.753692 0.745909 0.718953 0.696896 0.788426
0 0.27056 0.0359779 0.272334 -0.00744332 0.191401 -0.00930282 0.189628 0.0341184
0 0.299204 0.716679 0.329586 0.660838 0.214484 0.625611 0.184102 0.681452
0 0.881706 0.589261 0.911115 0.537854 0.80086 0.502374 0.771451 0.553781
