0 0.33833 0.140163 0.33949 -0.000773276 0.233516 -0.00232459 0.232355 0.138612
0 0.431382 0.813967 0.432878 0.615731 0.317263 0.614181 0.315767 0.812416
0 0.130987 0.591476 0.161265 0.432074 0.0838629 0.405936 0.0535848 0.565338
0 0.472703 0.604323 0.474263 0.406212 0.356923 0.40457 0.355364 0.60268
0 0.714797 1.00599 0.71555 0.88497 0.607529 0.883776 0.606776 1.0048
0 0.795504 0.653821 0.80094 0.45952 0.693002 0.454152 0.687566 0.648452
0 0.753101 0.881946 0.762196 0.67623 0.652511 0.667609 0.643416 0.873325
0 0.0770622 0.877836 0.0923242 0.782826 0.0102796 0.759396 -0.00498234 0.854406
0 0.868148 0.990532 0.963008 0.960115 0.946128 0.866531 0.851269 0.896949
0 0.0569193 0.310692 0.0981421 0.207064 -0.00228895 0.13604 -0.0435118 0.239669
0 1.00182 0.215539 1.01742 0.131981 0.911368 0.0967922 0.895772 0.18035
0 0.0607645 0.990133 0.0755065 0.86516 0.000552916 0.849441 -0.0141891 0.974414
0 0.105933 0.726761 0.115133 0.644003 0.0398111 0.629117 0.0306114 0.711876
0 0.11809 0.658943 0.128343 0.583174 0.0588029 0.566445 0.04855 0.642214
0 0.383648 0.990923 0.388502 0.835526 0.276274 0.829293 0.271419 0.98469
0 0.69618 0.383761 0.699174 0.181207 0.594868 0.178467 0.591874 0.38102
0 0.093153 0.798525 0.103208 0.723269 0.0337901 0.706779 0.0237347 0.782036
0 0.908314 0.0525981 0.915193 0.0011383 0.824955 -0.020309 0.818075 0.0311508
0 0.0129219 0.0583604 0.123867 0.0550023 0.122864 -0.00390596 0.0119189 -0.000547954
0 0.591465 0.364947 0.655764 0.363347 0.653693 0.215437 0.589394 0.217037
0 0.971398 0.492045 1.00529 0.490194 1.0019 0.379881 0.968008 0.381732
0 0.128121 0.587192 0.142879 0.507429 0.0703814 0.483582 0.0556231 0.563345
0 1.00568 0.145006 1.02077 0.0717708 0.930487 0.0386873 0.915391 0.111923
0 0.641277 0.36288 0.702915 0.36233 0.701966 0.17323 0.640328 0.17378
0 0.0536243 1.00446 0.0602057 0.932124 0.000898486 0.922532 -0.00568293 0.994871
0 0.0280132 0.560635 0.0293834 0.45553 -0.00213064 0.4548 -0.00350083 0.559905
