0 0.830061 0.565634 0.830739 0.482852 0.748484 0.482177 0.747805 0.564959
0 0.534194 0.992161 0.534288 0.93876 0.483731 0.938671 0.483637 0.992072
0 0.0761108 0.816389 0.1928 0.78531 0.172096 0.707575 0.0554072 0.738653
0 0.390745 0.825957 0.476299 0.824151 0.474661 0.746614 0.389108 0.74842
0 0.746483 0.701026 0.865748 0.677837 0.853898 0.61689 0.734634 0.640079
0 0.104691 0.956588 0.238452 0.915928 0.211923 0.828655 0.0781621 0.869315
0 0.64807 0.728061 0.768404 0.703463 0.755135 0.63855 0.6348 0.663147
0 0.269304 0.76595 0.275895 0.682677 0.190773 0.67594 0.184182 0.759213
0 0.929684 0.987977 0.929896 0.924568 0.85591 0.92432 0.855697 0.98773
0 0.758775 1.01158 0.868842 0.994924 0.858817 0.928673 0.74875 0.945328
0 0.172754 0.0655349 0.173491 -0.00268489 0.088524 -0.00360278 0.087787 0.064617
0 1.0011 0.980326 1.00138 0.904484 0.923431 0.904197 0.923152 0.980039
0 0.847629 0.689919 0.934586 0.689694 0.934367 0.605284 0.847411 0.605509
0 0.633656 0.396953 0.807544 0.266089 0.765028 0.209596 0.591141 0.34046
0 0.284241 0.620863 0.295007 0.561312 0.216416 0.547104 0.205651 0.606655
0 0.834632 0.559384 0.938976 0.517184 0.905849 0.435274 0.801504 0.477475
0 0.555593 0.795714 0.556881 0.717086 0.470439 0.715671 0.469152 0.794299
0 0.923891 0.67997 1.00568 0.679885 1.00558 0.586506 0.923794 0.586591
0 0.234633 0.912259 0.288181 0.89469 0.257407 0.800892 0.203859 0.81846
0 0.54021 0.779372 0.617824 0.778296 0.616533 0.685159 0.538919 0.686236
0 0.629578 0.617492 0.769691 0.563486 0.748651 0.5089 0.608538 0.562906
0 0.332138 0.724483 0.419353 0.68726 0.393324 0.626272 0.306108 0.663494
0 0.123511 0.995097 0.206041 0.98345 0.198728 0.931635 0.116199 0.943282
0 0.0555847 0.687949 0.0650634 0.622262 -0.000825707 0.612755 -0.0103044 0.678441
0 -0.00361097 0.827285 0.0831083 0.826939 0.0827359 0.733685 -0.00398334 0.734031
0 0.592287 0.867583 0.598977 0.805448 0.533619 0.79841 0.526928 0.860545
0 0.406786 0.686491 0.493944 0.642872 0.467572 0.590176 0.380414 0.633794
0 0.489037 0.66521 0.572842 0.62479 0.535218 0.546781 0.451412 0.587202
0 0.664177 1.01068 0.767654 0.999747 0.762771 0.953549 0.659294 0.964486
0 0.852542 0.268667 0.954695 0.0635741 0.887263 0.0299876 0.78511 0.235081
0 0.133679 0.704749 0.144297 0.642592 0.0494963 0.626398 0.0388785 0.688555
0 0.262658 1.0068 0.323398 1.00641 0.323111 0.960728 0.262371 0.96111
0 0.184619 0.718176 0.194519 0.658168 0.128814 0.647328 0.118914 0.707336
0 0.0814695 0.563478 0.0957469 0.50186 0.0109758 0.482217 -0.00330166 0.543836
0 0.159199 0.581893 0.172111 0.520624 0.0867797 0.502641 0.0738674 0.56391
0 0.214577 0.603358 0.233294 0.542845 0.145771 0.515773 0.127054 0.576287
0 0.915342 0.399739 1.0387 0.332181 1.00077 0.262923 0.877411 0.330481
0 -0.00493422 1.00098 0.0476382 1.00034 0.0464769 0.905187 -0.0060955 0.905829
0 0.443111 0.914018 0.445446 0.857669 0.386148 0.855212 0.383814 0.911561
0 0.272413 0.860901 0.319884 0.846831 0.298945 0.776179 0.251473 0.790249
0 0.442918 0.908625 0.540167 0.873768 0.51972 0.816724 0.422471 0.851581
0 0.390232 0.931646 0.394052 0.876623 0.338609 0.872774 0.33479 0.927797
0 0.43061 1.00348 0.48906 1.00243 0.488168 0.952784 0.429718 0.953834
0 0.441139 1.02192 0.442525 0.924874 0.320132 0.923126 0.318746 1.02017
0 0.0464939 0.256519 0.0680021 0.021177 -0.0125814 0.0138124 -0.0340895 0.249154
0 0.108839 0.28142 0.126468 0.174962 0.0767139 0.166723 0.0590853 0.273181
0 0.0464031 0.313419 0.0528091 0.133665 -0.00303672 0.131675 -0.00944277 0.311429
0 0.135358 1.01363 0.22497 0.996929 0.219278 0.966392 0.129666 0.983097
0 0.512877 0.329213 0.784663 0.0579341 0.58625 -0.14085 0.314464 0.130429
0 0.916818 0.519257 0.997512 0.517034 0.995097 0.429372 0.914403 0.431595
0 -0.00103449 0.844672 0.019895 0.844121 0.0180709 0.774808 -0.00285861 0.775359
0 0.79787 0.281796 0.841387 0.244946 0.791187 0.185664 0.747671 0.222514
0 0.774657 0.922242 0.778818 0.821585 0.652115 0.816347 0.647954 0.917004
0 0.32972 1.01521 0.377632 0.995299 0.352184 0.934066 0.304272 0.953977
0 0.844313 0.246815 0.876015 0.180414 0.819103 0.153242 0.787401 0.219642
