0 0.573144 0.186025 0.625183 0.077029 0.526637 0.0505631 0.474597 0.159559
0 0.241473 0.86091 0.243568 0.711674 0.0906824 0.710467 0.0885882 0.859703
0 0.296785 0.703827 0.299251 0.554505 0.142344 0.553048 0.139879 0.70237
0 0.619712 1.00452 0.620713 0.913713 0.476797 0.912821 0.475796 1.00363
0 0.727304 0.740459 0.734616 0.594612 0.590736 0.590554 0.583423 0.736401
0 0.670798 0.911455 0.682907 0.757171 0.536616 0.750712 0.524507 0.904997
0 0.659392 0.21347 0.713915 0.112213 0.61939 0.0835826 0.564867 0.18484
0 0.359848 0.11475 0.415053 0.00412052 0.312414 -0.0246892 0.25721 0.0859398
0 0.455998 0.13884 0.495198 0.0406085 0.398689 0.0189451 0.359489 0.117176
0 -0.00129201 0.359292 0.128871 0.356281 0.122089 0.191347 -0.00807446 0.194358
0 0.824196 0.992897 0.950684 0.970084 0.928179 0.899895 0.80169 0.922709
0 0.179622 0.998179 0.185213 0.876203 0.03248 0.872265 0.0268885 0.994241
0 1.01138 0.410806 1.03391 0.305808 0.887335 0.288115 0.864803 0.393113
0 0.600851 0.535186 0.602669 0.384828 0.459214 0.383852 0.457395 0.53421
0 0.99714 0.413845 1.02296 0.35178 0.888743 0.320372 0.862923 0.382436
0 0.889251 0.290826 0.915469 0.188184 0.744568 0.163629 0.71835 0.266271
0 0.539534 0.523204 0.552636 0.416202 0.456313 0.409568 0.443211 0.516569
0 0.960863 0.615088 1.00837 0.613978 1.00513 0.535799 0.957615 0.536909
0 0.520559 0.52326 0.603204 0.523253 0.603183 0.379178 0.520538 0.379185
0 0.870048 0.294366 0.912784 0.202809 0.822711 0.17916 0.779975 0.270717
0 0.925883 0.0931248 1.00379 0.0917441 1.00084 -0.00175311 0.922937 -0.000372485
0 0.979782 0.259071 1.00165 0.258981 1.00103 0.173954 0.979157 0.174044
