0 0.391937 0.498912 0.44566 0.380833 0.373572 0.348035 0.31985 0.466114
0 0.318589 0.469726 0.375263 0.354615 0.298635 0.316887 0.24196 0.431998
0 0.756173 0.340232 0.951983 0.288183 0.923185 0.179843 0.727374 0.231892
0 0.621689 0.601565 0.671459 0.484867 0.588512 0.449491 0.538741 0.566189
0 0.955192 0.91817 1.0225 0.743034 0.920468 0.70382 0.853159 0.878957
0 0.898473 0.518017 1.00361 0.516261 1.00168 0.400693 0.896542 0.40245
0 0.27207 0.418692 0.287404 0.306169 0.191179 0.293056 0.175845 0.405579
0 0.479573 0.20563 0.548667 0.140796 0.471685 0.0587569 0.402592 0.123592
0 0.5925 0.359976 0.781005 0.2986 0.746134 0.191502 0.55763 0.252877
0 0.542545 0.56219 0.593166 0.447566 0.51556 0.413294 0.46494 0.527918
0 0.583885 0.177909 0.639267 0.082525 0.530537 0.019395 0.475156 0.114779
0 0.465496 0.53171 0.517367 0.413285 0.443328 0.380855 0.391457 0.499281
0 0.469471 1.05434 0.510552 0.846303 0.343759 0.813367 0.302678 1.02141
0 0.129082 0.879163 0.185364 0.676982 0.0887138 0.650077 0.0324316 0.852258
0 0.941575 0.954352 1.00322 0.954162 1.0028 0.818347 0.941157 0.818536
0 0.658601 1.05455 0.693135 0.83051 0.50626 0.801704 0.471726 1.02574
0 0.17508 1.04846 0.286962 0.792997 0.15632 0.735781 0.044438 0.991243
0 0.14118 0.090394 0.27829 0.086283 0.27566 -0.00144564 0.13855 0.00266532
0 0.893269 0.807913 0.914339 0.573926 0.695292 0.554201 0.674222 0.788188
0 0.259997 0.0658672 0.26548 -0.0284621 0.154206 -0.0349297 0.148723 0.0593996
0 1.00499 0.676724 1.00886 0.594336 0.961817 0.592128 0.95795 0.674516
0 1.01098 0.954116 1.03155 0.815234 0.96538 0.80543 0.944803 0.944311
0 0.145674 1.00426 0.14663 0.96578 0.0546426 0.963495 0.0536863 1.00198
0 1.00119 0.181245 1.00148 0.112533 0.973758 0.112413 0.973462 0.181126
