0 0.605407 0.677254 0.606063 0.597246 0.513938 0.59649 0.513282 0.676498
0 0.52313 0.732348 0.614321 0.731407 0.613718 0.672979 0.522527 0.673921
0 0.827087 0.336018 0.847383 0.292191 0.752265 0.248142 0.731969 0.291968
0 0.519785 0.881315 0.626167 0.88011 0.625273 0.801102 0.51889 0.802306
0 0.47993 0.203963 0.496315 0.112006 0.361808 0.0880397 0.345423 0.179997
0 0.517846 0.805228 0.616145 0.803676 0.614933 0.726841 0.516633 0.728392
0 0.799512 0.386596 0.823767 0.330384 0.726845 0.288563 0.70259 0.344774
0 0.418649 0.775927 0.425212 0.715163 0.347817 0.706804 0.341254 0.767568
0 0.940536 0.328849 0.956018 0.271071 0.853611 0.24363 0.838129 0.301407
0 0.636888 0.611657 0.750244 0.610529 0.749326 0.518255 0.63597 0.519383
0 0.346585 1.0227 0.365768 0.920489 0.283791 0.905103 0.264608 1.00731
0 0.332053 0.691667 0.375227 0.485042 0.205284 0.449533 0.16211 0.656158
0 0.0853376 0.948339 0.103452 0.866005 0.0379046 0.851584 0.0197906 0.933918
0 0.511934 1.00634 0.517433 0.951802 0.440559 0.944052 0.435061 0.998591
0 0.24051 0.9927 0.250896 0.903432 0.152705 0.892008 0.142319 0.981276
0 0.464478 0.672348 0.474897 0.580724 0.38154 0.570107 0.371121 0.661732
0 0.144721 0.971861 0.166234 0.884202 0.101993 0.868436 0.080479 0.956095
0 0.41751 0.898935 0.426651 0.824052 0.308535 0.809634 0.299394 0.884517
0 0.481713 0.587444 0.495987 0.481247 0.409672 0.469645 0.395398 0.575842
0 0.433036 0.714366 0.442107 0.667955 0.366648 0.653208 0.357578 0.699618
0 0.434676 0.829178 0.440606 0.772487 0.325082 0.760402 0.319152 0.817093
0 0.188222 0.160959 0.204288 0.0830051 0.124308 0.0665222 0.108243 0.144476
0 0.312553 0.0781346 0.360876 -0.00348788 0.318284 -0.0287028 0.269962 0.0529197
0 0.593198 0.597993 0.595532 0.497642 0.4988 0.495392 0.496465 0.595743
0 0.431977 0.724437 0.439962 0.685313 0.366325 0.670285 0.35834 0.709409
0 0.748287 0.148339 0.807541 0.0485501 0.748521 0.013505 0.689268 0.113294
0 0.264886 0.879267 0.311027 0.699455 0.243714 0.682182 0.197573 0.861994
0 0.0975735 0.171096 0.150393 0.0442421 0.0629927 0.00785013 0.010173 0.134704
0 0.800956 0.456796 0.826608 0.396394 0.694056 0.3401 0.668404 0.400502
0 0.360549 0.472008 0.392246 0.27007 0.223034 0.24351 0.191338 0.445448
0 0.369288 0.102762 0.419355 0.00466963 0.364924 -0.0231127 0.314857 0.0749792
0 0.838438 0.290613 0.862899 0.234384 0.772969 0.195262 0.748508 0.251491
0 0.69475 0.300775 0.711783 0.217431 0.613119 0.197266 0.596085 0.28061
0 0.235189 0.167501 0.266638 0.08849 0.212741 0.0670374 0.181292 0.146048
0 0.92164 0.691974 0.96904 0.614291 0.854248 0.544247 0.806847 0.62193
0 0.589304 0.231929 0.627111 0.103353 0.546177 0.0795545 0.508369 0.208131
0 0.66774 0.84699 0.757191 0.846228 0.756637 0.781251 0.667185 0.782014
0 0.752637 0.48494 0.77388 0.43946 0.672397 0.39206 0.651155 0.43754
0 0.280355 0.0534139 0.304613 -0.00538365 0.256392 -0.0252782 0.232134 0.0335194
0 0.721911 0.238403 0.748104 0.170775 0.625202 0.123175 0.59901 0.190802
0 0.337717 0.176359 0.346678 0.0947739 0.246703 0.0837921 0.237741 0.165378
0 0.438304 1.01069 0.444968 0.938128 0.352408 0.929628 0.345743 1.00219
0 0.110746 0.819681 0.129258 0.720747 0.050434 0.705998 0.0319218 0.804932
0 0.500252 0.126178 0.527712 0.0436747 0.40413 0.00254264 0.37667 0.0850456
0 0.708213 0.106229 0.717159 0.0459425 0.660857 0.0375876 0.651911 0.0978739
0 1.00825 0.936164 1.04065 0.79958 0.916111 0.770042 0.883715 0.906626
0 0.662536 0.0770993 0.674229 -0.00426887 0.570216 -0.0192161 0.558523 0.0621521
0 0.632698 0.948256 0.634094 0.879898 0.518665 0.877541 0.517269 0.945898
0 0.209292 0.844698 0.222658 0.743659 0.115657 0.729504 0.102291 0.830543
0 0.175586 0.0688839 0.199807 0.00295634 0.0992046 -0.0340036 0.0749836 0.0319239
0 0.792068 0.0654014 0.827791 0.0015655 0.769893 -0.0308338 0.734171 0.0330021
0 0.0294731 0.925903 0.0453138 0.84172 -0.00612084 0.832042 -0.0219616 0.916225
0 0.765292 0.795263 0.778478 0.698914 0.663496 0.683178 0.65031 0.779527
0 0.652062 0.709408 0.80099 0.701465 0.795517 0.598853 0.646589 0.606796
0 0.633011 1.01227 0.635714 0.972152 0.516153 0.964096 0.51345 1.00421
0 0.77845 0.999151 0.781317 0.891682 0.67713 0.888902 0.674262 0.996371
0 0.436601 0.694213 0.442256 0.666219 0.368193 0.651256 0.362538 0.67925
0 0.0455213 0.999694 0.0458545 0.962792 0.00184957 0.962394 0.0015163 0.999297
0 0.726285 0.528948 0.746145 0.467221 0.649242 0.436045 0.629383 0.497772
0 0.223062 1.00604 0.224507 0.980234 0.177204 0.977586 0.17576 1.00339
0 0.53701 0.423793 0.583388 0.294948 0.500656 0.265169 0.454279 0.394015
0 0.0470568 0.798698 0.0716686 0.706096 0.0237277 0.693354 -0.000884186 0.785957
0 1.00149 0.75242 1.0323 0.636054 0.975504 0.621016 0.944692 0.737382
0 0.204617 0.845649 0.218342 0.750175 0.168347 0.742988 0.154622 0.838462
0 0.744634 0.88883 0.747935 0.846796 0.648332 0.838975 0.645031 0.881009
0 0.0265655 0.777335 0.0291238 0.682359 0.00137442 0.681612 -0.00118384 0.776587
0 0.551914 0.214978 0.581959 0.0948093 0.54173 0.0847509 0.511684 0.20492
0 0.871848 0.407574 0.884206 0.354881 0.829675 0.342092 0.817317 0.394785
0 1.002 0.808222 1.01064 0.758907 0.974368 0.752554 0.96573 0.801869
0 0.345985 0.177638 0.35762 0.115572 0.319589 0.108442 0.307954 0.170509
0 1.00095 1.00284 1.00127 0.976199 0.969343 0.975819 0.969026 1.00246
0 0.347811 0.176888 0.355879 0.108712 0.29745 0.101797 0.289381 0.169973
0 0.759211 0.744919 0.825029 0.728669 0.813816 0.683253 0.747999 0.699503
0 0.0456071 0.0551694 0.0472501 0.00174264 -0.00013314 0.000285473 -0.00177616 0.0537122
0 0.309704 0.479521 0.315507 0.42251 0.252965 0.416145 0.247162 0.473156
0 0.0394402 0.369136 0.0410835 0.286847 -0.00198212 0.285987 -0.00362534 0.368276
0 -0.000833016 0.080791 0.0278636 0.0807657 0.0278058 0.0152778 -0.000890728 0.0153031
0 0.564426 1.00691 0.568741 0.967131 0.514301 0.961226 0.509986 1.001
0 0.0245537 0.611234 0.0248789 0.537156 -0.0030058 0.537033 -0.00333108 0.611112
