0 0.579298 0.173168 0.839996 0.0637084 0.807346 -0.0140528 0.546648 0.0954072
0 0.889809 0.618852 1.02153 0.564021 0.996051 0.502822 0.864333 0.557654
0 0.875402 0.139272 0.971442 0.110867 0.935129 -0.01191 0.839089 0.016495
0 0.929481 0.258268 1.02266 0.2174 0.964697 0.0852523 0.87152 0.126121
0 0.957207 0.770322 1.03295 0.718562 0.997045 0.666029 0.921306 0.717788
0 0.340008 0.774131 0.369577 0.612387 0.219021 0.584864 0.189453 0.746608
0 0.423684 0.946428 0.520874 0.923648 0.50981 0.876444 0.41262 0.899224
0 0.170149 0.256418 0.251186 0.22205 0.17365 0.0392274 0.0926132 0.0735954
0 0.693567 1.02153 0.747382 0.994057 0.704224 0.909528 0.650409 0.937003
0 0.102457 0.516162 0.243664 0.475318 0.169097 0.217524 0.0278904 0.258367
0 0.640792 0.959784 0.721377 0.922518 0.629053 0.72287 0.548467 0.760135
0 0.468087 0.904841 0.512093 0.888194 0.477382 0.796439 0.433376 0.813086
0 0.850706 0.910863 0.923519 0.880097 0.848985 0.703704 0.776172 0.73447
0 0.321557 0.723468 0.338804 0.479021 0.14185 0.465125 0.124603 0.709572
0 0.299159 0.890773 0.383804 0.821308 0.316757 0.73961 0.232113 0.809075
0 0.279623 0.876679 0.337286 0.853512 0.302308 0.766449 0.244645 0.789616
0 0.588958 0.250747 0.658616 0.205863 0.606411 0.124842 0.536753 0.169725
0 0.767726 0.702088 0.841688 0.670784 0.752574 0.460232 0.678612 0.491536
0 0.62328 0.735495 0.666423 0.715504 0.613122 0.600472 0.569979 0.620463
0 0.644586 0.946719 0.708314 0.91399 0.648152 0.796845 0.584424 0.829574
0 0.922516 1.01623 0.973326 0.994369 0.899581 0.822985 0.848772 0.844848
0 0.593769 0.752871 0.642487 0.730193 0.587051 0.611104 0.538333 0.633782
0 0.553941 0.665402 0.636174 0.633625 0.510627 0.308734 0.428395 0.340511
0 0.932514 1.01573 0.970867 0.999882 0.943142 0.93279 0.904789 0.948639
0 0.32689 0.865695 0.39029 0.841386 0.351412 0.739984 0.288011 0.764292
0 1.00278 0.469515 1.0047 0.403803 0.937368 0.401837 0.93545 0.467549
0 0.939032 0.425524 1.03901 0.404509 1.00247 0.230696 0.902497 0.251711
0 0.694393 0.513384 0.766657 0.481824 0.639218 0.190021 0.566954 0.221581
0 0.857058 0.0199814 0.903321 0.0167339 0.901786 -0.0051348 0.855523 -0.00188728
0 0.553576 0.642412 0.586387 0.627574 0.554067 0.556109 0.521256 0.570947
0 0.713485 0.489585 0.760134 0.469549 0.700552 0.330824 0.653903 0.35086
0 0.648253 0.399922 0.717303 0.370812 0.63781 0.182248 0.56876 0.211357
