0 0.151603 0.653123 0.278005 0.630494 0.261433 0.537926 0.135032 0.560554
0 -0.00450971 0.308341 0.0654956 0.308254 0.0652651 0.123621 -0.00474028 0.123708
0 0.996583 0.298408 1.01708 0.10506 0.90441 0.0931141 0.88391 0.286461
0 0.123993 1.04266 0.23152 1.02169 0.167103 0.691517 0.0595759 0.712497
0 0.41441 0.418362 0.551402 0.3714 0.449325 0.073632 0.312333 0.120594
0 0.554686 0.745623 0.670948 0.695524 0.521721 0.349214 0.405458 0.399312
0 0.8982 0.258815 0.90791 0.130387 0.770246 0.119979 0.760537 0.248407
0 0.945254 0.640794 0.957355 0.56279 0.885614 0.551661 0.873513 0.629665
0 1.00985 0.710289 1.03029 0.569185 0.955631 0.558371 0.935192 0.699475
0 0.434522 1.00414 0.504457 1.00008 0.50176 0.953588 0.431825 0.957644
0 0.925662 0.854567 0.926997 0.76889 0.790049 0.766755 0.788713 0.852432
0 0.243999 0.053052 0.244137 -0.0142042 0.131994 -0.0144346 0.131856 0.0528216
0 -0.0023067 0.517059 0.0160613 0.517056 0.0160468 0.396621 -0.00232123 0.396623
0 -0.00218729 0.489323 0.0196816 0.489192 0.0188594 0.351592 -0.00300952 0.351723
0 0.962157 0.598662 1.02699 0.294921 0.903758 0.26862 0.838929 0.572361
