0 0.594881 0.384961 0.626142 0.300685 0.541915 0.269442 0.510654 0.353718
0 0.843849 0.444771 0.910597 0.328138 0.816288 0.274165 0.749539 0.390797
0 0.621269 0.719901 0.653438 0.622295 0.560772 0.591754 0.528603 0.689359
0 0.664402 0.244754 0.696903 0.159837 0.622718 0.131444 0.590217 0.216361
0 0.630652 0.314312 0.663942 0.23812 0.583017 0.202762 0.549727 0.278954
0 0.777449 0.792927 0.796091 0.702226 0.701963 0.682881 0.683322 0.773582
0 0.911189 0.73095 0.943072 0.662216 0.858147 0.622822 0.826263 0.691556
0 0.670836 0.77222 0.720406 0.677887 0.645878 0.638723 0.596308 0.733057
0 0.874941 0.763646 0.902845 0.723085 0.837568 0.678176 0.809663 0.718737
0 0.825534 0.82773 0.86605 0.740106 0.797792 0.708545 0.757276 0.796169
0 0.566679 0.451827 0.579632 0.36113 0.493828 0.348876 0.480876 0.439574
0 0.542179 0.67987 0.572244 0.589204 0.490162 0.561986 0.460098 0.652653
0 0.915068 0.3436 0.974003 0.235079 0.865814 0.176325 0.806879 0.284846
0 0.952612 0.646039 0.994531 0.574983 0.865952 0.499128 0.824033 0.570184
0 0.757934 0.174501 0.82444 0.0411336 0.72946 -0.00623013 0.662954 0.127137
0 0.968813 0.250887 1.03824 0.134908 0.93961 0.0758719 0.870187 0.191851
0 0.783681 0.540721 0.841346 0.425848 0.768121 0.38909 0.710457 0.503964
0 1.01242 0.932191 1.04019 0.832306 0.940809 0.804684 0.913046 0.904568
0 0.4161 0.20094 0.495324 0.0593508 0.323341 -0.0368791 0.244118 0.10471
0 0.476249 0.640919 0.539798 0.475871 0.432816 0.434679 0.369267 0.599727
0 0.808299 0.0550452 0.821142 0.00519974 0.741202 -0.0153977 0.728359 0.0344478
0 1.00238 0.122718 1.01074 0.0525137 0.967602 0.0473761 0.959241 0.117581
0 0.217268 0.339736 0.256515 0.246347 0.148925 0.201131 0.109677 0.29452
0 0.941167 0.666162 0.966129 0.613285 0.89063 0.577645 0.865669 0.630522
0 0.395576 0.268358 0.440078 0.184276 0.242541 0.0797266 0.198039 0.163809
0 0.961918 0.795364 1.00104 0.794301 0.999024 0.72012 0.959902 0.721183
0 0.495061 0.553811 0.52205 0.476804 0.438359 0.447473 0.41137 0.524481
0 0.0603164 0.102019 0.110658 -0.00127637 0.0236396 -0.0436859 -0.0267025 0.0596098
0 0.805628 0.612455 0.81737 0.56372 0.761947 0.550367 0.750206 0.599103
0 0.0445223 0.154048 0.0471138 0.0669367 -0.00934921 0.065257 -0.0119407 0.152369
0 0.0541289 0.244297 0.0715698 0.163697 0.00100411 0.148427 -0.0164368 0.229027
0 1.00575 0.839894 1.01954 0.781919 0.962922 0.768451 0.949132 0.826427
0 0.933609 0.305887 0.970244 0.237232 0.870412 0.183962 0.833778 0.252617
0 0.976583 0.241703 0.998469 0.18873 0.912432 0.153184 0.890546 0.206156
0 0.838293 0.573396 0.87524 0.503761 0.80934 0.468796 0.772393 0.538431
0 0.473817 0.465224 0.496479 0.406919 0.40765 0.372393 0.384988 0.430698
0 0.990528 1.02997 1.00356 0.978403 0.894592 0.950857 0.881557 1.00242
0 0.911337 0.339308 0.93348 0.287771 0.850879 0.252281 0.828736 0.303818
