0 0.85276 0.369137 1.02847 0.314523 0.994398 0.25287 0.818692 0.307484
0 0.942913 0.520509 1.04401 0.468631 0.995961 0.415963 0.894865 0.467842
0 0.689136 1.01966 0.785597 0.98864 0.626088 0.709631 0.529627 0.740651
0 0.299366 1.04455 0.438585 0.988597 0.390222 0.920909 0.251003 0.976862
0 0.148228 0.625482 0.163444 0.506357 0.014245 0.495637 -0.000971271 0.614762
0 0.504034 0.711643 0.621954 0.673712 0.499967 0.46039 0.382047 0.49832
0 0.233571 0.695661 0.360138 0.673718 0.345185 0.625201 0.218617 0.647144
0 0.90707 0.84585 1.00654 0.81188 0.864106 0.577277 0.764636 0.611246
0 0.803985 0.67763 0.907682 0.644941 0.797527 0.448379 0.69383 0.481067
0 0.289801 0.655142 0.349519 0.638125 0.302931 0.546158 0.243213 0.563174
0 0.689712 0.451392 0.788221 0.420247 0.67058 0.21094 0.57207 0.242084
0 0.588868 0.275688 0.696328 0.241462 0.538373 -0.0375013 0.430913 -0.00327542
0 0.49734 0.48581 0.555681 0.465379 0.483961 0.35018 0.42562 0.370611
0 0.526419 0.697341 0.612893 0.663913 0.531785 0.545891 0.445311 0.579318
0 0.404262 0.41626 0.515989 0.3839 0.346703 0.0551281 0.234977 0.0874877
0 0.45929 0.504591 0.527928 0.480375 0.451831 0.359054 0.383194 0.38327
0 0.811205 0.0943329 0.816204 -0.00394683 0.624864 -0.00942184 0.619864 0.0888579
0 0.0460491 0.629646 0.128963 0.600275 0.0725793 0.510742 -0.0103347 0.540113
0 1.0038 0.220271 1.00635 0.154024 0.916241 0.152074 0.913693 0.218321
0 1.02524 0.978364 1.03156 0.873943 0.918154 0.87008 0.91183 0.974501
0 0.917703 0.174733 1.04671 0.154402 0.999168 -0.0153035 0.870157 0.00502753
0 0.763609 1.04568 0.849858 0.968703 0.763184 0.914078 0.676935 0.991056
0 0.0726876 0.353147 0.0872579 0.266609 -0.0173192 0.256705 -0.0318895 0.343243
0 0.000382915 0.185791 0.139496 0.183833 0.134898 9.42337e-05 -0.00421522 0.0020525
0 0.188418 0.983182 0.192376 0.923723 0.115158 0.920832 0.1112 0.980291
0 0.003204 0.368948 0.112361 0.367501 0.108303 0.195289 -0.000854214 0.196736
0 0.124484 0.923332 0.180308 0.902088 0.140881 0.84381 0.0850569 0.865054
0 0.403908 0.392495 0.448683 0.377218 0.405787 0.306499 0.361012 0.321776
