0 0.919289 0.224801 0.997954 0.192561 0.951356 0.0788605 0.87269 0.1111
0 0.779703 0.333683 0.856829 0.300075 0.797475 0.163867 0.720349 0.197475
0 0.93377 0.119442 0.945298 0.00752073 0.831146 -0.00423777 0.819618 0.107683
0 0.164465 0.743252 0.248773 0.71095 0.192353 0.563692 0.108044 0.595994
0 0.149056 0.32943 0.241976 0.239247 0.149163 0.143618 0.0562433 0.2338
0 0.84333 0.672334 1.03741 0.583806 1.00093 0.503832 0.80685 0.59236
0 0.725564 0.213088 0.807348 0.174621 0.764674 0.0838943 0.68289 0.122361
0 0.544992 0.140956 0.557107 0.0354491 0.453663 0.0235706 0.441547 0.129078
0 0.963455 0.346656 1.04114 0.318156 0.989119 0.176348 0.911432 0.204849
0 0.47143 0.155953 0.475382 0.0765161 0.393682 0.0724516 0.38973 0.151888
0 0.750611 0.120185 0.764665 0.0297709 0.674906 0.0158191 0.660852 0.106233
0 0.145941 0.464821 0.308797 0.402116 0.274173 0.312191 0.111317 0.374895
0 0.418001 0.753077 0.498163 0.722121 0.426473 0.536476 0.346311 0.567432
0 0.352158 1.01308 0.491194 0.973285 0.416783 0.713303 0.277746 0.753098
0 0.701525 0.0692649 0.706687 -0.00854097 0.60051 -0.0155852 0.595348 0.0622207
0 0.762599 1.04198 0.836745 1.00934 0.70393 0.707664 0.629784 0.740307
0 0.163322 0.496989 0.166172 0.385175 0.0524088 0.382275 0.0495586 0.494089
0 0.574878 0.442302 0.702304 0.384097 0.676935 0.328557 0.549509 0.386762
0 0.6792 0.414525 0.807567 0.361821 0.779181 0.292683 0.650814 0.345387
0 0.840107 0.750641 0.909075 0.706666 0.856657 0.624456 0.787689 0.66843
0 0.949533 1.02384 1.0213 0.990019 0.885566 0.701987 0.813804 0.735803
0 0.618782 0.708823 0.695735 0.676753 0.587014 0.415879 0.510062 0.44795
0 0.346375 0.234498 0.433811 0.197219 0.405196 0.130102 0.31776 0.167381
0 0.293499 0.204831 0.297118 0.138405 0.229933 0.134743 0.226313 0.20117
0 0.960496 0.989213 1.00946 0.968181 0.950459 0.830803 0.901491 0.851835
0 8.59238e-05 0.356544 0.0637605 0.332572 0.0264077 0.233358 -0.0372668 0.25733
0 0.773233 0.0369687 0.856217 0.0338555 0.854785 -0.00430221 0.771802 -0.00118905
0 -0.000224333 0.365748 0.0904682 0.36183 0.0834511 0.199394 -0.00724141 0.203312
0 0.11333 0.6295 0.240563 0.562122 0.185287 0.457741 0.0580532 0.525119
0 0.321721 0.1723 0.390348 0.151191 0.376925 0.107553 0.308298 0.128662
0 0.898108 0.900194 0.968022 0.870896 0.88589 0.6749 0.815976 0.704198
0 0.984907 0.49163 1.00157 0.491484 1.00112 0.440214 0.984456 0.44036
0 0.94495 0.0888454 1.00242 0.0867432 0.99926 0.000477778 0.941794 0.00258001
0 0.386656 1.02947 0.50356 0.998406 0.491254 0.952096 0.37435 0.983162
0 0.0446226 0.424126 0.0993693 0.396155 0.0592931 0.317715 0.00454643 0.345686
