0 0.425426 0.255287 0.624228 0.213901 0.591664 0.125915 0.392862 0.167302
0 0.286537 0.450538 0.335666 0.361405 0.254435 0.33622 0.205306 0.425353
0 0.841527 0.750382 0.894015 0.645789 0.801976 0.619808 0.749488 0.724401
0 0.205799 0.426645 0.256374 0.338286 0.184731 0.315219 0.134156 0.403579
0 0.131441 0.39879 0.186842 0.311999 0.112515 0.285311 0.0571141 0.372102
0 0.487077 1.00595 0.491918 0.884638 0.342769 0.881291 0.337929 1.0026
0 0.910756 0.775326 0.973582 0.678467 0.893419 0.649218 0.830593 0.746078
0 0.0633619 0.374342 0.111347 0.282323 0.0370911 0.260541 -0.0108943 0.352561
0 0.25598 0.26893 0.446584 0.226023 0.41601 0.149627 0.225406 0.192534
0 0.758448 0.397359 0.759569 0.287593 0.571631 0.286514 0.570511 0.39628
0 0.722498 0.712137 0.770991 0.58105 0.664643 0.558921 0.61615 0.690008
0 0.19776 0.135285 0.296995 0.103992 0.242722 0.00718226 0.143488 0.0384749
0 0.130422 0.156041 0.211942 0.126622 0.158944 0.0440143 0.0774234 0.0734335
0 0.750281 0.3886 0.843765 0.387067 0.841589 0.312381 0.748105 0.313913
0 0.650567 1.00505 0.783676 1.00172 0.781121 0.944161 0.648013 0.947484
0 0.843596 0.383005 0.942573 0.375777 0.929815 0.277504 0.830838 0.284732
0 0.117531 0.786734 0.150067 0.674362 0.00198093 0.650244 -0.0305549 0.762616
0 0.152345 0.737898 0.178181 0.641388 0.0160666 0.616976 -0.00976952 0.713486
0 0.0982449 0.794258 0.131902 0.721681 -0.00331048 0.686411 -0.0369673 0.758988
0 1.01683 0.855584 1.03284 0.715299 0.94138 0.709427 0.925368 0.849712
0 0.0336667 0.331905 0.0390607 0.253552 0.00429852 0.252206 -0.00109546 0.330559
0 0.819459 0.278943 0.850208 0.201396 0.777725 0.185229 0.746976 0.262776
0 0.641116 0.687172 0.69789 0.55464 0.581492 0.526593 0.524718 0.659124
0 0.96071 0.530397 1.00218 0.529502 0.998772 0.440699 0.957304 0.441594
0 0.953368 0.525903 1.02884 0.512303 1.0125 0.461322 0.937036 0.474922
0 0.287554 0.823234 0.372411 0.651527 0.185811 0.599655 0.100955 0.771362
0 0.0681524 0.164217 0.128067 0.101484 0.0319018 0.0498207 -0.0280133 0.112553
