0 0.933867 0.940001 0.938238 0.78838 0.814105 0.782018 0.809734 0.933638
0 0.963056 0.422376 0.970253 0.220558 0.858334 0.213462 0.851137 0.415281
0 0.679408 0.150167 0.68017 -0.00183079 0.570006 -0.00281244 0.569245 0.149186
0 0.489102 0.489893 0.59597 0.488047 0.594712 0.358586 0.487844 0.360431
0 0.118718 0.844559 0.204137 0.671071 0.0802486 0.56263 -0.00517046 0.736118
0 0.628843 0.375342 0.645337 0.165538 0.522609 0.148386 0.506116 0.35819
0 0.28282 0.402617 0.331276 0.201109 0.24964 0.166209 0.201183 0.367717
0 1.00105 0.217198 1.00485 0.0105998 0.898221 0.00711939 0.894427 0.213718
0 0.328985 0.21206 0.352438 0.0585577 0.267556 0.035503 0.244104 0.189006
0 0.980364 0.802037 0.987169 0.618054 0.769917 0.603767 0.763112 0.787751
0 0.359887 0.0589737 0.365318 -0.00121637 0.287035 -0.0137732 0.281604 0.046417
0 0.275042 0.409905 0.2819 0.332682 0.208607 0.321111 0.20175 0.398334
0 0.342128 0.134933 0.354527 0.0583682 0.277844 0.0362904 0.265445 0.112855
0 0.974655 0.807411 0.988893 0.636993 0.916025 0.62617 0.901787 0.796588
0 0.0584561 0.437468 0.0587579 0.285192 -0.00223268 0.284977 -0.0025345 0.437253
0 0.122698 0.33847 0.146479 0.036302 0.00748677 0.0168555 -0.0162939 0.319024
0 0.410216 0.909645 0.554082 0.649867 0.412325 0.510301 0.268459 0.77008
0 0.852677 0.780978 0.857561 0.603036 0.769523 0.598739 0.764638 0.776681
0 0.118468 0.868186 0.125852 0.790398 0.0666728 0.780412 0.0592892 0.858199
0 -0.000608324 0.798868 0.0255304 0.798198 0.0243132 0.71374 -0.00182553 0.714409
0 0.240647 0.019581 0.240766 -0.00205859 0.17607 -0.00268841 0.175951 0.0189512
