0 0.892545 0.301019 0.997356 0.257406 0.934922 0.107365 0.83011 0.150978
0 0.646853 0.289718 0.750693 0.225268 0.675631 0.10433 0.571791 0.16878
0 0.627144 0.176561 0.699293 0.0753523 0.602392 0.00627483 0.530243 0.107484
0 0.951025 0.46139 1.05474 0.424572 0.987589 0.235409 0.883873 0.272227
0 0.788685 0.894143 1.0522 0.771781 1.00568 0.671602 0.742168 0.793965
0 0.856126 0.181958 0.949141 0.0636421 0.823645 -0.0350172 0.73063 0.083299
0 0.302523 0.202963 0.419224 0.160319 0.364667 0.0110171 0.247966 0.0536614
0 0.699407 0.446543 0.808723 0.400297 0.733995 0.223657 0.62468 0.269903
0 0.22657 1.00903 0.332458 0.96693 0.230984 0.711696 0.125096 0.753794
0 0.570005 0.557234 0.756205 0.490122 0.719316 0.387776 0.533117 0.454888
0 0.298962 0.213871 0.301243 0.103226 0.184862 0.100828 0.182581 0.211472
0 0.425854 0.580366 0.594239 0.50492 0.565789 0.441426 0.397405 0.516871
0 0.591722 0.106869 0.619412 -0.0277593 0.487023 -0.0549886 0.459333 0.0796392
0 0.0928726 0.225231 0.17958 0.201788 0.165552 0.149906 0.0788451 0.17335
0 0.122321 0.309334 0.258384 0.259226 0.223583 0.164726 0.0875199 0.214834
0 0.547761 1.051 0.646048 1.00695 0.506177 0.69487 0.40789 0.738921
0 0.706836 0.0441888 0.813086 0.0387464 0.810759 -0.00668919 0.704508 -0.00124672
0 0.92851 0.111063 1.00891 0.108365 1.00504 -0.0068829 0.924642 -0.00418483
0 0.80496 1.04725 0.90028 0.99285 0.804229 0.824536 0.708909 0.878932
0 0.978315 0.6532 1.00303 0.653053 1.00262 0.584715 0.977909 0.584862
0 0.192307 1.00603 0.364958 0.998862 0.361926 0.925857 0.189274 0.933028
0 0.847774 1.01655 0.891559 0.983828 0.851529 0.930265 0.807743 0.962988
