0 0.539661 0.905148 0.721648 0.823105 0.689365 0.751496 0.507379 0.833539
0 0.797837 0.795044 0.978147 0.720965 0.949338 0.650846 0.769029 0.724925
0 0.179763 0.341563 0.179851 0.206418 0.0373921 0.206325 0.037304 0.34147
0 0.296091 0.841963 0.296372 0.696137 0.170559 0.695895 0.170278 0.841721
0 0.496916 0.4908 0.571301 0.462225 0.504903 0.289376 0.430518 0.317951
0 0.136862 0.588203 0.247738 0.533897 0.182543 0.400788 0.0716673 0.455094
0 0.815568 0.227619 0.880416 0.202429 0.827657 0.0666093 0.762809 0.0917994
0 0.571362 0.753335 0.668458 0.718206 0.564957 0.43213 0.467861 0.46726
0 1.01377 0.718362 1.01616 0.633849 0.943465 0.631789 0.941069 0.716302
0 0.278892 0.977911 0.443655 0.914007 0.409124 0.824978 0.244362 0.888882
0 0.40728 0.803852 0.512016 0.729205 0.408672 0.584204 0.303935 0.658852
0 0.175421 0.725764 0.278683 0.685652 0.225093 0.547693 0.121832 0.587804
0 0.923858 1.0508 1.0393 0.965989 0.993629 0.903825 0.878189 0.988634
0 0.0888009 0.125663 0.105374 0.0045915 -0.0149592 -0.0118801 -0.031532 0.109191
0 0.907084 0.353022 0.970764 0.327061 0.904382 0.164236 0.840702 0.190198
0 0.772151 0.668222 0.842246 0.635192 0.709157 0.35276 0.639062 0.38579
0 0.516675 0.0673116 0.556348 0.0477892 0.52596 -0.0139644 0.486287 0.00555803
0 0.949792 0.451704 1.00883 0.425687 0.939221 0.267713 0.880179 0.29373
0 0.763658 0.0686574 0.906702 0.0171426 0.884978 -0.0431816 0.741934 0.00833316
0 0.406033 0.907718 0.501446 0.905947 0.499723 0.813104 0.40431 0.814875
0 0.125055 0.242782 0.138187 0.107771 0.00254373 0.0945779 -0.0105881 0.229589
0 0.649657 0.384963 0.718535 0.355376 0.586194 0.0472939 0.517316 0.0768815
0 0.986655 0.552778 1.03955 0.525681 0.984083 0.417402 0.931188 0.444498
0 0.188158 0.461164 0.193115 0.328567 0.0563353 0.323453 0.0513781 0.45605
0 0.405848 0.306503 0.493224 0.271392 0.370578 -0.0338248 0.283202 0.00128589
0 0.471445 0.429216 0.548691 0.396778 0.420605 0.0917612 0.343358 0.1242
0 0.300021 0.496809 0.381045 0.47047 0.337126 0.335361 0.256101 0.3617
0 0.344008 0.600239 0.421145 0.573603 0.37728 0.446569 0.300143 0.473204
