0 0.658609 0.977429 0.69349 0.833048 0.583375 0.818084 0.548494 0.962465
0 0.570237 0.540858 0.573198 0.410458 0.390815 0.408129 0.387854 0.538529
0 0.565137 0.945707 0.574333 0.846367 0.437143 0.839224 0.427947 0.938563
0 0.590738 0.846584 0.639803 0.655183 0.513613 0.636987 0.464547 0.828388
0 0.370503 0.575752 0.374925 0.476919 0.250075 0.473777 0.245653 0.57261
0 0.0913271 0.344993 0.16901 0.305505 0.0927384 0.221105 0.0150556 0.260593
0 0.104366 0.585207 0.216116 0.562891 0.199164 0.515141 0.087414 0.537457
0 0.0908826 1.04215 0.2074 1.00581 0.0655362 0.749946 -0.0509809 0.786285
0 0.151191 0.634725 0.228579 0.59334 0.184332 0.546799 0.106944 0.588185
0 0.160458 0.3113 0.24347 0.266369 0.163105 0.182852 0.0800942 0.227783
0 0.676857 1.01242 0.682428 0.970732 0.573179 0.96252 0.567608 1.00421
0 0.329668 0.0380377 0.330548 -0.00402595 0.170013 -0.00591683 0.169133 0.0361468
0 0.0491303 0.658665 0.051617 0.551238 -0.00414038 0.550512 -0.00662707 0.657939
0 0.951419 0.174733 1.00379 0.174093 1.0008 0.0363821 0.948426 0.0370225
0 0.239293 0.491753 0.334078 0.469613 0.313562 0.420208 0.218777 0.442348
0 0.0687098 0.210968 0.0742825 0.160589 0.00832321 0.156485 0.00275051 0.206864
0 0.566998 0.27921 0.609369 0.211287 0.489732 0.169307 0.447362 0.237231
0 0.0305225 0.196179 0.0332652 0.139285 -0.0035728 0.138286 -0.00631551 0.19518
0 0.365121 0.406328 0.415651 0.33383 0.303855 0.289999 0.253324 0.362497
0 0.0759465 0.650283 0.12364 0.636044 0.0922514 0.576904 0.044558 0.591143
