0 0.667921 0.475575 0.748806 0.443423 0.702909 0.327958 0.622024 0.36011
0 0.529031 0.583369 0.606319 0.550249 0.547777 0.413636 0.470489 0.446756
0 0.578805 0.923676 0.840077 0.818624 0.807416 0.737394 0.546144 0.842445
0 0.358652 0.326786 0.505465 0.26816 0.472533 0.185691 0.325721 0.244316
0 0.79232 0.336917 0.877041 0.307608 0.82449 0.155706 0.739769 0.185015
0 0.637324 0.388039 0.71849 0.306819 0.630652 0.219039 0.549485 0.30026
0 0.833621 0.435818 0.917043 0.405952 0.873456 0.284207 0.790035 0.314073
0 0.87543 0.889606 0.975614 0.858586 0.937522 0.735559 0.837338 0.766579
0 0.475813 0.463154 0.558274 0.424622 0.515768 0.333658 0.433307 0.37219
0 0.654618 0.264058 0.661791 0.13787 0.539132 0.130897 0.531959 0.257085
0 0.271979 0.402934 0.326584 0.313513 0.231392 0.255384 0.176787 0.344804
0 0.819907 0.55726 0.963784 0.482485 0.915325 0.389242 0.771447 0.464017
0 0.221306 0.407617 0.225729 0.326146 0.14157 0.321576 0.137146 0.403048
0 0.805552 0.15464 0.915578 0.112508 0.889478 0.0443476 0.779452 0.0864792
0 0.934885 1.00978 1.03 0.941118 0.952549 0.833836 0.857439 0.902495
0 0.4686 0.381011 0.526606 0.308999 0.456934 0.252879 0.398928 0.324891
0 0.785589 0.781843 0.929792 0.716001 0.887802 0.624037 0.743599 0.68988
0 0.879263 0.124558 0.927712 0.104909 0.9007 0.0383019 0.852251 0.0579504
0 0.131034 0.164516 0.209211 0.0392489 0.0799953 -0.0413925 0.00181827 0.0838747
0 0.167862 1.00591 0.251078 0.971938 0.176188 0.788488 0.092972 0.822459
0 0.599187 1.03022 0.669532 0.992223 0.60478 0.872334 0.534435 0.910327
0 0.654819 0.212813 0.817708 0.155159 0.791681 0.0816241 0.628791 0.139278
0 0.706282 0.587723 0.783647 0.561241 0.737251 0.4257 0.659886 0.452182
0 0.325045 0.692576 0.452516 0.634737 0.426982 0.578462 0.299511 0.636301
0 0.221667 0.106166 0.291092 0.0311956 0.219983 -0.0346549 0.150557 0.0403154
0 0.429045 0.664246 0.557377 0.611882 0.529185 0.54279 0.400853 0.595155
0 0.75454 0.197727 0.822467 0.165141 0.785135 0.0873224 0.717208 0.119909
0 0.956083 0.315604 1.004 0.314765 1.00195 0.197577 0.954031 0.198416
0 0.414642 1.03482 0.485129 1.00119 0.369634 0.75912 0.299147 0.79275
0 0.0927191 0.483894 0.186331 0.449183 0.161395 0.381934 0.0677831 0.416646
0 0.857496 1.03064 0.932206 0.998954 0.879273 0.874152 0.804563 0.90584
0 0.741757 0.598335 0.854818 0.526922 0.801139 0.441938 0.688078 0.513352
0 0.66182 0.206829 0.750365 0.176838 0.726992 0.107833 0.638448 0.137824
0 0.156535 1.00014 0.276807 0.996524 0.27511 0.940129 0.154837 0.94375
0 0.686006 0.883915 0.833556 0.824353 0.798125 0.73658 0.650575 0.796142
0 0.660657 1.0055 0.664717 0.961695 0.615145 0.957101 0.611085 1.00091
0 0.070859 0.423892 0.142692 0.402953 0.129068 0.356214 0.0572353 0.377152
0 0.276529 0.0656019 0.313281 0.0260943 0.270706 -0.013511 0.233954 0.0259966
0 0.975712 0.0919459 0.991632 0.0149947 0.90783 -0.00234278 0.89191 0.0746084
0 0.971723 0.455607 1.00327 0.454534 1 0.358321 0.968453 0.359394
0 0.00020496 0.678731 0.0494361 0.677865 0.0471634 0.548635 -0.00206775 0.549501
