0 0.262752 1.01574 0.272721 0.932748 0.166804 0.920026 0.156835 1.00302
0 0.15045 1.009 0.179053 0.90432 0.0939434 0.881064 0.0653405 0.985741
0 0.570357 0.275083 0.593374 0.199191 0.519803 0.176878 0.496786 0.252771
0 0.0742336 0.978853 0.110822 0.870232 0.0383432 0.845817 0.00175457 0.954439
0 1.01378 0.128382 1.03343 0.00567404 0.933037 -0.0104104 0.913378 0.112297
0 0.504303 0.243871 0.524559 0.174051 0.454581 0.153748 0.434324 0.223568
0 0.637025 0.299942 0.656853 0.228305 0.58669 0.208885 0.566862 0.280522
0 0.439539 0.220176 0.464989 0.142853 0.388227 0.117588 0.362777 0.194911
0 0.0711912 0.200451 0.0779421 0.0747229 -0.00260054 0.0703982 -0.00935137 0.196126
0 0.322923 1.01501 0.332251 0.952243 0.263973 0.942097 0.254646 1.00486
0 0.493729 0.0419638 0.498715 -0.00351725 0.379595 -0.0165751 0.374609 0.0289059
0 0.699439 0.555529 0.763797 0.389102 0.413442 0.253618 0.349084 0.420045
0 0.991569 0.17599 1.006 0.120203 0.926422 0.0996258 0.911996 0.155412
0 0.0444164 0.459571 0.0611956 0.311659 -0.00428668 0.304231 -0.0210659 0.452143
0 0.342188 0.24205 0.457418 -0.0157476 0.248551 -0.109106 0.133321 0.148692
0 0.737184 0.340978 0.759356 0.2702 0.69146 0.248932 0.669288 0.319709
0 0.563123 0.0638111 0.566681 -0.000709919 0.49395 -0.00472124 0.490391 0.0597998
0 0.68341 0.317847 0.703081 0.250111 0.650614 0.234874 0.630942 0.302609
0 0.404786 1.00525 0.405159 0.958812 0.317448 0.958107 0.317075 1.00454
0 0.804444 0.0982916 0.834431 0.010395 0.61615 -0.0640741 0.586163 0.0238225
0 0.196947 0.404703 0.214278 0.342117 0.115288 0.314705 0.0979563 0.37729
0 0.559264 0.827159 0.640368 0.542628 0.440171 0.485563 0.359068 0.770095
0 0.0405542 0.951021 0.0550017 0.847186 -0.00624829 0.838663 -0.0206958 0.942499
0 0.864184 0.365501 0.889775 0.276718 0.761279 0.23968 0.735688 0.328463
0 0.190331 0.0320976 0.191925 -0.00236458 0.0786774 -0.0076031 0.0770833 0.0268591
0 0.322423 1.00247 0.412801 1.00213 0.41273 0.982793 0.322351 0.983129
0 0.563793 0.82127 0.604346 0.684879 0.529756 0.662701 0.489204 0.799093
