0 0.463091 0.815816 0.470221 0.666345 0.358313 0.661007 0.351183 0.810477
0 0.181286 0.610725 0.182765 0.461939 0.0679271 0.460797 0.0664483 0.609583
0 0.222632 0.453651 0.224423 0.304678 0.106783 0.303263 0.104992 0.452236
0 0.545673 0.489992 0.550913 0.344626 0.442967 0.340734 0.437726 0.4861
0 0.617339 0.740793 0.713655 0.716337 0.697026 0.650847 0.60071 0.675304
0 0.000699665 0.864442 0.0966626 0.862915 0.0952079 0.771478 -0.000755008 0.773005
0 -0.00116049 0.104794 0.0923115 0.104151 0.0916031 0.0010932 -0.00186882 0.00173564
0 0.50302 0.661581 0.512814 0.507138 0.403967 0.500236 0.394174 0.654679
0 0.133659 0.778543 0.142231 0.622459 0.0149019 0.615466 0.00632974 0.77155
0 0.928225 0.829338 1.01678 0.787423 0.889406 0.518312 0.800851 0.560226
0 0.832674 0.576922 0.918046 0.542257 0.803315 0.259704 0.717943 0.294369
0 0.588158 1.02558 0.679756 1.00603 0.629879 0.772288 0.538281 0.791833
0 0.758854 0.165618 0.776153 0.102839 0.660622 0.071003 0.643323 0.133782
0 0.353084 1.00427 0.354043 0.949153 0.272759 0.947739 0.271801 1.00286
0 0.451373 0.284823 0.452262 0.136187 0.3449 0.135544 0.344011 0.28418
0 0.903143 0.119165 0.908825 0.0603565 0.844857 0.0541765 0.839176 0.112985
0 0.490712 1.0029 0.491418 0.967601 0.390341 0.965577 0.389634 1.00088
0 0.828596 0.0865721 0.913815 0.0640173 0.900096 0.012186 0.814878 0.0347409
0 1.00492 0.0769934 1.00568 0.000181321 0.938537 -0.00048266 0.937777 0.0763294
0 0.657003 0.0396021 0.663792 0.000264021 0.574462 -0.0151539 0.567672 0.0241842
0 0.94659 0.787674 0.990773 0.77038 0.955369 0.679929 0.911185 0.697224
0 0.341492 0.272928 0.405898 0.271634 0.403703 0.162357 0.339296 0.163651
0 0.764956 0.115486 0.782914 0.0699661 0.68906 0.0329387 0.671101 0.0784588
0 0.391462 0.27236 0.45282 0.271818 0.451566 0.129929 0.390208 0.130471
0 0.279102 1.00209 0.281375 0.945655 0.215316 0.942995 0.213043 0.999431
0 0.415739 1.00164 0.416471 0.958501 0.340762 0.957215 0.340029 1.00036
0 0.830339 1.00669 0.882476 1.00266 0.879478 0.963859 0.82734 0.967889
