0 0.183216 0.454257 0.187857 0.341577 0.0647053 0.336503 0.0600636 0.449184
0 0.754584 0.333161 0.92773 0.317169 0.92111 0.245485 0.747963 0.261477
0 0.870908 0.955328 0.957021 0.823607 0.833981 0.743169 0.747868 0.874889
0 0.114023 0.768454 0.234917 0.673216 0.188807 0.614684 0.0679127 0.709922
0 0.392251 0.443772 0.505746 0.407168 0.459856 0.264883 0.346361 0.301488
0 0.869444 0.357111 0.991683 0.347667 0.988451 0.305824 0.866211 0.315267
0 1.00245 0.311281 1.00264 0.242103 0.913131 0.241846 0.912933 0.311024
0 0.100099 0.0725276 0.222253 0.0711713 0.221415 -0.00433254 0.0992606 -0.00297619
0 0.397686 0.603112 0.489355 0.599562 0.48271 0.427959 0.391042 0.431509
0 0.255803 0.949726 0.398203 0.809213 0.281819 0.691266 0.139419 0.831779
0 0.343132 0.317827 0.44669 0.294979 0.384806 0.0144911 0.281248 0.0373389
0 0.229523 0.35054 0.236544 0.214214 0.0248023 0.203309 0.0177818 0.339635
0 0.65256 0.0512582 0.743969 0.0300267 0.732186 -0.0207031 0.640777 0.000528396
0 0.224805 0.357083 0.2394 0.225514 0.168126 0.217608 0.153532 0.349177
0 0.0821312 0.995806 0.0822642 0.885909 0.00136195 0.885811 0.00122899 0.995708
0 0.110986 0.335496 0.115665 0.198883 0.0141861 0.195407 0.00950721 0.33202
0 0.229871 1.00574 0.369829 1.00271 0.367913 0.914318 0.227955 0.917352
0 0.900652 1.01273 1.00194 1.01099 0.9994 0.863361 0.898108 0.865107
0 -0.00715194 1.00448 0.0524697 1.00432 0.0522668 0.926835 -0.00735485 0.926991
0 0.761659 0.371722 0.856007 0.367169 0.853725 0.319873 0.759377 0.324425
0 0.0223305 0.328415 0.0255537 0.193101 -0.000297735 0.192485 -0.00352094 0.327799
0 0.532268 0.803319 0.540988 0.730483 0.391743 0.712616 0.383023 0.785452
0 0.738789 0.621488 0.790791 0.568944 0.688157 0.467368 0.636154 0.519912
0 0.400305 0.593077 0.451984 0.587947 0.440368 0.470915 0.388689 0.476044
0 0.913017 0.248447 1.00465 0.247802 1.00438 0.208749 0.912742 0.209394
0 0.48256 1.06835 0.584575 0.9945 0.427004 0.776834 0.324989 0.850684
