0 0.593718 0.945114 0.660542 0.827712 0.565935 0.773863 0.499111 0.891264
0 0.344727 0.884756 0.375696 0.80019 0.291853 0.769486 0.260884 0.854051
0 0.706001 0.326646 0.728351 0.242052 0.580959 0.20311 0.558609 0.287704
0 0.414894 0.744744 0.447026 0.659891 0.37211 0.631521 0.339978 0.716375
0 0.919188 0.424532 0.943353 0.319372 0.792372 0.284679 0.768208 0.389839
0 0.796412 0.361302 0.803301 0.267805 0.707374 0.260737 0.700485 0.354234
0 0.38588 0.811702 0.411385 0.729025 0.327425 0.703125 0.30192 0.785801
0 0.720439 0.751453 0.788252 0.631502 0.689275 0.575546 0.621462 0.695497
0 0.673362 0.11295 0.683465 0.00478874 0.576625 -0.00519092 0.566522 0.10297
0 0.484879 0.250101 0.50298 0.156588 0.429542 0.142373 0.411441 0.235886
0 0.316247 0.95152 0.32973 0.861633 0.244409 0.848834 0.230926 0.938722
0 0.664565 0.845372 0.723986 0.733749 0.615522 0.676011 0.556102 0.787634
0 0.412969 0.237143 0.434974 0.151058 0.350722 0.129521 0.328717 0.215606
0 0.998835 0.423891 1.01089 0.326573 0.929552 0.3165 0.917499 0.413817
0 0.973704 0.728267 1.0257 0.633929 0.888965 0.558565 0.836969 0.652903
0 0.462869 0.519034 0.499016 0.445293 0.451441 0.421973 0.415295 0.495714
0 0.153415 0.284579 0.182989 0.180637 0.0880791 0.153634 0.0585054 0.257575
0 0.530248 1.04775 0.599702 0.933725 0.526198 0.888952 0.456744 1.00297
0 0.579306 0.282526 0.600502 0.191811 0.496528 0.167516 0.475332 0.258231
0 0.981911 0.0616122 0.990362 0.00295133 0.884686 -0.0122746 0.876234 0.0463863
0 0.43009 0.496398 0.453208 0.419696 0.369074 0.394338 0.345956 0.471039
0 0.165214 0.702418 0.247199 0.563023 0.0715694 0.459727 -0.0104155 0.599121
0 0.968941 0.194564 0.982998 0.0519895 0.856616 0.0395289 0.842559 0.182104
0 0.18668 0.420779 0.216845 0.347322 0.169195 0.327754 0.13903 0.401211
0 0.558974 0.573618 0.617567 0.463352 0.529319 0.416458 0.470725 0.526725
0 0.711803 0.146481 0.73889 0.0560685 0.67901 0.0381283 0.651922 0.128541
0 0.149922 0.402686 0.188649 0.32278 0.0722139 0.266349 0.0334867 0.346255
0 0.510549 0.673679 0.565605 0.550583 0.468337 0.507079 0.413281 0.630175
0 0.995727 0.218094 1.01553 0.133391 0.969876 0.122721 0.950078 0.207425
0 0.851288 0.683767 0.903695 0.584547 0.755753 0.506405 0.703345 0.605626
0 0.283412 0.426202 0.293959 0.38151 0.23424 0.367416 0.223692 0.412107
0 0.142067 0.768013 0.187593 0.685045 -0.00426083 0.579773 -0.0497862 0.66274
0 0.282148 0.219777 0.313066 0.104832 0.145059 0.0596418 0.114141 0.174587
0 1.00888 0.61735 1.02258 0.512814 0.955894 0.504079 0.9422 0.608614
0 0.486882 0.0320266 0.488069 -0.00350048 0.392148 -0.00670474 0.390961 0.0288223
0 0.236714 1.04695 0.273743 0.9785 0.194636 0.935703 0.157607 1.00415
0 0.0777626 0.076559 0.0859231 -0.00202681 0.00179349 -0.010763 -0.00636701 0.0678228
0 0.751271 0.0256917 0.751431 -0.00105846 0.675245 -0.00151237 0.675086 0.0252378
0 0.0382721 0.122006 0.0430526 0.0487701 -0.00756888 0.0454657 -0.0123494 0.118702
0 0.359484 0.457401 0.378143 0.40076 0.289 0.371394 0.270341 0.428035
0 0.950509 0.757592 1.0035 0.756585 1.00183 0.668366 0.948833 0.669372
0 0.608201 1.02092 0.620344 0.978813 0.554317 0.95977 0.542174 1.00187
0 0.778724 0.648836 0.833906 0.539479 0.764481 0.504447 0.709299 0.613804
0 0.746602 0.153548 0.760793 0.0792718 0.725621 0.0725517 0.711429 0.146828
0 0.229187 0.409771 0.23993 0.362045 0.204506 0.354072 0.193764 0.401798
0 0.0819972 1.01411 0.0848641 0.952453 0.00194882 0.948598 -0.000918126 1.01026
