0 0.906373 0.686618 0.959811 0.576378 0.860777 0.549374 0.807338 0.659615
0 0.507861 0.500739 0.56089 0.395354 0.468825 0.369295 0.415795 0.474679
0 0.455326 0.860807 0.462646 0.706448 0.30753 0.702311 0.30021 0.856669
0 0.628586 0.273673 0.726104 0.272944 0.725007 0.190413 0.627489 0.191142
0 0.576348 0.526681 0.639835 0.427302 0.560047 0.398631 0.49656 0.49801
0 0.894699 0.305472 0.896287 0.200569 0.718308 0.199053 0.71672 0.303957
0 0.681324 0.61704 0.751236 0.501696 0.661628 0.471145 0.591716 0.586489
0 0.934959 1.00632 0.93514 0.884949 0.793443 0.88483 0.793262 1.0062
0 0.158116 0.783354 0.16517 0.634488 0.0060533 0.630247 -0.00100093 0.779112
0 0.992075 0.718181 1.04511 0.610436 0.951774 0.58459 0.898735 0.692335
0 0.787595 0.640564 0.830161 0.538984 0.73475 0.516494 0.692184 0.618074
0 0.3884 0.46273 0.437537 0.331298 0.332295 0.309166 0.283158 0.440598
0 0.417711 0.138122 0.509531 0.136732 0.507574 0.0640196 0.415754 0.0654098
0 0.407806 0.157407 0.423058 0.0381503 0.249572 0.02567 0.23432 0.144927
0 0.509179 0.13429 0.617719 0.119966 0.596884 0.0311546 0.488343 0.0454782
0 0.0763906 0.983453 0.131297 0.904738 -0.00335722 0.851905 -0.0582638 0.93062
0 0.854087 0.4416 0.949835 0.440822 0.94878 0.367696 0.853032 0.368473
0 0.928055 0.449504 1.00502 0.447867 1.00138 0.351385 0.924409 0.353021
0 0.303715 0.436147 0.361236 0.30428 0.24881 0.276694 0.191289 0.408561
0 0.0515233 0.337274 0.154852 0.177446 0.0240924 0.129894 -0.0792363 0.289723
0 0.495772 0.0167926 0.495871 -0.000363233 0.410203 -0.00064215 0.410103 0.0165137
0 0.878116 0.448552 1.00248 0.446905 1.00029 0.353832 0.875925 0.355479
0 0.789697 1.00313 0.874148 1.00257 0.873003 0.906114 0.788552 0.906678
0 0.594074 0.184692 0.726647 0.0932301 0.685777 0.0599075 0.553204 0.15137
0 0.998943 0.0226025 0.999112 -0.000886024 0.942944 -0.00111314 0.942775 0.0223753
