0 0.853943 0.548696 1.01286 0.458489 0.988685 0.382791 0.829772 0.472998
0 0.259766 0.84838 0.362951 0.791004 0.291075 0.561206 0.18789 0.618582
0 0.768106 0.77167 0.848661 0.724826 0.765056 0.469238 0.684501 0.516083
0 0.513128 0.677884 0.584622 0.637527 0.471499 0.281259 0.400005 0.321616
0 0.388519 0.281495 0.470819 0.231133 0.379285 -0.0347913 0.296985 0.0155707
0 0.857245 1.0508 0.93871 1.00292 0.844244 0.717174 0.762779 0.765054
0 0.0948102 0.18288 0.131794 0.0290178 0.0237043 -0.0171708 -0.0132791 0.136691
0 0.682444 0.468085 0.758358 0.423739 0.658888 0.121023 0.582973 0.16537
0 0.66672 1.08018 0.751836 1.03012 0.607782 0.594731 0.522666 0.644797
0 0.795515 0.341314 0.952203 0.253114 0.932097 0.189615 0.775409 0.277815
0 0.177579 0.262139 0.275619 0.230584 0.260316 0.146062 0.162277 0.177617
0 0.181663 0.229891 0.264941 0.194528 0.230088 0.0486141 0.14681 0.0839775
0 0.217017 0.210312 0.263492 0.187035 0.227759 0.0602001 0.181284 0.0834768
0 0.375553 0.981656 0.386265 0.814182 0.246286 0.798265 0.235574 0.965739
0 0.0333102 0.174734 0.0988405 0.136421 0.0581002 0.0125423 -0.00743015 0.0508556
0 0.603638 0.229241 0.681748 0.181208 0.597284 -0.0629745 0.519174 -0.014941
0 0.95316 0.935886 1.00807 0.932583 1.00304 0.783899 0.94813 0.787203
0 0.887085 0.30291 1.0266 0.223349 1.00091 0.143251 0.861393 0.222812
0 0.0723688 0.158057 0.141094 0.122606 0.101262 -0.0146678 0.0325375 0.0207831
0 0.769955 0.760031 0.805627 0.739648 0.764126 0.610529 0.728454 0.630913
0 0.379561 1.07081 0.420725 0.955116 0.325937 0.89516 0.284773 1.01086
0 0.979358 0.943882 1.03393 0.924399 1.00317 0.771221 0.948597 0.790704
0 0.973119 0.795366 1.02297 0.755855 0.990636 0.683332 0.940786 0.722843
