0 0.853914 0.411567 1.01288 0.34385 0.988698 0.287075 0.829729 0.354793
0 0.25926 0.634935 0.361811 0.592396 0.290864 0.421361 0.188313 0.4639
0 0.287802 0.840937 0.429077 0.840741 0.42889 0.706449 0.287615 0.706646
0 0.74765 0.991055 0.822065 0.961793 0.754272 0.789392 0.679857 0.818655
0 0.768001 0.579176 0.848952 0.544004 0.76541 0.351726 0.684459 0.386898
0 0.51324 0.508363 0.584662 0.478118 0.471519 0.210936 0.400098 0.24118
0 0.388513 0.211124 0.47082 0.17335 0.379283 -0.0261037 0.296975 0.0116708
0 0.0948065 0.137152 0.131787 0.0217712 0.0237036 -0.0128701 -0.0132767 0.102511
0 0.682438 0.351059 0.758361 0.317795 0.658893 0.0907633 0.58297 0.124027
0 0.375485 0.733024 0.380189 0.607529 0.245963 0.602498 0.241259 0.727993
0 0.745169 1.0235 0.837393 0.996267 0.822465 0.945714 0.73024 0.972949
0 0.795512 0.255982 0.952192 0.189831 0.932088 0.142214 0.775408 0.208365
0 0.177581 0.196605 0.275616 0.172938 0.260313 0.109545 0.162277 0.133212
0 0.893071 0.868322 0.968013 0.83664 0.841753 0.537977 0.766811 0.569658
0 0.181671 0.172413 0.264936 0.145896 0.230089 0.0364754 0.146824 0.0629928
0 0.217018 0.157734 0.263493 0.140276 0.22776 0.0451507 0.181285 0.0626088
0 0.555393 1.01883 0.642795 0.996552 0.632263 0.955221 0.54486 0.977495
0 0.0333137 0.13105 0.09884 0.102317 0.0580991 0.00940646 -0.00742722 0.0381394
0 0.438324 0.961853 0.443582 0.830312 0.308787 0.824924 0.303529 0.956465
0 0.966522 1.00559 1.02453 0.978705 0.940087 0.796482 0.882076 0.823366
0 0.603645 0.171938 0.681754 0.135912 0.597289 -0.0472238 0.51918 -0.0111985
0 0.953578 0.698811 1.0088 0.696038 1.00339 0.588425 0.948173 0.591198
0 0.639693 0.751732 0.723137 0.716465 0.593801 0.410441 0.510356 0.445707
0 0.72198 0.926408 0.797699 0.893912 0.670462 0.597434 0.594742 0.62993
0 0.552446 0.998079 0.633487 0.968816 0.583389 0.830078 0.502348 0.859342
0 0.342234 1.0181 0.466831 1.01795 0.466712 0.922012 0.342116 0.922166
0 0.887075 0.227193 1.02661 0.16751 1.00091 0.107434 0.861378 0.167116
0 0.0723735 0.118541 0.141093 0.0919561 0.101263 -0.0109984 0.0325443 0.0155863
0 0.769935 0.569905 0.805448 0.554591 0.764315 0.459208 0.728802 0.474523
0 0.968429 0.595595 1.01973 0.574391 0.994483 0.513305 0.943181 0.53451
0 0.964402 1.00409 1.00475 1.00298 1.00313 0.944432 0.962786 0.945545
