0 0.880998 0.334517 0.920974 0.19242 0.852207 0.158026 0.81223 0.300124
0 0.841228 0.814919 0.848614 0.609269 0.731209 0.601773 0.723823 0.807423
0 0.933055 0.367365 0.980931 0.236072 0.920687 0.197018 0.872811 0.328312
0 0.619649 0.709316 0.623909 0.511114 0.506731 0.506636 0.502471 0.704838
0 0.792867 0.282193 0.827932 0.106318 0.748114 0.078027 0.71305 0.253903
0 0.555774 0.980251 0.600031 0.882948 0.463966 0.772926 0.419709 0.870228
0 0.41753 0.920711 0.461975 0.809771 0.319011 0.70795 0.274566 0.81889
0 0.332484 0.406342 0.381655 0.182264 0.266479 0.137332 0.217308 0.361411
0 1.01162 0.477417 1.02803 0.28822 0.959211 0.277612 0.942806 0.466809
0 0.112227 0.437054 0.122319 0.327474 0.0295954 0.312292 0.0195028 0.421872
0 0.73143 0.247702 0.771014 0.0706367 0.683661 0.0359193 0.644077 0.212985
0 0.322899 0.400253 0.349966 0.292459 0.245171 0.24568 0.218104 0.353474
0 0.0603391 0.572093 0.0807741 0.458151 0.00465748 0.433883 -0.0157775 0.547825
0 0.098079 0.191392 0.139097 0.0196709 0.0706331 -0.00940179 0.0296153 0.16232
0 0.0166495 0.462805 0.017452 0.36363 -0.00127545 0.36336 -0.00207796 0.462535
0 0.131616 0.370498 0.201344 0.122866 0.105926 0.0751009 0.036198 0.322733
