0 0.198059 1.03834 0.228261 0.848258 0.0272715 0.816323 -0.00293036 1.0064
0 0.765647 0.418601 0.907466 0.366574 0.836773 0.17387 0.694953 0.225897
0 0.339353 0.816291 0.426329 0.787809 0.37807 0.640441 0.291094 0.668923
0 0.874059 0.386975 1.01903 0.367415 1.00288 0.247755 0.857914 0.267314
0 0.425625 1.00322 0.426316 0.917674 0.292634 0.916594 0.291943 1.00214
0 0.465581 0.847818 0.614457 0.751178 0.483676 0.549707 0.3348 0.646347
0 0.154257 0.521513 0.506394 0.369386 0.464455 0.272307 0.112318 0.424434
0 0.190519 0.251836 0.400863 0.160461 0.359008 0.0641129 0.148664 0.155488
0 0.846142 0.8546 0.877517 0.676185 0.709036 0.646557 0.677661 0.824971
0 0.899363 0.877971 1.0032 0.865818 0.979154 0.660389 0.875319 0.672542
0 0.525565 0.567296 0.621147 0.527272 0.529327 0.307992 0.433744 0.348015
0 0.695826 0.263871 0.807461 0.217459 0.700439 -0.0399616 0.588804 0.00645053
0 0.431156 0.914831 0.706867 0.840988 0.685045 0.759512 0.409335 0.833355
0 0.900126 0.949974 0.997552 0.948999 0.996679 0.861809 0.899254 0.862784
0 0.133559 0.868173 0.138316 0.701214 -0.0113262 0.696951 -0.0160832 0.86391
0 0.264065 0.646942 0.491352 0.582748 0.449322 0.433937 0.222035 0.498131
0 0.425143 0.926224 0.427595 0.841221 0.348329 0.838935 0.345877 0.923937
0 0.959772 0.684578 1.00909 0.682707 1.00181 0.490818 0.952489 0.492689
0 0.319867 0.090843 0.378365 0.0618432 0.336666 -0.0222733 0.278167 0.00672649
0 0.382167 0.0960478 0.436667 0.0275382 0.371422 -0.0243647 0.316922 0.0441448
0 0.523107 0.0379248 0.62878 0.0154114 0.620855 -0.0217841 0.515183 0.000729319
0 0.0575113 0.671201 0.0583103 0.586603 -0.00679904 0.585988 -0.00759803 0.670586
