0 0.956296 0.435261 0.978263 0.321794 0.830715 0.271012 0.808748 0.384479
0 0.922986 0.151243 0.934014 0.00727815 0.827006 -0.00729354 0.815978 0.136671
0 0.734647 0.333702 0.753032 0.208637 0.679693 0.189471 0.661308 0.314535
0 0.662969 0.316279 0.685067 0.201224 0.600723 0.172425 0.578625 0.28748
0 0.666149 1.00318 0.700482 0.883978 0.61907 0.842291 0.584737 0.961492
0 0.712767 0.691904 0.748879 0.593749 0.70143 0.562714 0.665318 0.660869
0 0.403234 0.378768 0.432995 0.240743 0.338423 0.20449 0.308661 0.342515
0 0.970354 1.0047 1.04105 0.847989 0.938266 0.765553 0.867567 0.922267
0 0.828761 0.377166 0.850315 0.255341 0.746588 0.222714 0.725034 0.34454
0 0.680058 0.662016 0.703328 0.559372 0.619208 0.525469 0.595938 0.628113
0 0.805369 0.762432 0.864161 0.619665 0.776738 0.555664 0.717946 0.69843
0 0.436522 0.561322 0.46695 0.462892 0.419345 0.43673 0.388917 0.535159
0 0.407519 0.939393 0.50012 0.762359 0.334892 0.608713 0.24229 0.785748
0 0.998535 0.47178 1.01453 0.347991 0.964177 0.336423 0.94818 0.460212
0 0.760615 0.898448 0.815682 0.733772 0.718233 0.67584 0.663165 0.840515
0 0.107052 0.687603 0.126383 0.576727 0.0444484 0.551331 0.025117 0.662207
0 0.394209 0.536211 0.436468 0.430476 0.321812 0.34901 0.279553 0.454745
0 0.0611709 0.78509 0.0866683 0.666956 0.00686967 0.636337 -0.0186278 0.754471
0 0.943164 1.05093 0.968497 0.977204 0.863127 0.912833 0.837794 0.986555
0 0.961485 0.195402 0.988596 0.0773613 0.928519 0.0528315 0.901408 0.170873
0 0.638514 1.03798 0.655669 0.950752 0.578839 0.923891 0.561685 1.01112
0 0.238414 0.0688979 0.245688 -0.00890303 0.16008 -0.0231316 0.152807 0.0546694
0 0.53343 0.568362 0.543981 0.508242 0.484262 0.48961 0.473711 0.54973
0 0.531898 0.295737 0.564534 0.138998 0.396378 0.0767529 0.363743 0.233492
0 1.00271 0.83053 1.01211 0.736638 0.969106 0.728984 0.959705 0.822876
0 0.736733 0.0426028 0.737945 -0.00458888 0.642366 -0.00895506 0.641153 0.0382366
0 0.999563 0.0356357 0.99975 0.00114117 0.922439 0.000398472 0.922253 0.034893
0 0.7392 1.0298 0.762933 0.957562 0.699688 0.92062 0.675955 0.992854
0 0.0994315 0.323593 0.214961 0.208808 0.157537 0.106058 0.0420074 0.220843
0 0.169674 0.0246246 0.169926 -0.00219519 0.100698 -0.00335179 0.100446 0.023468
0 0.645519 1.03894 0.676511 0.895008 0.597526 0.864773 0.566533 1.00871
0 0.609238 0.610302 0.628353 0.534509 0.539267 0.494568 0.520152 0.570361
0 0.385826 1.02294 0.433111 0.912583 0.245089 0.769362 0.197804 0.87972
0 0.0690713 0.349336 0.0791345 0.200051 -0.0177158 0.188445 -0.027779 0.33773
0 0.998881 0.202263 1.00891 0.101207 0.972393 0.0947616 0.96236 0.195818
0 0.328527 0.108505 0.340931 -0.00492343 0.241717 -0.0242128 0.229312 0.0892152
0 0.0717585 0.496289 0.0744242 0.411966 0.00377861 0.407996 0.0011129 0.492319
0 0.479131 0.546607 0.489983 0.482602 0.454588 0.471933 0.443736 0.535938
0 0.0396086 0.873784 0.0437411 0.770293 -0.0070353 0.766688 -0.0111678 0.87018
0 0.553937 1.00207 0.64731 0.998043 0.645369 0.917952 0.551996 0.921975
0 0.0356345 0.327594 0.047276 0.214636 -0.00534227 0.204995 -0.0169837 0.317954
