0 0.817866 0.339721 0.968718 0.286179 0.945339 0.169077 0.794487 0.222619
0 0.714906 0.601281 0.752075 0.481977 0.690911 0.4481 0.653742 0.567404
0 0.491373 0.469176 0.530797 0.349353 0.4728 0.315429 0.433376 0.435253
0 0.54541 0.49664 0.583415 0.380096 0.52914 0.348631 0.491134 0.465175
0 0.654368 0.569765 0.692587 0.450825 0.638475 0.419913 0.600256 0.538853
0 0.598513 0.531529 0.640126 0.416214 0.584394 0.38046 0.542781 0.495775
0 0.691603 0.358469 0.835185 0.30116 0.812381 0.199591 0.6688 0.2569
0 0.453986 0.422122 0.468452 0.30453 0.395385 0.28855 0.380918 0.406142
0 0.924606 0.520744 1.00298 0.518633 1.00123 0.40321 0.922857 0.405321
0 0.597484 0.208051 0.658969 0.169269 0.620105 0.0597333 0.558621 0.0985149
0 0.648153 0.180061 0.7225 0.138653 0.682184 0.00996492 0.607837 0.051373
0 0.968379 0.912844 1.02518 0.747645 0.94839 0.700707 0.891589 0.865906
0 0.343067 0.875346 0.39199 0.679487 0.322788 0.648757 0.273866 0.844616
0 0.582021 1.07471 0.637076 0.862036 0.516293 0.80645 0.461238 1.01913
0 0.380058 1.04708 0.460413 0.789597 0.358091 0.732827 0.277735 0.99031
0 0.0466918 0.665046 0.142307 0.26393 0.0438194 0.222194 -0.0517955 0.623309
0 0.0537825 0.0506313 0.0543566 6.32231e-05 -0.00231008 -0.00108043 -0.00288415 0.0494877
0 0.997285 0.952218 1.00914 0.795916 0.946071 0.787411 0.934215 0.943713
0 0.344038 0.109887 0.394239 0.0574225 0.337749 -0.0386691 0.287548 0.0137959
0 0.35808 0.0684779 0.453284 0.0612373 0.449643 -0.0238828 0.354439 -0.0166422
0 0.112635 0.711554 0.215929 0.29539 0.103341 0.24571 4.71883e-05 0.661874
0 0.66891 1.12365 0.795133 0.912542 0.676901 0.786871 0.550679 0.997982
0 0.360331 1.00647 0.360917 0.972608 0.290338 0.970438 0.289752 1.0043
0 0.134318 0.156042 0.136072 0.10305 0.0756272 0.0994913 0.0738724 0.152484
0 0.582849 1.04523 0.59876 0.933871 0.487795 0.905685 0.471883 1.01705
