0 0.918571 0.923202 0.964015 0.817514 0.824422 0.710806 0.778978 0.816493
0 0.832106 0.408148 0.882713 0.183111 0.767402 0.137011 0.716795 0.362047
0 1.00605 0.921006 1.03018 0.802777 0.949774 0.773607 0.925647 0.891836
0 0.334247 1.01866 0.443909 1.00309 0.439873 0.952564 0.33021 0.96814
0 0.048713 0.423309 0.0563262 0.294938 -0.00865363 0.288087 -0.0162668 0.416458
0 0.822865 0.40074 0.85029 0.29223 0.745259 0.245037 0.717833 0.353547
0 0.0758915 0.317701 0.0969643 0.136919 -0.00041592 0.116739 -0.0214888 0.297521
0 0.612388 0.431808 0.622355 0.328908 0.534794 0.31383 0.524826 0.41673
0 0.481103 0.793735 0.520429 0.660331 0.441224 0.618823 0.401899 0.752227
0 0.23044 1.01098 0.333797 1.00417 0.332817 0.977757 0.229461 0.984571
0 0.59788 0.192927 0.638102 0.0218913 0.570512 -0.00636672 0.53029 0.164669
0 0.529733 0.651586 0.550472 0.560527 0.470638 0.528203 0.449899 0.619261
0 0.000558762 1.00119 0.0387182 1.00112 0.0386165 0.911585 0.000457024 0.911662
0 0.633608 0.367805 0.699399 0.122143 0.603838 0.076646 0.538047 0.322307
0 0.270194 1.0022 0.327852 1.00041 0.327493 0.979747 0.269835 0.98153
0 -0.000513267 0.993896 0.0591641 0.993493 0.058749 0.883976 -0.000928421 0.884378
