0 0.432536 0.741549 0.633086 0.541264 0.557009 0.405838 0.356459 0.606124
0 0.367292 0.581909 0.563136 0.38483 0.479551 0.237165 0.283707 0.434244
0 0.730321 0.264661 0.808492 0.201508 0.723523 0.0145292 0.645352 0.0776818
0 0.285143 0.437363 0.481407 0.245423 0.411205 0.117808 0.214941 0.309748
0 0.873759 0.530234 0.968812 0.444539 0.827471 0.165828 0.732419 0.251523
0 0.0398048 0.872383 0.238456 0.662931 0.15253 0.518052 -0.0461206 0.727504
0 0.645104 0.874346 0.747709 0.792785 0.631357 0.532565 0.528752 0.614126
0 0.216139 0.336183 0.418038 0.116812 0.342264 -0.0071673 0.140366 0.212203
0 0.156399 0.23342 0.357259 0.0297457 0.265106 -0.131818 0.0642463 0.0718563
0 0.133329 1.02099 0.311401 0.82904 0.217576 0.674304 0.0395044 0.866259
0 -0.00359573 0.597181 0.133555 0.444614 0.0707175 0.344192 -0.0664328 0.496758
0 0.75575 1.08047 0.84415 0.987659 0.755666 0.837839 0.667267 0.930654
0 0.964606 0.483604 1.09396 0.390086 0.988767 0.131426 0.859416 0.224943
0 0.210306 1.07274 0.345512 0.935328 0.294119 0.845431 0.158913 0.982845
0 0.985565 0.620059 1.04593 0.461745 0.92957 0.382876 0.869209 0.54119
0 0.696232 0.922815 0.779411 0.850631 0.753853 0.798272 0.670673 0.870456
0 0.60774 0.0770296 0.718717 0.0758061 0.718111 -0.0217862 0.607135 -0.0205627
0 0.0483336 0.374086 0.0578047 0.256112 -0.0120162 0.246147 -0.0214872 0.364121
0 0.259875 0.998276 0.364067 0.995072 0.362561 0.908009 0.258369 0.911214
0 0.874216 0.297274 1.04202 0.0664584 0.859427 -0.169538 0.691621 0.0612771
0 0.0458595 0.0723011 0.164441 0.064528 0.161777 -0.00770613 0.0431961 6.6936e-05
0 0.000783205 0.428325 0.108192 0.427934 0.107657 0.166215 0.00024797 0.166606
0 0.535256 1.08822 0.649181 0.956703 0.493661 0.717211 0.379736 0.848731
0 0.971942 0.992567 1.0039 0.992471 1.0038 0.931895 0.971839 0.931991
0 0.273264 1.01236 0.346544 1.00502 0.343231 0.946231 0.269951 0.953573
