0 0.320728 0.484313 0.332715 0.389351 0.202171 0.372873 0.190184 0.467835
0 0.372995 0.50647 0.381225 0.421212 0.312381 0.414566 0.30415 0.499824
0 0.219991 0.194099 0.289222 0.00248056 0.217171 -0.0235509 0.14794 0.168068
0 0.663826 0.622717 0.67598 0.525532 0.539499 0.508463 0.527344 0.605648
0 0.734367 0.85537 0.824242 0.824349 0.746262 0.598423 0.656387 0.629445
0 0.539518 0.579687 0.556723 0.485444 0.484255 0.472214 0.46705 0.566457
0 0.135126 0.820175 0.218907 0.587671 0.0540137 0.528253 -0.0297674 0.760757
0 0.335602 0.98422 0.365355 0.88493 0.191576 0.832856 0.161823 0.932145
0 0.141245 0.173065 0.214713 0.00929694 0.132508 -0.027581 0.05904 0.136187
0 0.225432 0.836613 0.242464 0.772218 0.136917 0.744302 0.119885 0.808696
0 0.76999 0.166112 0.816682 0.0327611 0.547504 -0.0614894 0.500813 0.0718611
0 0.483409 0.555975 0.503723 0.46399 0.374185 0.435384 0.353872 0.527368
0 0.5582 1.02266 0.565012 0.957463 0.436799 0.944066 0.429987 1.00926
0 0.36537 0.257594 0.425701 0.0293055 0.273731 -0.0108567 0.2134 0.217432
0 0.110732 0.407873 0.120419 0.314026 0.0355853 0.305269 0.0258981 0.399116
0 0.361356 0.896161 0.412346 0.728695 0.255303 0.680879 0.204313 0.848345
0 0.0405269 0.41996 0.0529359 0.280199 -0.00808294 0.274781 -0.0204919 0.414542
0 0.438245 1.01483 0.459511 0.91939 0.400591 0.906261 0.379324 1.0017
0 0.694045 0.313877 0.722582 0.193756 0.553415 0.153568 0.524879 0.273689
0 1.00858 0.502206 1.01824 0.392582 0.93885 0.385585 0.929188 0.495209
0 0.0952052 0.784901 0.11759 0.714946 0.00885416 0.680151 -0.0135309 0.750106
0 0.196677 0.449401 0.219184 0.359548 0.147762 0.341657 0.125255 0.43151
0 0.9899 0.052853 0.997134 -0.004482 0.925331 -0.0135422 0.918097 0.0437928
0 0.0873219 0.898691 0.116328 0.789433 0.00082728 0.758769 -0.028179 0.868028
0 0.333969 0.876307 0.350923 0.809511 0.224512 0.777424 0.207557 0.84422
