0 0.830119 0.42087 0.830795 0.310603 0.748563 0.309706 0.747886 0.419973
0 0.534194 0.989549 0.534288 0.918347 0.483732 0.918229 0.483638 0.98943
0 0.0761029 0.755193 0.192801 0.713742 0.172093 0.610101 0.0553956 0.651552
0 0.390746 0.767943 0.476299 0.765535 0.474662 0.66215 0.389109 0.664558
0 0.104688 0.942113 0.238448 0.887903 0.21192 0.771537 0.0781605 0.825746
0 0.746456 0.601318 0.865738 0.570489 0.853929 0.489264 0.734648 0.520093
0 0.648106 0.637475 0.768416 0.604568 0.755093 0.517977 0.634784 0.550884
0 0.269305 0.687933 0.275889 0.576923 0.190772 0.567948 0.184188 0.678959
0 0.929681 0.98397 0.929894 0.899422 0.855911 0.899091 0.855698 0.983639
0 0.758779 1.01544 0.868841 0.993231 0.858817 0.904901 0.748755 0.927107
0 1.0011 0.973768 1.00138 0.872645 0.923432 0.872263 0.923153 0.973386
0 0.847609 0.58653 0.934586 0.586269 0.934396 0.473765 0.847419 0.474027
0 0.284159 0.494492 0.294854 0.414837 0.216367 0.396103 0.205672 0.475758
0 0.631421 0.191355 0.807926 0.0203787 0.76807 -0.0527675 0.591565 0.118208
0 0.830728 0.409388 0.938432 0.360466 0.910379 0.250672 0.802676 0.299593
0 0.555598 0.727615 0.556883 0.62278 0.470439 0.620895 0.469153 0.725731
0 0.92391 0.573291 1.00571 0.57318 1.00561 0.448779 0.923814 0.448891
0 0.234632 0.883012 0.28818 0.859588 0.257409 0.734535 0.203861 0.757959
0 0.540218 0.705829 0.61781 0.704394 0.616518 0.580228 0.538926 0.581663
0 0.62968 0.489817 0.76958 0.417965 0.748616 0.345401 0.608716 0.417253
0 0.332297 0.632629 0.419333 0.582914 0.393222 0.501647 0.306186 0.551362
0 0.123508 0.993461 0.20604 0.977931 0.198728 0.908847 0.116196 0.924376
0 0.0555875 0.583965 0.0650755 0.496394 -0.000899808 0.483686 -0.0103878 0.571258
0 -0.00360824 0.769717 0.0831113 0.769252 0.0827363 0.644912 -0.00398325 0.645377
0 0.592286 0.823446 0.598977 0.740598 0.533619 0.731213 0.526927 0.814061
0 0.406649 0.582046 0.493928 0.524109 0.467683 0.45382 0.380403 0.511757
0 0.664179 1.01424 0.767653 0.99966 0.762771 0.938068 0.659297 0.952649
0 0.488649 0.553153 0.572511 0.500003 0.535548 0.39632 0.451686 0.44947
0 0.133523 0.606297 0.144137 0.523391 0.0495819 0.50187 0.0389675 0.584775
0 0.262659 1.00906 0.323398 1.00855 0.323111 0.947639 0.262372 0.948147
0 0.184585 0.624283 0.19451 0.544253 0.128851 0.529776 0.118926 0.609806
0 0.0816379 0.417713 0.095674 0.335425 0.0111646 0.309798 -0.00287143 0.392086
0 0.157425 0.442506 0.170414 0.35982 0.0869326 0.336506 0.0739434 0.419192
0 0.214427 0.471235 0.232867 0.389848 0.150512 0.356674 0.132071 0.438061
0 0.0509651 0.0931243 0.0519376 0.00543212 0.00139757 0.0044356 0.000424976 0.0921277
0 0.911943 0.199439 1.03622 0.11163 1.0005 0.0217502 0.876222 0.109559
0 -0.00493231 1.00131 0.047635 1.00045 0.0464743 0.873583 -0.00609302 0.874438
0 0.44311 0.885358 0.445445 0.810222 0.386149 0.806946 0.383814 0.882082
0 0.272413 0.814535 0.319884 0.795775 0.298943 0.70157 0.251472 0.72033
0 0.442919 0.878165 0.540165 0.831686 0.519718 0.755634 0.422472 0.802113
0 0.390233 0.90886 0.394051 0.835495 0.338608 0.830366 0.334791 0.903731
0 0.129435 0.239667 0.38167 0.238396 0.380807 -0.0660629 0.128573 -0.0647924
0 0.430612 1.00464 0.489062 1.00324 0.48817 0.937046 0.429719 0.938446
0 0.441141 1.02923 0.442528 0.899831 0.32013 0.897499 0.318744 1.0269
0 0.916741 0.358732 0.997525 0.355879 0.995207 0.23918 0.914422 0.242032
0 0.135357 1.01817 0.22497 0.995903 0.219279 0.955194 0.129666 0.977466
0 -0.00103199 0.792893 0.0198951 0.792159 0.0180718 0.699741 -0.00285531 0.700475
0 0.774649 0.896331 0.778813 0.762114 0.652116 0.755127 0.647953 0.889344
0 0.329721 1.02028 0.377632 0.993731 0.352184 0.912088 0.304273 0.938636
