0 0.59372 0.926823 0.660544 0.770283 0.565934 0.698483 0.49911 0.855024
0 0.344725 0.846341 0.375695 0.733587 0.291853 0.692648 0.260884 0.805401
0 0.919416 0.235384 0.945554 0.0976399 0.792229 0.045915 0.76609 0.183659
0 0.414892 0.659659 0.447022 0.546488 0.372126 0.508687 0.339996 0.621857
0 0.385886 0.748938 0.411385 0.638691 0.32742 0.604167 0.301921 0.714414
0 0.720558 0.668629 0.788304 0.508537 0.689058 0.433874 0.621312 0.593967
0 0.795776 0.150062 0.803935 0.0230553 0.707311 0.0120207 0.699152 0.139027
0 0.316247 0.935377 0.329737 0.815513 0.244412 0.798441 0.230921 0.918304
0 0.664564 0.793842 0.723994 0.645014 0.615513 0.568002 0.556082 0.71683
0 0.973869 0.637601 1.02569 0.511805 0.888711 0.411488 0.836889 0.537284
0 0.462882 0.358574 0.498962 0.26026 0.451365 0.229206 0.415284 0.32752
0 0.998184 0.232267 1.01115 0.102541 0.929708 0.0880677 0.91674 0.217794
0 0.530249 1.06366 0.599699 0.911632 0.526195 0.851938 0.456746 1.00397
0 0.430341 0.328533 0.453294 0.225507 0.368893 0.192079 0.34594 0.295105
0 0.164881 0.603814 0.247367 0.417626 0.0717396 0.2793 -0.010747 0.465488
0 0.187011 0.227605 0.216761 0.130026 0.168836 0.104051 0.139086 0.201629
0 0.559177 0.431942 0.617504 0.283922 0.52898 0.221909 0.470653 0.369929
0 0.708183 0.10015 0.723156 5.94159e-05 0.575523 -0.0392044 0.56055 0.0608858
0 0.146819 0.20871 0.196274 0.098543 0.0614376 -0.00906304 0.0119834 0.101104
0 0.510566 0.564862 0.565375 0.401053 0.468103 0.343194 0.413295 0.507002
0 0.851297 0.577836 0.90346 0.445845 0.755459 0.341863 0.703296 0.473854
0 0.145008 0.203243 0.179396 0.0978779 0.0950784 0.048956 0.0606905 0.154321
0 0.283158 0.235033 0.293485 0.174524 0.234223 0.156542 0.223896 0.217051
0 0.142095 0.690654 0.187582 0.580073 -0.00418688 0.439837 -0.0496737 0.550418
0 1.00878 0.490057 1.02268 0.350376 0.956079 0.338598 0.942184 0.47828
0 0.23672 1.0626 0.273751 0.971341 0.194638 0.91427 0.157607 1.00553
0 0.35984 0.276424 0.378364 0.199357 0.289118 0.161222 0.270594 0.238289
0 0.574866 0.0414534 0.57692 -0.00678964 0.524843 -0.0107313 0.522789 0.0375117
0 0.575239 0.0469387 0.57655 -0.00677505 0.492804 -0.0104079 0.491493 0.0433058
0 0.142429 0.0386035 0.14412 -0.00083844 0.0736352 -0.00621143 0.071944 0.0332305
0 0.950549 0.676794 1.00351 0.675457 1.00184 0.557901 0.94888 0.559238
0 0.6082 1.02789 0.620343 0.971747 0.554317 0.946357 0.542173 1.0025
0 0.779256 0.532272 0.834448 0.386168 0.764305 0.339061 0.709112 0.485165
0 0.229431 0.213438 0.240145 0.148809 0.204446 0.138288 0.193732 0.202917
0 0.202915 0.0479674 0.204245 -0.00992761 0.143548 -0.0124081 0.142217 0.0454869
0 0.0819979 1.01882 0.0848652 0.936604 0.0019496 0.931463 -0.000917755 1.01368
