0 0.655356 0.351558 0.707784 0.261614 0.630487 0.23627 0.578059 0.326214
0 0.953924 0.451351 0.999713 0.362491 0.918137 0.338846 0.872348 0.427705
0 0.72757 0.372429 0.777926 0.285013 0.705298 0.26148 0.654942 0.348896
0 0.873087 0.426117 0.922363 0.33869 0.8505 0.315907 0.801225 0.403334
0 0.798433 0.398563 0.853741 0.312266 0.779066 0.285345 0.723758 0.371642
0 0.604599 0.316741 0.623977 0.227949 0.526595 0.215994 0.507217 0.304786
0 0.77333 0.808214 0.846718 0.639279 0.694185 0.602006 0.620797 0.770941
0 0.796766 0.155755 0.878207 0.12659 0.826338 0.0451158 0.744897 0.0742805
0 0.866657 0.135246 0.963523 0.101514 0.90583 0.00832323 0.808965 0.0420547
0 0.45828 0.65212 0.521319 0.510824 0.431154 0.488197 0.368115 0.629492
0 0.0618376 0.498898 0.189588 0.19808 0.0584695 0.166758 -0.0692806 0.467577
0 0.483633 0.822968 0.494842 0.745846 0.378805 0.73636 0.367597 0.813481
0 0.764132 0.800159 0.799594 0.718861 0.660197 0.684658 0.624736 0.765957
0 0.07171 0.0379735 0.0724754 4.74174e-05 -0.0030801 -0.000810323 -0.00384553 0.0371158
0 0.509514 0.778704 0.60524 0.590624 0.475983 0.553618 0.380257 0.741698
0 0.458784 0.0824741 0.525702 0.0431176 0.450297 -0.0290016 0.383379 0.0103549
0 0.477005 0.0513018 0.604805 0.0459666 0.60011 -0.0172909 0.472311 -0.0119557
0 0.149512 0.534619 0.288085 0.221606 0.137753 0.18417 -0.00081935 0.497183
0 0.374257 0.989315 0.401984 0.919908 0.294328 0.895717 0.266601 0.965123
0 0.356145 1.00347 0.438319 1.0019 0.437671 0.982731 0.355497 0.984294
0 0.179086 0.117031 0.181425 0.0772893 0.100837 0.0746207 0.0984971 0.114362
0 1.00451 0.256357 1.00472 0.18545 0.911227 0.185293 0.911016 0.2562
