0 0.217933 0.267577 0.334176 0.0980574 0.112878 -0.0536913 -0.003365 0.115828
0 0.423213 0.605346 0.440136 0.482822 0.323425 0.466702 0.306501 0.589226
0 0.963213 0.337066 1.04876 0.177305 0.911313 0.10371 0.825769 0.263471
0 0.789767 0.593688 0.879809 0.437192 0.755871 0.365883 0.66583 0.522379
0 0.462428 0.514829 0.498424 0.399235 0.38507 0.363937 0.349074 0.47953
0 0.88272 0.977621 0.927165 0.878352 0.813805 0.827598 0.76936 0.926868
0 0.379512 0.90952 0.438066 0.785464 0.334593 0.736626 0.27604 0.860682
0 0.557844 1.0324 0.627373 0.896383 0.528974 0.846085 0.459445 0.982106
0 0.183926 0.360615 0.250098 0.244657 -0.00239048 0.100572 -0.0685631 0.216531
0 0.493643 0.965611 0.541126 0.82554 0.415029 0.782794 0.367546 0.922866
0 0.699337 0.724843 0.796518 0.576595 0.706155 0.51736 0.608974 0.665607
0 0.568211 0.325152 0.597904 0.2064 0.485246 0.178231 0.455553 0.296982
0 0.499001 0.424748 0.549903 0.311706 0.447306 0.265506 0.396403 0.378548
0 0.831785 1.02814 0.87283 0.970626 0.779297 0.903879 0.738252 0.961396
0 0.689595 0.235409 0.760361 0.0491785 0.628589 -0.000893474 0.557823 0.185337
0 0.701616 1.05882 0.741352 0.951029 0.609844 0.902547 0.570107 1.01033
0 0.921932 0.381675 0.961455 0.317681 0.864071 0.257537 0.824549 0.321531
0 0.875649 0.464377 0.948382 0.352907 0.814166 0.265333 0.741433 0.376803
0 0.316621 0.849811 0.376148 0.621364 0.226397 0.582342 0.166869 0.81079
0 0.935035 0.861991 0.991087 0.770961 0.818885 0.664927 0.762833 0.755957
0 0.746103 0.0680707 0.758131 0.0084226 0.648727 -0.0136399 0.636698 0.0460082
0 0.941153 0.165344 1.0035 0.163523 1.00027 0.0529549 0.937923 0.0547764
0 0.768125 1.03806 0.809283 0.981061 0.743438 0.933517 0.70228 0.990517
0 0.7888 0.760336 0.83518 0.662343 0.746018 0.620144 0.699639 0.718136
0 0.180945 0.574227 0.220994 0.468259 0.0857098 0.41713 0.0456605 0.523097
0 0.736476 0.818587 0.754772 0.757871 0.6836 0.736423 0.665303 0.797139
0 0.999659 1.00467 1.00078 0.962873 0.972993 0.962131 0.971876 1.00393
0 0.679065 0.385106 0.720694 0.319371 0.603773 0.245328 0.562145 0.311064
0 0.979826 0.679386 1.0023 0.679381 1.00228 0.597408 0.979809 0.597412
