0 0.812891 0.163031 0.859993 0.0184785 0.750797 -0.0171024 0.703695 0.12745
0 0.818072 0.505752 0.969501 0.463839 0.945039 0.375461 0.793611 0.417374
0 0.714938 0.70099 0.752152 0.611395 0.690927 0.585965 0.653714 0.67556
0 0.491026 0.601942 0.531131 0.511729 0.473236 0.485991 0.433131 0.576204
0 0.545266 0.622683 0.58363 0.534722 0.529274 0.511015 0.490911 0.598977
0 0.655459 0.678145 0.695186 0.584197 0.639186 0.560516 0.599459 0.654464
0 0.598529 0.648729 0.640229 0.561771 0.58446 0.535028 0.54276 0.621986
0 0.691628 0.519363 0.835573 0.475802 0.812256 0.398751 0.668311 0.442312
0 0.65559 0.387742 0.72796 0.354873 0.684817 0.259883 0.612448 0.292752
0 0.453453 0.567097 0.46892 0.478233 0.395696 0.465488 0.380229 0.554352
0 0.924608 0.640659 1.003 0.639074 1.00125 0.552444 0.922857 0.554029
0 0.597798 0.406499 0.659246 0.376897 0.619335 0.29405 0.557887 0.323652
0 0.453799 0.0775397 0.462418 -0.00776984 0.364026 -0.0177109 0.355407 0.0675987
0 0.968381 0.934635 1.02518 0.810732 0.948386 0.775532 0.891591 0.899435
0 0.378065 0.3143 0.501352 0.237197 0.448983 0.15346 0.325696 0.230563
0 0.34307 0.906507 0.391985 0.759619 0.322786 0.736575 0.273871 0.883464
0 0.0775266 0.283814 0.191493 0.195204 0.135761 0.123523 0.0217943 0.212133
0 0.582018 1.05603 0.637079 0.89653 0.5163 0.854837 0.46124 1.01433
0 0.380056 1.03532 0.460412 0.842201 0.35809 0.799625 0.277734 0.992739
0 0.0464895 0.748513 0.143037 0.447461 0.0445143 0.415864 -0.0520334 0.716917
0 0.13784 0.367968 0.139767 0.306047 0.0770795 0.304097 0.0751532 0.366018
0 -3.83705e-06 0.296785 0.0634406 0.275165 0.032941 0.185665 -0.0305035 0.207286
0 0.34494 0.333689 0.394757 0.297875 0.334266 0.21373 0.284449 0.249544
0 0.997284 0.964153 1.00914 0.846919 0.94607 0.84054 0.934214 0.957775
0 0.543455 0.0926998 0.545611 0.0196868 0.450012 0.0168639 0.447856 0.0898768
0 0.112571 0.783594 0.216081 0.471248 0.104328 0.434214 0.000817358 0.746559
0 0.177583 0.013775 0.177739 -0.000134492 0.0909465 -0.0011087 0.0907903 0.0128008
0 0.668922 1.09274 0.795126 0.934393 0.676891 0.840157 0.550687 0.998499
0 0.36033 1.00485 0.360916 0.979458 0.290342 0.977829 0.289756 1.00323
0 0.582854 1.03393 0.59877 0.950402 0.487799 0.929256 0.471883 1.01278
