0 0.408176 0.56558 0.577312 0.547532 0.57021 0.480981 0.401075 0.499029
0 0.254139 0.582836 0.427286 0.566895 0.42071 0.495479 0.247564 0.51142
0 0.528051 0.290447 0.560728 0.150517 0.479155 0.131468 0.446478 0.271398
0 0.371785 0.606035 0.498413 0.596494 0.495394 0.556417 0.368765 0.565957
0 0.0607599 0.0593575 0.157844 0.0310222 0.141595 -0.0246539 0.0445102 0.00368146
0 0.789029 0.335176 0.791307 0.229402 0.697759 0.227388 0.695481 0.333162
0 0.183651 0.329845 0.268776 0.289034 0.138988 0.0183249 0.0538638 0.0591367
0 0.685518 0.185019 0.687532 0.0833545 0.613919 0.0818965 0.611906 0.183561
0 0.194936 0.28845 0.24155 0.270417 0.206759 0.180484 0.160145 0.198517
0 0.471467 0.180242 0.507695 0.0017269 0.4177 -0.016537 0.381472 0.161978
0 0.261837 0.620827 0.355784 0.616587 0.353679 0.569946 0.259732 0.574186
0 0.398363 0.124595 0.418477 -0.00690797 0.269503 -0.029695 0.249389 0.101808
0 0.715242 1.00205 0.776713 1.00179 0.776506 0.951937 0.715034 0.952192
