0 0.379892 0.433689 0.405867 0.317237 0.316336 0.297268 0.290361 0.41372
0 0.0915976 0.30589 0.107689 0.187874 0.0040861 0.173748 -0.0120054 0.291764
0 0.11963 0.969486 0.137338 0.821826 -0.00285732 0.805013 -0.0205658 0.952673
0 0.408738 1.02498 0.414701 0.94049 0.243778 0.928427 0.237815 1.01292
0 0.634881 0.81761 0.761821 0.781509 0.670891 0.461778 0.543951 0.497879
0 0.165312 0.332528 0.171815 0.222709 0.0811822 0.217342 0.0746793 0.327161
0 0.552202 0.508015 0.559965 0.354222 0.383879 0.345334 0.376117 0.499127
0 0.562427 0.161866 0.610951 0.0136894 0.531806 -0.0122289 0.483282 0.135947
0 0.152753 0.850875 0.218158 0.656121 0.0168689 0.588521 -0.048536 0.783276
0 0.334075 0.467158 0.348829 0.252036 0.158599 0.238989 0.143845 0.454111
0 0.5448 0.133547 0.57453 -0.00623628 0.371008 -0.0495227 0.341278 0.0902608
0 0.310051 0.40335 0.33629 0.279648 0.257141 0.262859 0.230902 0.386562
0 0.275516 0.389631 0.28762 0.26389 0.167984 0.252375 0.155881 0.378116
0 0.154107 0.407688 0.180433 0.179846 -0.0258789 0.156008 -0.0522049 0.383849
0 0.109205 0.826316 0.117437 0.740648 0.00416117 0.729763 -0.00407099 0.815431
0 0.647803 0.517516 0.654672 0.396254 0.521023 0.388683 0.514154 0.509946
0 0.359056 0.070372 0.378377 0.0156489 0.267811 -0.0233869 0.248491 0.0313362
