0 0.933867 0.955 0.938239 0.841283 0.814105 0.83651 0.809733 0.950228
0 0.963126 0.566648 0.970329 0.41573 0.858405 0.410388 0.851203 0.561307
0 0.38157 0.193751 0.411213 0.0725723 0.331871 0.0531638 0.302228 0.174342
0 0.681456 0.361007 0.683173 0.211732 0.567486 0.210401 0.565768 0.359675
0 0.722246 0.205653 0.724893 0.051544 0.607032 0.0495194 0.604385 0.203628
0 0.489187 0.617483 0.595882 0.616095 0.594618 0.518961 0.487923 0.520349
0 0.118896 0.883365 0.204078 0.753119 0.0800537 0.672007 -0.00512775 0.802253
0 0.629127 0.528424 0.642853 0.374368 0.523282 0.363714 0.509556 0.517771
0 0.282186 0.554097 0.330795 0.400469 0.249386 0.37471 0.200777 0.528339
0 1.00068 0.41411 1.00854 0.253822 0.901887 0.248593 0.894028 0.408881
0 0.0975577 0.141705 0.125415 0.0574597 0.00960001 0.0191629 -0.0182575 0.103408
0 0.368064 0.248281 0.378456 0.182549 0.307211 0.171285 0.296819 0.237018
0 0.356766 0.296376 0.367272 0.228573 0.291591 0.216846 0.281085 0.284649
0 0.980363 0.851527 0.987171 0.713559 0.769942 0.70284 0.763134 0.840808
0 0.33008 0.408394 0.351549 0.291296 0.269768 0.276302 0.248298 0.3934
0 0.270679 0.175989 0.284381 0.0963098 0.107293 0.0658566 0.0935912 0.145536
0 0.940407 0.225346 1.00332 0.224795 1.0023 0.108699 0.93939 0.10925
0 0.274879 0.557626 0.282048 0.499987 0.208673 0.490861 0.201504 0.548501
0 0.845555 0.0483458 0.969849 0.0464872 0.969097 -0.00381249 0.844803 -0.00195395
0 0.974654 0.855564 0.988893 0.727749 0.916017 0.719631 0.901779 0.847446
0 0.0587191 0.577563 0.0591354 0.464363 -0.00223128 0.464137 -0.0026476 0.577338
0 0.341807 0.351312 0.353709 0.293784 0.282285 0.279007 0.270383 0.336535
0 0.32704 0.407615 0.3415 0.343418 0.259334 0.324911 0.244875 0.389108
0 0.118588 0.406383 0.132512 0.308072 0.0327466 0.293942 0.0188229 0.392253
0 0.410242 0.932234 0.554098 0.737388 0.412303 0.6327 0.268447 0.827546
0 0.852688 0.835728 0.85757 0.702282 0.769523 0.699061 0.764641 0.832507
0 0.17627 0.161747 0.193195 0.0733756 0.121365 0.0596187 0.10444 0.14799
0 0.118474 0.901133 0.125846 0.842794 0.0666665 0.835315 0.0592946 0.893655
0 0.378863 0.19088 0.393941 0.127059 0.31906 0.109368 0.303982 0.173189
0 0.943213 0.251367 1.00823 0.249063 1.00555 0.173571 0.940538 0.175874
0 0.118679 0.506308 0.138688 0.285257 0.00637863 0.273281 -0.01363 0.494332
0 0.839607 0.0288159 0.841201 -0.00122829 0.76723 -0.00515267 0.765636 0.0248915
0 -0.000609064 0.84915 0.0255275 0.848648 0.0243107 0.785306 -0.00182588 0.785808
