0 0.302868 1.00622 0.507311 0.845102 0.422887 0.737973 0.218444 0.899087
0 0.760873 0.480152 0.873362 0.420161 0.752469 0.193478 0.63998 0.25347
0 0.648725 0.910985 0.863707 0.761329 0.782297 0.644382 0.567315 0.794038
0 0.894276 0.301479 0.89524 0.190905 0.779429 0.189895 0.778465 0.300469
0 0.468935 0.606843 0.66404 0.471791 0.576156 0.344828 0.381051 0.47988
0 0.198025 0.923366 0.421951 0.760614 0.364445 0.681494 0.14052 0.844247
0 0.252903 0.369954 0.253609 0.235422 0.125755 0.234751 0.125049 0.369283
0 0.829929 0.523388 0.941687 0.416936 0.880256 0.352444 0.768499 0.458896
0 0.777486 1.08692 0.985074 0.941426 0.911756 0.836819 0.704169 0.982313
0 0.396618 0.487857 0.59106 0.334713 0.499281 0.218183 0.304839 0.371327
0 0.565356 0.720552 0.742921 0.580217 0.649262 0.461712 0.471698 0.602047
0 0.718388 0.999844 0.917939 0.836697 0.842406 0.744311 0.642856 0.907458
0 0.000177063 0.371438 0.125282 0.369816 0.123485 0.2311 -0.00162055 0.232721
0 0.61134 0.774534 0.795136 0.654126 0.74549 0.578344 0.561694 0.698752
0 0.425244 0.688509 0.476934 0.6542 0.392456 0.526922 0.340766 0.56123
0 0.0164075 0.676713 0.196776 0.567364 0.138716 0.471594 -0.0416529 0.580943
0 0.896103 0.316211 1.00358 0.312911 0.999081 0.166378 0.891603 0.169678
0 0.392105 0.167988 0.397669 0.0815002 0.302202 0.075359 0.296639 0.161847
0 0.0776503 0.770094 0.264879 0.68436 0.221112 0.588781 0.0338838 0.674515
0 0.0371049 0.556163 0.150775 0.489892 0.121322 0.439373 0.00765177 0.505643
0 0.23861 1.01413 0.301665 0.985632 0.250689 0.872841 0.187634 0.901339
0 0.97401 0.626401 1.0512 0.580769 0.968825 0.44142 0.891633 0.487053
0 0.891851 0.999876 0.995289 0.998218 0.994143 0.92672 0.890705 0.928378
0 0.107998 0.375837 0.109865 0.297861 0.0208732 0.295731 0.0190068 0.373707
0 0.963136 0.498965 1.00346 0.498446 1.00189 0.376581 0.961566 0.377101
0 0.463536 0.267801 0.49659 0.0976536 0.30301 0.060047 0.269955 0.230194
0 0.16436 0.897071 0.412029 0.72421 0.346345 0.630099 0.0986755 0.80296
0 0.139585 0.865801 0.446682 0.653179 0.349007 0.512104 0.0419099 0.724725
0 0.477605 1.0902 0.590007 0.986302 0.476789 0.863817 0.364386 0.967715
