0 0.963123 0.754986 0.970157 0.554577 0.858356 0.547601 0.851322 0.748011
0 0.38157 0.258334 0.411213 0.0967707 0.331871 0.0708907 0.302228 0.232454
0 0.681462 0.481312 0.683185 0.28231 0.567487 0.28053 0.565764 0.479531
0 0.722247 0.274215 0.724896 0.0686913 0.607028 0.0659907 0.604379 0.271515
0 0.4896 0.822761 0.595539 0.821038 0.594365 0.692651 0.488426 0.694373
0 0.628531 0.70615 0.643238 0.499426 0.523151 0.484239 0.508444 0.690963
0 0.285045 0.730156 0.330832 0.534064 0.249135 0.500151 0.203349 0.696243
0 1.00072 0.552071 1.00852 0.338438 0.901845 0.331515 0.894047 0.545148
0 0.0975608 0.188938 0.125416 0.0766119 0.00959953 0.0255519 -0.0182561 0.137878
0 0.368056 0.331084 0.378454 0.243394 0.307196 0.228373 0.296799 0.316063
0 0.356771 0.39517 0.367279 0.304734 0.291592 0.2891 0.281085 0.379536
0 0.330115 0.544568 0.351538 0.388529 0.269655 0.368543 0.248232 0.524582
0 0.270681 0.234661 0.284386 0.128416 0.107295 0.0878059 0.0935899 0.194051
0 0.852629 1.00574 0.853658 0.932299 0.772949 0.930289 0.77192 1.00373
0 0.275231 0.743245 0.282314 0.666669 0.208537 0.654538 0.201455 0.731113
0 0.940407 0.300479 1.00332 0.299743 1.0023 0.144922 0.939389 0.145658
0 0.990536 1.00327 0.991084 0.957028 0.890229 0.9549 0.889681 1.00114
0 0.845557 0.0644518 0.969841 0.0619745 0.969089 -0.00508524 0.844805 -0.00260796
0 0.0588336 0.770779 0.0592274 0.61915 -0.00222336 0.618866 -0.00261712 0.770495
0 0.341838 0.468322 0.353734 0.39174 0.282289 0.372011 0.270393 0.448593
0 0.327074 0.543562 0.341547 0.457901 0.25928 0.433189 0.244807 0.518851
0 0.118701 0.541392 0.132297 0.410697 0.0326725 0.392273 0.0190766 0.522968
0 0.176262 0.215656 0.193188 0.0978361 0.121365 0.0794926 0.104439 0.197313
0 0.378865 0.254507 0.393943 0.16941 0.319061 0.145821 0.303982 0.230918
0 0.7791 1.0028 0.78139 0.927433 0.715242 0.92386 0.712952 0.999224
0 0.943212 0.335157 1.00823 0.332084 1.00555 0.231431 0.940536 0.234504
0 0.118906 0.676799 0.139115 0.3803 0.00628273 0.364205 -0.0139265 0.660703
0 0.917151 1.00234 0.917896 0.944948 0.841447 0.943184 0.840702 1.00057
0 0.83961 0.0384189 0.841203 -0.0016381 0.767231 -0.00686913 0.765638 0.0331879
0 0.435054 1.04465 0.494142 1.00439 0.446725 0.880661 0.387637 0.920916
