0 0.463081 0.754426 0.470229 0.555135 0.358321 0.548 0.351173 0.747291
0 0.181157 0.481195 0.182716 0.282535 0.0680309 0.280935 0.0664716 0.479594
0 0.22218 0.274202 0.22484 0.0695327 0.10706 0.0668114 0.1044 0.271481
0 0.546452 0.320414 0.55127 0.124039 0.441503 0.119251 0.436684 0.315626
0 0.617355 0.654401 0.713695 0.62172 0.697046 0.534472 0.600707 0.567154
0 0.000700925 0.81926 0.0966624 0.817223 0.0952069 0.695304 -0.000754524 0.697341
0 0.133645 0.704759 0.142251 0.496483 0.0149137 0.487129 0.00630824 0.695406
0 0.503022 0.548528 0.512801 0.342905 0.404013 0.333707 0.394234 0.53933
0 0.928333 0.772214 1.01663 0.716494 0.889275 0.357737 0.800981 0.413457
0 0.821203 0.417228 0.910751 0.369833 0.798938 -0.00573936 0.70939 0.0416557
0 0.588161 1.03411 0.67976 1.00805 0.629878 0.696384 0.53828 0.722447
0 0.353079 1.0057 0.354037 0.932201 0.272761 0.930317 0.271803 1.00381
0 0.490716 1.00387 0.491422 0.956802 0.390338 0.954106 0.389632 1.00117
0 0.345696 0.0618615 0.460079 0.059089 0.459194 -0.00576687 0.344812 -0.00299435
0 0.946617 0.716888 0.990775 0.693846 0.955361 0.573194 0.911203 0.596236
0 0.338483 0.0383171 0.340264 -0.00175528 0.267692 -0.00748996 0.265911 0.0325824
0 0.279101 1.00279 0.281374 0.927541 0.215316 0.923993 0.213043 0.999241
0 0.415743 1.00219 0.416475 0.944668 0.340762 0.942954 0.340029 1.00048
0 0.830342 1.00892 0.882479 1.00355 0.879481 0.951814 0.827343 0.957186
