0 0.290214 0.673713 0.301412 0.601112 0.118958 0.585283 0.10776 0.657884
0 0.433689 0.816231 0.590751 0.784422 0.563234 0.707999 0.406173 0.739808
0 0.969017 0.824183 0.970287 0.747788 0.854298 0.746703 0.853028 0.823098
0 0.472627 0.95639 0.651138 0.916453 0.616174 0.828547 0.437664 0.868485
0 0.694061 0.767088 0.70119 0.681854 0.586905 0.676477 0.579776 0.761711
0 0.564261 0.0662399 0.565215 -0.00246762 0.45028 -0.0033652 0.449326 0.0653424
0 0.712434 0.620868 0.726914 0.561591 0.621951 0.547168 0.60747 0.606445
0 0.383453 0.328275 0.415517 0.0171573 0.231372 0.00648202 0.199308 0.3176
0 0.256169 0.881585 0.264621 0.782501 0.128952 0.775992 0.120501 0.875076
0 0.646207 0.912376 0.717612 0.894867 0.67658 0.800742 0.605175 0.818252
0 0.364033 0.842722 0.465932 0.808954 0.411166 0.715993 0.309267 0.749761
0 0.776119 0.724577 0.892272 0.687724 0.857874 0.626739 0.741721 0.663591
0 0.357848 0.568445 0.361188 0.407596 0.179242 0.40547 0.175901 0.56632
0 0.498398 0.995285 0.60842 0.983471 0.598507 0.931545 0.488485 0.943359
0 0.167284 0.38904 0.175148 0.239821 -0.00267133 0.23455 -0.0105349 0.383769
0 0.407242 0.688915 0.423142 0.625916 0.317796 0.61096 0.301896 0.673959
0 0.877467 0.696476 1.00191 0.660181 0.968922 0.59655 0.844475 0.632844
0 0.257461 1.01317 0.396454 1.01259 0.395744 0.916365 0.256751 0.916942
0 0.263501 0.865872 0.362221 0.842726 0.316832 0.733828 0.218111 0.756974
0 0.932926 0.907753 1.02523 0.875577 0.992381 0.822564 0.900074 0.854741
0 0.122651 0.640571 0.131218 0.579375 0.00721795 0.56961 -0.00134931 0.630806
0 0.0172096 0.910885 0.14335 0.910475 0.142779 0.811804 0.0166386 0.812215
0 0.0460584 1.02791 0.18957 1.00208 0.17245 0.948584 0.0289389 0.974418
0 0.165324 0.254957 0.165917 0.210045 0.0071002 0.208865 0.00650666 0.253777
0 0.518643 0.705911 0.533246 0.64317 0.374885 0.622437 0.360282 0.685178
0 0.683452 1.00674 0.764628 1.00634 0.764227 0.960682 0.683052 0.961083
0 0.445782 0.563434 0.457782 0.501835 0.354033 0.490466 0.342033 0.552066
0 0.547483 0.581645 0.564314 0.521802 0.448776 0.503524 0.431946 0.563367
0 0.579891 0.717914 0.592833 0.658457 0.506191 0.647849 0.49325 0.707306
0 0.969268 0.656726 1.02439 0.639555 0.990494 0.57835 0.935372 0.595521
0 0.165919 1.01023 0.272996 1.00814 0.270396 0.933289 0.163319 0.935381
0 0.620358 0.603 0.644575 0.542411 0.519126 0.514206 0.494909 0.574795
0 0.966689 0.797599 1.03388 0.780793 1.00824 0.723149 0.941056 0.739955
0 0.92383 0.914262 0.927356 0.85768 0.847789 0.854891 0.844263 0.911473
0 0.696349 0.860989 0.759596 0.84719 0.73204 0.776147 0.668793 0.789946
0 0.853475 0.931764 0.859067 0.876751 0.785129 0.872523 0.779537 0.927536
0 0.022674 0.590893 0.0244158 0.48284 -0.00189366 0.482602 -0.00363542 0.590655
0 0.484009 0.285393 0.505767 0.165691 0.433645 0.158317 0.411887 0.278019
0 -0.00210213 0.935947 0.0649163 0.919155 0.0263723 0.832625 -0.0406461 0.849417
0 0.899685 1.00547 0.985788 1.00402 0.984192 0.950582 0.898089 0.952028
0 0.922756 1.02005 0.923671 0.923913 0.756973 0.92302 0.756057 1.01916
0 0.846503 0.255027 1.04802 0.249737 1.0362 -0.00356011 0.834682 0.00172974
0 0.514002 1.01352 0.633175 0.996887 0.625635 0.966499 0.506461 0.983133
0 0.972966 0.587254 1.00338 0.586559 1.00136 0.536958 0.970951 0.537653
0 0.772658 1.01507 0.836679 0.99507 0.802707 0.933893 0.738687 0.953891
0 0.381447 0.325462 0.396493 0.261403 0.23256 0.239744 0.217514 0.303804
