0 0.446937 0.594773 0.491751 0.533513 0.41224 0.475347 0.367426 0.536607
0 0.698027 0.449851 0.793621 0.327813 0.728181 0.276553 0.632587 0.398591
0 0.565428 0.627669 0.632456 0.538383 0.558975 0.483219 0.491947 0.572506
0 0.648569 0.730142 0.727566 0.635199 0.658395 0.577645 0.579398 0.672588
0 0.602041 0.65224 0.651945 0.58824 0.611443 0.556659 0.56154 0.620659
0 0.932193 0.169115 0.978584 0.0848013 0.897975 0.040448 0.851583 0.124762
0 0.581439 0.435297 0.661198 0.322068 0.588988 0.271203 0.509229 0.384432
0 0.639542 0.3404 0.725999 0.225235 0.667131 0.181042 0.580674 0.296207
0 0.732654 0.821696 0.822223 0.705641 0.738168 0.640769 0.648599 0.756824
0 0.824496 0.63566 0.888477 0.569883 0.78697 0.471148 0.722989 0.536926
0 0.509598 0.566246 0.56084 0.513383 0.466874 0.422299 0.415632 0.475162
0 0.897451 0.895291 0.949896 0.831418 0.913773 0.801758 0.861328 0.865631
0 0.902982 0.203648 0.929486 0.155889 0.8546 0.11433 0.828095 0.162089
0 0.812309 0.340655 0.847715 0.269846 0.754305 0.223139 0.718898 0.293948
0 0.739855 0.25474 0.785304 0.176873 0.70668 0.130982 0.661231 0.20885
0 0.236171 0.913924 0.238777 0.813686 0.13212 0.810912 0.129513 0.911151
0 0.677341 0.512487 0.724163 0.445395 0.619806 0.372565 0.572983 0.439657
0 0.857457 0.696299 0.93642 0.615887 0.876046 0.556601 0.797083 0.637013
0 0.106329 0.774823 0.18426 0.72315 0.0952497 0.58891 0.0173185 0.640584
0 0.882698 0.549643 0.937893 0.476981 0.816731 0.384946 0.761536 0.457608
0 0.900505 0.574681 0.965919 0.496452 0.929963 0.466386 0.864549 0.544615
0 0.91933 0.742409 0.984977 0.665414 0.922957 0.612536 0.85731 0.689531
0 0.146099 0.548672 0.229286 0.488945 0.191795 0.436728 0.108608 0.496454
0 0.29067 0.525546 0.394078 0.445972 0.342084 0.378404 0.238676 0.457978
0 0.0550983 0.464397 0.114713 0.400297 0.0634534 0.352625 0.00383905 0.416725
0 0.965836 0.769346 1.0226 0.69867 0.976893 0.661958 0.920128 0.732634
0 0.397762 0.198684 0.433866 0.126899 0.342178 0.0807843 0.306073 0.152569
0 0.107618 0.50959 0.192824 0.445126 0.144361 0.381071 0.0591554 0.445536
0 0.356901 0.398053 0.390359 0.335334 0.317288 0.296353 0.28383 0.359072
0 0.31462 0.778095 0.3884 0.711846 0.341534 0.659653 0.267755 0.725902
0 0.237971 0.299665 0.277766 0.245036 0.205652 0.192503 0.165856 0.247132
0 0.658782 1.02232 0.759439 0.922226 0.695876 0.858305 0.595219 0.958399
0 0.949957 0.601327 1.00804 0.529153 0.964006 0.49371 0.905919 0.565884
0 0.187561 0.252557 0.216198 0.179591 0.137476 0.148695 0.10884 0.221661
0 0.86632 0.249514 0.899811 0.195808 0.80696 0.137906 0.773469 0.191612
0 0.296088 0.357183 0.338849 0.295902 0.266861 0.24567 0.2241 0.306952
0 0.943129 0.403265 1.00732 0.303123 0.920432 0.247421 0.856236 0.347563
0 0.516717 1.04372 0.564049 0.964314 0.472964 0.910021 0.425632 0.989428
0 0.180529 0.57843 0.268023 0.512395 0.239329 0.474377 0.151835 0.540412
0 0.278628 0.207355 0.323995 0.149097 0.245303 0.0878191 0.199937 0.146077
0 0.351782 0.847915 0.432622 0.77541 0.379309 0.715969 0.298469 0.788473
0 0.220818 0.152595 0.25799 0.0796084 0.178061 0.0389011 0.14089 0.111887
0 0.823344 0.155988 0.863773 0.0865789 0.788452 0.0427066 0.748023 0.112116
0 0.860172 0.873537 0.924057 0.800831 0.864787 0.748752 0.800902 0.821457
0 0.568219 0.185007 0.630987 0.117684 0.51609 0.0105629 0.453323 0.0778856
0 1.01158 0.458247 1.04534 0.356099 0.960044 0.327911 0.926287 0.430059
0 0.132733 0.0759238 0.174501 -0.00843673 0.0823654 -0.0540545 0.0405975 0.030306
0 0.120752 0.197846 0.166876 0.149091 0.0957942 0.0818436 0.04967 0.130598
0 0.464062 0.357212 0.506109 0.294332 0.419671 0.236533 0.377624 0.299413
0 0.267996 0.0846921 0.30992 0.0358785 0.237122 -0.0266444 0.195199 0.0221692
0 0.256404 0.69621 0.327679 0.63942 0.25898 0.553197 0.187704 0.609987
0 0.786036 0.181976 0.809664 0.129943 0.735135 0.0961004 0.711507 0.148134
0 0.319194 0.142289 0.367433 0.0811245 0.30043 0.0282809 0.252191 0.0894454
0 0.413497 0.905651 0.458233 0.832041 0.38864 0.789746 0.343904 0.863356
0 0.32114 0.252121 0.366621 0.202023 0.304922 0.146011 0.259441 0.19611
0 0.942271 0.938577 1.00354 0.86602 0.954118 0.824283 0.892846 0.896841
0 0.881292 0.991087 0.914016 0.945939 0.8627 0.908744 0.829976 0.953892
0 0.982922 0.103176 1.02845 0.0294134 0.939177 -0.025693 0.893646 0.0480695
0 0.279625 1.00474 0.344351 0.957178 0.315471 0.917874 0.250746 0.965433
0 0.721982 0.0681285 0.747988 -0.00529237 0.669426 -0.0331191 0.64342 0.0403018
0 0.989687 0.331916 1.04232 0.252708 0.963934 0.200624 0.911303 0.279832
0 0.207024 0.629056 0.279154 0.57304 0.242699 0.526098 0.170569 0.582113
0 0.441194 0.240786 0.481175 0.186775 0.413006 0.136313 0.373025 0.190323
0 0.998822 0.646466 1.04077 0.564143 0.982184 0.534284 0.940231 0.616607
0 0.628054 0.368788 0.655331 0.325129 0.583206 0.280066 0.555928 0.323726
0 0.0307028 0.0856432 0.0330575 0.0176407 -0.0123478 0.0160685 -0.0147025 0.084071
0 0.0631409 1.01237 0.0689106 0.942766 -0.00487532 0.93665 -0.010645 1.00625
0 0.465755 0.104371 0.519048 0.022103 0.445968 -0.0252389 0.392674 0.0570295
0 0.853231 0.277143 0.886152 0.212251 0.798713 0.167892 0.765792 0.232783
0 0.285236 1.00923 0.373661 1.00858 0.373244 0.952163 0.284819 0.952817
0 0.525593 0.286747 0.556024 0.227129 0.4732 0.184852 0.442769 0.24447
0 0.395043 0.302558 0.434508 0.251475 0.3564 0.19113 0.316934 0.242212
0 0.949099 0.804975 1.0022 0.803234 0.99965 0.725395 0.946547 0.727136
0 0.385966 0.444085 0.437624 0.379317 0.389812 0.341184 0.338155 0.405952
0 0.848185 0.276595 0.870886 0.229443 0.794591 0.19271 0.771889 0.239861
0 0.432525 0.984611 0.504453 0.920727 0.47387 0.886293 0.401942 0.950177
0 0.0182652 0.763461 0.0871406 0.696576 0.029287 0.637001 -0.0395884 0.703887
0 0.039504 0.423987 0.0640001 0.326021 -0.0167754 0.305824 -0.0412715 0.40379
0 0.0352255 0.808945 0.0366802 0.747105 -0.0116183 0.745969 -0.013073 0.807809
0 0.129501 0.799652 0.20791 0.754048 0.184101 0.713112 0.105692 0.758716
0 0.272039 0.722484 0.34387 0.670041 0.319093 0.636104 0.247262 0.688548
0 0.344094 0.0534367 0.442573 0.0490087 0.43977 -0.0133328 0.341291 -0.0089048
0 0.406317 0.941778 0.497042 0.875076 0.466928 0.834116 0.376203 0.900818
0 0.0551085 0.616942 0.0559727 0.524912 -0.0115603 0.524278 -0.0124246 0.616308
0 0.770156 0.990565 0.773985 0.940002 0.715911 0.935605 0.712083 0.986168
0 0.0598945 0.154158 0.107826 0.0980138 0.0335135 0.0345711 -0.0144185 0.0907157
0 -0.00868657 0.879972 0.0491192 0.879403 0.0483272 0.798914 -0.00947852 0.799483
0 1.00163 0.223097 1.00196 0.149762 0.980961 0.14967 0.980638 0.223005
0 0.496921 0.883178 0.526476 0.822912 0.46257 0.791573 0.433015 0.851838
0 1.00092 1.00242 1.00093 0.964977 0.964446 0.96497 0.964439 1.00241
0 0.685086 0.0270601 0.685253 -0.0017197 0.632371 -0.00202726 0.632204 0.0267525
0 0.65349 0.334955 0.685333 0.282228 0.622752 0.244434 0.590909 0.297161
0 0.593276 0.429041 0.624435 0.371737 0.544097 0.328054 0.512938 0.385358
0 0.0281725 0.1563 0.0304436 0.103735 -0.00406944 0.102243 -0.0063405 0.154809
0 0.591647 0.99353 0.634822 0.928797 0.599737 0.905397 0.556562 0.97013
0 0.999811 0.026552 1.00022 -0.00160172 0.950291 -0.00232922 0.94988 0.0258245
