0 0.579644 0.423332 0.839824 0.318113 0.807225 0.237505 0.547045 0.342724
0 0.890356 0.868599 1.02104 0.813887 0.995547 0.752982 0.864859 0.807694
0 0.875758 0.38917 0.9745 0.358598 0.936482 0.235808 0.83774 0.26638
0 0.930801 0.509916 1.02553 0.461053 0.960534 0.335062 0.86581 0.383925
0 0.785988 0.282745 0.93077 0.216238 0.888165 0.123489 0.743383 0.189996
0 0.710028 0.0969715 0.842976 0.0544055 0.812854 -0.0396751 0.679906 0.00289091
0 0.102745 0.766281 0.244073 0.725221 0.169091 0.467135 0.0277636 0.508195
0 0.169316 0.502683 0.249351 0.471006 0.176521 0.286988 0.0964852 0.318665
0 0.323791 0.981693 0.355231 0.737671 0.145575 0.71066 0.114135 0.954681
0 0.325487 0.195302 0.45537 0.135693 0.428545 0.077244 0.298662 0.136853
0 0.956891 1.01895 1.03014 0.966123 0.992657 0.914149 0.919406 0.96698
0 0.344728 1.02505 0.378194 0.870521 0.225288 0.837407 0.191822 0.991937
0 0.431858 0.165651 0.559506 0.110757 0.529307 0.0405344 0.401659 0.0954282
0 0.590196 0.0670055 0.595058 -0.0104174 0.507095 -0.015942 0.502233 0.061481
0 0.811903 0.0421985 0.911019 0.0382223 0.909207 -0.00693507 0.810091 -0.00295887
0 0.790902 1.01575 0.867868 0.999992 0.86143 0.968545 0.784463 0.984302
0 0.587292 0.501241 0.6589 0.456205 0.607332 0.374211 0.535724 0.419247
0 0.623759 0.984888 0.666726 0.964609 0.613127 0.851045 0.57016 0.871324
0 0.284892 0.0649451 0.376309 0.0241218 0.348458 -0.0382483 0.25704 0.00257498
0 0.767109 0.949602 0.840852 0.918257 0.752694 0.710852 0.678951 0.742197
0 0.593833 0.999767 0.641031 0.976993 0.585437 0.861775 0.538238 0.884549
0 0.553269 0.913436 0.636121 0.881249 0.511048 0.559303 0.428196 0.59149
0 0.713442 0.0953237 0.76841 0.075702 0.735649 -0.0160728 0.680682 0.00354887
0 1.00271 0.719734 1.00467 0.653766 0.937367 0.651768 0.935409 0.717736
0 0.369079 0.456743 0.445721 0.424463 0.337047 0.166438 0.260405 0.198718
0 0.694694 0.763464 0.766884 0.731802 0.63916 0.440598 0.566971 0.47226
0 0.939284 0.675445 1.03922 0.654291 1.0025 0.480863 0.902573 0.502016
0 0.553659 0.892598 0.586521 0.877609 0.553881 0.806049 0.521018 0.821039
0 0.35412 1.01787 0.358506 0.92533 0.261845 0.920748 0.257459 1.01329
0 0.868023 0.0636946 0.90459 -0.00355599 0.850637 -0.0328921 0.81407 0.0343585
0 0.71358 0.739588 0.760128 0.719594 0.70043 0.580612 0.653883 0.600606
0 0.255631 0.0703791 0.374312 0.0686087 0.373258 -0.00206995 0.254577 -0.000299532
0 0.648203 0.647967 0.716184 0.619409 0.639123 0.435966 0.571142 0.464524
0 0.783237 1.00053 0.883509 0.997438 0.881933 0.946405 0.781662 0.949501
