0 0.956643 0.768044 0.978364 0.655597 0.830607 0.604856 0.808886 0.717303
0 0.28443 0.149186 0.314532 0.0094185 0.222981 -0.0256339 0.19288 0.114134
0 0.730909 0.379652 0.754292 0.184551 0.686262 0.170056 0.662879 0.365157
0 0.160265 0.364411 0.187693 0.247769 0.111675 0.215991 0.0842472 0.332633
0 0.923144 0.483954 0.935343 0.342491 0.829747 0.326303 0.817548 0.467766
0 0.237613 0.405857 0.256237 0.281819 0.171679 0.259248 0.153055 0.383286
0 0.734213 0.667073 0.753279 0.542186 0.680299 0.522378 0.661233 0.647265
0 0.662294 0.649577 0.684872 0.535112 0.600986 0.505697 0.578409 0.620163
0 0.714309 1.02046 0.752165 0.931916 0.70364 0.895036 0.665785 0.983584
0 1.00275 0.319165 1.01174 0.210217 0.922249 0.197098 0.913264 0.306045
0 0.402001 0.713097 0.433747 0.575131 0.340204 0.536865 0.308458 0.674831
0 0.969326 0.114194 0.998567 0.000839576 0.917497 -0.0363378 0.888257 0.0770167
0 0.0606734 0.348526 0.117839 0.207614 0.0489254 0.157912 -0.00824029 0.298825
0 0.993237 0.370085 1.00111 0.316106 0.933304 0.298517 0.925428 0.352495
0 0.828563 0.710407 0.850443 0.58927 0.746728 0.555966 0.724848 0.677103
0 0.672243 1.00362 0.705985 0.89954 0.627433 0.854268 0.593691 0.958349
0 0.895923 0.0773088 0.905564 -0.00985137 0.821402 -0.026402 0.811761 0.0607582
0 0.998563 0.805477 1.01468 0.681422 0.964304 0.669787 0.948187 0.793842
0 0.436583 0.894927 0.466917 0.797198 0.41905 0.770785 0.388716 0.868514
0 0.393453 0.870134 0.428852 0.765123 0.348709 0.717096 0.313311 0.822107
0 0.811264 1.07186 0.862934 0.946877 0.777761 0.884278 0.726092 1.00926
0 0.0107077 0.28467 0.0496 0.161215 -0.000219427 0.133313 -0.0391117 0.256769
0 0.961475 0.526972 0.9852 0.420443 0.926524 0.397211 0.902799 0.50374
0 0.5334 0.896123 0.543478 0.844709 0.484571 0.824181 0.474493 0.875596
0 0.471789 0.182923 0.537377 -0.00958682 0.431692 -0.073599 0.366104 0.11891
0 0.534959 0.62361 0.564196 0.471448 0.395674 0.413882 0.366436 0.566044
0 1.01106 0.185569 1.01912 0.0791455 0.930786 0.0672519 0.922725 0.173676
0 0.0967632 1.02385 0.13104 0.918357 0.0513536 0.87233 0.0170772 0.977828
0 0.841385 0.437383 0.845858 0.255976 0.734351 0.251088 0.729878 0.432495
0 0.603633 0.945134 0.629989 0.87285 0.54789 0.819632 0.521533 0.891916
0 0.0998077 0.651837 0.213117 0.544231 0.159073 0.443061 0.0457638 0.550667
0 0.353353 0.840845 0.405395 0.704356 0.310332 0.639916 0.258289 0.776405
0 0.314798 0.467007 0.332998 0.327013 0.24098 0.305746 0.22278 0.44574
0 0.0737893 1.0071 0.0745771 0.96839 0.00808423 0.965984 0.00729638 1.00469
0 0.640414 0.322218 0.684873 0.16842 0.607589 0.128704 0.563131 0.282502
0 0.380973 0.195393 0.426331 0.0129278 0.321844 -0.0332472 0.276486 0.149218
0 0.0660723 0.681966 0.0757425 0.538762 -0.0157789 0.527775 -0.025449 0.670979
0 0.0872502 0.32147 0.118938 0.21366 0.0828494 0.194802 0.0511614 0.302612
0 0.613917 0.261952 0.660056 0.0864642 0.546993 0.033618 0.500854 0.209106
0 0.0716392 0.829833 0.0743947 0.745526 0.00381539 0.741425 0.00105983 0.825732
0 0.998884 0.534152 1.00865 0.437236 0.972619 0.430782 0.962855 0.527699
0 0.963258 0.148739 1.00697 0.14795 1.0058 0.0330114 0.962091 0.0338004
0 0.37496 1.00564 0.375024 0.950898 0.30359 0.950748 0.303525 1.00549
0 0.20438 0.0966015 0.225358 0.000649482 0.153077 -0.027444 0.132099 0.068508
0 0.479774 0.877751 0.489477 0.816405 0.453707 0.806347 0.444004 0.867694
