0 0.678471 0.686958 0.719695 0.576748 0.645963 0.549168 0.604739 0.659379
0 0.380832 0.500803 0.420712 0.395328 0.351646 0.369214 0.311765 0.474689
0 0.341508 0.860823 0.347009 0.706443 0.230653 0.702297 0.225152 0.856677
0 0.471481 0.273838 0.544718 0.272987 0.543752 0.189844 0.470514 0.190696
0 0.43219 0.526735 0.479875 0.427248 0.420026 0.398562 0.372341 0.498049
0 0.743471 0.715276 0.785843 0.611968 0.715184 0.582987 0.672812 0.686294
0 0.544118 0.305849 0.670257 0.302972 0.667907 0.199972 0.541768 0.202849
0 0.783264 0.491531 0.843494 0.483447 0.826139 0.354147 0.765909 0.362232
0 0.510879 0.617205 0.563858 0.501787 0.49653 0.470882 0.443551 0.5863
0 0.595471 1.00661 0.701785 1.00622 0.701348 0.884437 0.595034 0.884818
0 0.118586 0.783354 0.123877 0.634487 0.0045521 0.630245 -0.000739141 0.779113
0 0.291303 0.462729 0.328151 0.331293 0.24922 0.309164 0.212371 0.4406
0 0.590942 0.64083 0.622665 0.539211 0.550773 0.516769 0.519051 0.618388
0 0.313244 0.138126 0.382146 0.136727 0.380668 0.0639476 0.311766 0.0653463
0 0.840054 0.483172 0.931446 0.471054 0.914485 0.343134 0.823093 0.355253
0 0.305777 0.157489 0.317318 0.0381875 0.187246 0.025604 0.175705 0.144906
0 0.0572935 0.98345 0.0984706 0.904731 -0.00252103 0.851903 -0.0436981 0.930623
0 0.384462 0.136888 0.455161 0.130436 0.446689 0.0376028 0.37599 0.0440551
0 1.00882 0.910234 1.02424 0.808318 0.913958 0.791634 0.89854 0.89355
0 0.639671 0.439622 0.712022 0.438525 0.710937 0.366987 0.638587 0.368084
0 0.997637 0.913716 1.01695 0.85188 0.916242 0.820417 0.896924 0.882254
0 0.227797 0.436152 0.270929 0.304277 0.186599 0.276695 0.143467 0.408571
0 0.917378 0.791208 0.93708 0.688023 0.79985 0.66182 0.780148 0.765005
0 0.038641 0.337278 0.116142 0.177433 0.0180682 0.129881 -0.0594331 0.289726
0 0.371943 0.0167941 0.372015 -0.00037401 0.30759 -0.000644647 0.307518 0.0165234
0 0.681874 0.447695 0.776358 0.446081 0.774773 0.35335 0.68029 0.354964
0 0.852228 0.0975272 0.909153 -0.00246214 0.78378 -0.0738387 0.726855 0.0261507
0 0.902707 0.794728 0.934913 0.703057 0.86706 0.67922 0.834855 0.770891
0 0.592434 1.0032 0.654953 1.00262 0.654075 0.906575 0.591556 0.907147
0 0.728421 0.0900792 0.890125 0.0875451 0.888741 -0.000747626 0.727038 0.00178648
0 0.984876 0.759162 1.00128 0.759052 1.0007 0.673619 0.984302 0.673729
0 0.445739 0.184845 0.545356 0.0929424 0.514545 0.0595439 0.414927 0.151446
0 0.957734 0.588581 1.0086 0.587385 1.00636 0.491795 0.955487 0.492991
