0 0.162599 0.870486 0.174328 0.77512 0.0383671 0.758398 0.0266381 0.853765
0 0.986969 0.29461 1.00425 0.197431 0.940533 0.186101 0.923253 0.28328
0 0.989578 0.857342 0.99306 0.781804 0.916341 0.778268 0.912859 0.853806
0 0.695022 0.986973 0.707889 0.901168 0.624825 0.888712 0.611958 0.974517
0 0.612127 0.499051 0.652416 0.316779 0.485751 0.27994 0.445463 0.462212
0 0.19617 1.02599 0.291807 0.996375 0.245667 0.84737 0.150029 0.876985
0 0.883475 0.0786311 0.886393 -0.00910015 0.781418 -0.0125915 0.7785 0.0751398
0 0.550495 1.00955 0.637551 0.98173 0.616015 0.914334 0.528959 0.942152
0 0.458966 0.132859 0.658549 0.13198 0.657816 -0.0343183 0.458233 -0.0334388
0 0.26974 0.411237 0.316725 0.291887 0.0490548 0.186514 0.00207033 0.305864
0 0.896736 0.487581 0.926122 0.347855 0.811127 0.323671 0.781742 0.463397
0 0.226401 0.224432 0.242348 0.16861 0.190738 0.153866 0.17479 0.209687
0 0.0464501 0.858378 0.0560028 0.73313 -0.0203479 0.727307 -0.0299005 0.852555
0 0.0343364 0.1403 0.0463467 0.0693206 -0.00564385 0.0605234 -0.0176541 0.131503
0 0.349528 0.0811775 0.380591 -0.00205645 0.204801 -0.0676607 0.173738 0.0155733
0 0.124139 0.0324232 0.127072 -0.00297226 0.0380599 -0.0103489 0.0351266 0.0250466
0 0.493329 0.131613 0.509382 0.0747375 0.451386 0.0583691 0.435333 0.115245
0 0.794301 0.93542 0.820407 0.870351 0.750194 0.842181 0.724088 0.90725
0 0.971229 0.840276 1.00323 0.839499 1.00098 0.746664 0.968977 0.74744
0 0.193234 0.563142 0.219736 0.447919 0.0529841 0.409564 0.0264815 0.524788
0 0.179391 0.206701 0.195423 0.148236 0.135197 0.131721 0.119164 0.190186
0 0.0851501 0.164453 0.10034 0.105449 0.0357377 0.0888181 0.0205477 0.147822
0 0.130031 0.182138 0.143614 0.125885 0.0879076 0.112435 0.0743251 0.168687
0 0.787463 1.06902 1.04045 0.981119 0.999473 0.863173 0.746482 0.951078
0 0.88493 0.217549 0.933686 0.111403 0.700342 0.00422112 0.651586 0.110367
0 0.810496 0.922457 0.91112 0.883322 0.880773 0.805292 0.780149 0.844427
0 0.629781 0.0839237 0.642784 -0.00841552 0.564044 -0.0195029 0.551042 0.0728363
0 0.0441411 0.478643 0.061257 0.353397 -0.00920188 0.343768 -0.0263177 0.469014
0 0.462319 1.02874 0.5613 1.00627 0.548984 0.952007 0.450003 0.974471
0 0.237744 1.00388 0.306272 1.0021 0.305171 0.959643 0.236643 0.96142
