0 0.76101 0.640409 0.873611 0.56022 0.752502 0.257892 0.639902 0.338081
0 0.894272 0.40196 0.895239 0.25454 0.779434 0.253191 0.778468 0.40061
0 0.468771 0.809513 0.663941 0.630336 0.575934 0.459915 0.380764 0.639092
0 0.252909 0.493262 0.253604 0.313903 0.125749 0.313022 0.125054 0.492381
0 0.829975 0.697608 0.941621 0.555842 0.880301 0.469989 0.768655 0.611755
0 0.396494 0.650611 0.591153 0.446872 0.499338 0.290919 0.304679 0.494658
0 0.565491 0.960379 0.742339 0.772282 0.648634 0.615659 0.471787 0.803757
0 0.000178523 0.495238 0.125292 0.49307 0.12349 0.308143 -0.001624 0.310311
0 0.425696 0.917672 0.477741 0.871481 0.393245 0.70223 0.341201 0.748421
0 0.0143746 0.901358 0.197146 0.759158 0.140418 0.629535 -0.0423532 0.771734
0 0.613451 1.02251 0.793024 0.868839 0.74452 0.768078 0.564947 0.921753
0 0.896081 0.421555 1.00358 0.417154 0.999083 0.221868 0.891584 0.226269
0 0.0994838 1.03327 0.26245 0.917948 0.213946 0.796092 0.0509797 0.911413
0 0.392104 0.223982 0.397669 0.108668 0.302206 0.100478 0.296641 0.215792
0 0.0379532 0.739771 0.150609 0.653643 0.121644 0.586291 0.00898873 0.672419
0 0.627558 1.01296 0.851467 1.00127 0.847024 0.849981 0.623114 0.861673
0 0.75122 1.15078 0.836739 0.90938 0.699749 0.823104 0.614229 1.0645
0 0.975524 0.836398 1.05294 0.77391 0.968503 0.587926 0.891084 0.650414
0 0.107998 0.501113 0.109864 0.397168 0.0208883 0.39433 0.0190229 0.498275
0 0.963348 0.664807 1.00352 0.664077 1.00186 0.50215 0.961692 0.50288
0 0.463567 0.357072 0.496604 0.130181 0.302986 0.0800618 0.269949 0.306953
0 0.23524 1.00637 0.422957 0.999445 0.420596 0.88572 0.232878 0.892649
0 0.300221 1.01524 0.387917 1.01298 0.386631 0.92392 0.298934 0.926172
0 0.189033 1.01136 0.418038 0.996724 0.410415 0.784669 0.18141 0.799305
