0 0.760807 0.483498 0.777114 0.39009 0.603317 0.373024 0.58701 0.466431
0 0.830324 0.506462 0.841577 0.421486 0.749834 0.414651 0.73858 0.499627
0 0.626573 0.194219 0.718816 0.00268524 0.62296 -0.0232825 0.530717 0.168251
0 0.240964 0.780527 0.313502 0.600987 0.105458 0.553706 0.03292 0.733246
0 0.364249 0.417373 0.406355 0.289041 0.309528 0.271171 0.267422 0.399503
0 0.781636 0.98295 0.819728 0.883945 0.588431 0.833888 0.55034 0.932893
0 0.206208 1.03271 0.222789 0.97637 0.0356905 0.945398 0.0191097 1.00174
0 0.532983 0.177047 0.62745 0.00878455 0.500334 -0.0313592 0.405867 0.136903
0 0.478682 0.406257 0.490442 0.314951 0.383525 0.307205 0.371765 0.398511
0 0.500191 0.824545 0.626768 0.591412 0.412331 0.525923 0.285755 0.759056
0 0.82292 0.257773 0.898713 0.0312505 0.694727 -0.00714159 0.618934 0.219381
0 0.632777 0.836656 0.656233 0.773413 0.517301 0.744428 0.493845 0.807671
0 0.28179 0.409751 0.334398 0.258896 0.154911 0.223688 0.102303 0.374543
0 0.254737 0.0704198 0.260109 -0.00700143 0.136255 -0.011836 0.130883 0.0655853
0 0.967653 0.54404 0.987408 0.458392 0.830457 0.438028 0.810702 0.523677
0 1.00355 0.573101 1.00854 0.480329 0.956486 0.478753 0.951493 0.571525
0 0.314086 0.0932713 0.353768 0.00728101 0.264162 -0.0159785 0.22448 0.0700118
0 0.812001 0.894886 0.882604 0.730241 0.675771 0.680351 0.605168 0.844995
0 0.99801 1.00246 0.998878 0.936285 0.886732 0.935458 0.885865 1.00163
0 0.443947 0.948622 0.53122 0.751 0.313226 0.696849 0.225953 0.89447
0 0.0118403 0.0489256 0.153242 0.0469365 0.151895 -0.00694604 0.0104928 -0.00495691
0 0.921706 1.01503 0.947854 0.920546 0.867153 0.907983 0.841005 1.00247
0 0.604509 0.453686 0.621492 0.352198 0.505529 0.341282 0.488546 0.442771
0 0.289967 0.35545 0.32858 0.269693 0.241138 0.247547 0.202526 0.333304
0 0.779112 0.875953 0.801451 0.810844 0.631601 0.778064 0.609262 0.843173
0 0.230068 0.767556 0.301073 0.642811 0.237583 0.622484 0.166578 0.747228
0 0.961174 0.548557 0.997528 0.468895 0.939879 0.454097 0.903525 0.533758
