0 0.679829 0.186107 0.718884 0.0769836 0.644914 0.0505098 0.605859 0.159633
0 0.341215 0.361527 0.348591 0.20712 0.230909 0.201498 0.223533 0.355906
0 0.130902 0.693612 0.161244 0.574311 0.0838725 0.554633 0.0535303 0.673934
0 0.431375 0.860479 0.43287 0.711804 0.317264 0.710642 0.315769 0.859316
0 0.472718 0.703279 0.474352 0.554994 0.356949 0.5537 0.355315 0.701986
0 0.714797 1.00449 0.715549 0.913725 0.607527 0.91283 0.606775 1.00359
0 0.79548 0.740442 0.800954 0.594615 0.693053 0.590565 0.687579 0.736392
0 0.519286 0.115248 0.561926 0.00419402 0.485388 -0.025193 0.442748 0.0858605
0 0.753105 0.91146 0.7622 0.75717 0.652511 0.750704 0.643415 0.904994
0 0.74454 0.213466 0.785431 0.112218 0.714546 0.0835901 0.673655 0.184838
0 0.118528 0.283566 0.124175 0.134803 0.00483335 0.130273 -0.000813932 0.279036
0 0.590802 0.13964 0.622094 0.0412067 0.550084 0.0183151 0.518792 0.116749
0 0.0770627 0.908371 0.0923209 0.837114 0.0102775 0.819546 -0.00498069 0.890804
0 0.868145 0.992898 0.963013 0.970085 0.946134 0.899896 0.851266 0.922709
0 0.0596873 0.481976 0.0975635 0.402167 -0.00427184 0.353838 -0.042148 0.433646
0 0.060768 0.992584 0.0755054 0.898869 0.000549783 0.887082 -0.0141877 0.980796
0 0.105935 0.79507 0.115135 0.733004 0.0398066 0.721837 0.030606 0.783903
0 0.118088 0.744216 0.128346 0.687388 0.0588048 0.674836 0.0485473 0.731664
0 0.383647 0.993187 0.388501 0.876645 0.276275 0.871971 0.271421 0.988513
0 1.00854 0.410805 1.02543 0.305805 0.915497 0.288117 0.898603 0.393116
0 0.700518 0.534934 0.701851 0.384443 0.594352 0.383491 0.593019 0.533982
0 0.0931533 0.848894 0.103209 0.792452 0.0337893 0.780084 0.023734 0.836526
0 0.997856 0.413845 1.01722 0.351779 0.916557 0.320372 0.897192 0.382437
0 0.916943 0.290825 0.936605 0.188192 0.808333 0.163618 0.788671 0.266251
0 0.12821 0.690423 0.143049 0.630327 0.0703907 0.612386 0.0555512 0.672481
0 0.97065 0.615086 1.00628 0.613976 1.00384 0.535799 0.968214 0.53691
0 0.702385 0.523242 0.702387 0.37924 0.64033 0.37924 0.640329 0.523241
0 0.902535 0.294365 0.934586 0.202808 0.867034 0.17916 0.834983 0.270717
0 0.944416 0.0931225 1.00284 0.0917416 1.00063 -0.00175351 0.942206 -0.00037267
0 0.0536254 1.00335 0.0602066 0.949092 0.000898702 0.941898 -0.00568252 0.996154
0 0.0280376 0.670536 0.0294171 0.5917 -0.00210506 0.591148 -0.00348457 0.669985
0 0.984838 0.259071 1.00124 0.258981 1.00077 0.173956 0.984369 0.174046
