0 0.630486 0.924625 0.661185 0.764477 0.58403 0.738183 0.553331 0.898331
0 0.972299 0.942508 0.977159 0.734775 0.857803 0.729811 0.852943 0.937544
0 0.841131 0.481378 0.848345 0.276255 0.731068 0.268922 0.723854 0.474046
0 0.357294 0.846581 0.374246 0.736964 0.184676 0.684844 0.167723 0.79446
0 0.555937 0.650874 0.600928 0.550781 0.462997 0.440561 0.418006 0.540654
0 0.418161 0.588535 0.462787 0.476358 0.31891 0.374603 0.274284 0.48678
0 0.620239 0.376327 0.624251 0.17819 0.506588 0.173953 0.502575 0.37209
0 0.61761 0.995141 0.628321 0.915293 0.560404 0.899096 0.549692 0.978943
0 0.519291 0.900486 0.532062 0.794474 0.355786 0.756724 0.343016 0.862735
0 0.816931 1.0043 0.932188 1.0029 0.93179 0.944673 0.816533 0.946073
0 1.00311 0.14017 1.01808 0.00729402 0.953191 -0.00570608 0.938218 0.12717
0 0.0578937 0.242017 0.0845946 0.120113 0.00920377 0.0907563 -0.0174971 0.21266
0 0.606457 1.01825 0.611669 0.968449 0.536046 0.954381 0.530835 1.00418
0 0.972823 0.993292 1.00185 0.992615 1.00027 0.871784 0.971238 0.872461
0 0.00947126 1.00306 0.102831 1.00154 0.102589 0.975014 0.00922889 0.97653
0 0.104555 1.00206 0.180023 0.999154 0.178674 0.93677 0.103206 0.939671
0 0.326277 0.0634283 0.335317 -0.00620426 0.234057 -0.0295747 0.225017 0.0400579
0 0.10635 0.112726 0.125564 0.00553913 0.03538 -0.0232005 0.0161662 0.0839864
0 0.0196266 0.129873 0.0209698 0.0243995 -0.00112452 0.0238993 -0.0024677 0.129373
0 0.628353 0.920842 0.645914 0.826473 0.572961 0.802337 0.555399 0.896706
0 0.435426 0.880369 0.448016 0.764596 0.367375 0.749006 0.354785 0.864779
0 0.508685 0.894026 0.530372 0.81769 0.44728 0.775723 0.425592 0.852058
