0 0.798052 1.05639 0.972489 0.952369 0.941986 0.861436 0.767549 0.965461
0 0.179757 0.455433 0.17985 0.275212 0.0373874 0.275082 0.0372947 0.455303
0 0.496963 0.654453 0.571 0.616802 0.504997 0.386072 0.430961 0.423724
0 0.134811 0.783762 0.246628 0.717402 0.185724 0.53496 0.0739067 0.60132
0 0.815571 0.303495 0.88042 0.269908 0.827659 0.0888075 0.76281 0.122394
0 0.458401 0.996333 0.481317 0.827147 0.347093 0.794825 0.324176 0.964011
0 0.172638 0.97895 0.283102 0.927356 0.231358 0.730406 0.120895 0.782
0 1.01279 0.96067 1.01721 0.848857 0.944215 0.843727 0.939795 0.95554
0 0.185251 1.0316 0.297589 0.996471 0.283698 0.917505 0.17136 0.952637
0 0.575024 0.994536 0.669075 0.948504 0.566729 0.576765 0.472679 0.622797
0 0.088795 0.167553 0.105375 0.00612149 -0.0149535 -0.0158485 -0.031533 0.145583
0 0.907095 0.470745 0.970777 0.436128 0.904376 0.218972 0.840695 0.253589
0 0.516674 0.0897479 0.556348 0.0637177 0.52596 -0.0186204 0.486287 0.00740974
0 0.772754 0.892033 0.843064 0.847812 0.70902 0.468923 0.638711 0.513144
0 0.949725 0.60201 1.00879 0.567277 0.939606 0.358111 0.880539 0.392845
0 0.763665 0.0915395 0.906702 0.0228568 0.884977 -0.0575788 0.74194 0.0111039
0 0.125057 0.323711 0.138185 0.143703 0.00254237 0.126116 -0.0105855 0.306125
0 0.649652 0.513196 0.718549 0.473734 0.586218 0.0630049 0.517322 0.102467
0 0.986625 0.734079 1.03802 0.698433 0.983115 0.557697 0.93172 0.593342
0 0.955433 0.599822 1.01546 0.564046 0.904111 0.231929 0.844087 0.267705
0 0.188167 0.614958 0.193123 0.438228 0.0562819 0.431407 0.0513265 0.608136
0 0.405838 0.408674 0.493222 0.361857 0.37058 -0.0451012 0.283196 0.00171505
0 0.471371 0.57191 0.548603 0.528653 0.420604 0.122369 0.343372 0.165626
0 0.300303 0.662405 0.381089 0.627038 0.336676 0.446688 0.25589 0.482055
0 0.342564 0.791949 0.418979 0.756156 0.376743 0.595854 0.300328 0.631647
