0 0.9287 0.916918 0.970109 0.76853 0.896106 0.731817 0.854697 0.880206
0 0.631145 0.667287 0.670599 0.527399 0.60151 0.492757 0.562056 0.632646
0 0.214966 0.266781 0.251306 0.149665 0.190702 0.116234 0.154362 0.23335
0 0.72145 0.364892 0.794576 0.363922 0.793755 0.253898 0.72063 0.254867
0 0.15455 0.234787 0.191891 0.118892 0.138087 0.0880741 0.100746 0.203969
0 0.365261 1.00789 0.368865 0.846167 0.257074 0.841738 0.253471 1.00346
0 0.101306 0.197237 0.140986 0.080258 0.0852647 0.0466568 0.0455852 0.163636
0 0.682666 0.701125 0.729709 0.57043 0.669909 0.532164 0.622866 0.662859
0 0.921026 0.40731 0.922215 0.267421 0.788729 0.265404 0.787539 0.405293
0 0.0472075 0.165648 0.0834926 0.0428898 0.0276103 0.0135249 -0.00867474 0.136283
0 0.761991 0.820825 0.812703 0.670094 0.744938 0.629563 0.694226 0.780294
0 0.542003 0.615857 0.578059 0.441277 0.49847 0.412054 0.462413 0.586634
0 0.991782 0.962882 1.03486 0.814714 0.964812 0.778508 0.921734 0.926676
0 0.563275 0.18422 0.632154 0.18236 0.630681 0.0853442 0.561802 0.0872044
0 0.562671 0.201411 0.566544 0.048558 0.431811 0.0424892 0.427938 0.195342
0 0.843687 0.852084 0.871421 0.717487 0.79861 0.690815 0.770877 0.825412
0 0.631862 0.179024 0.71329 0.159975 0.697695 0.0414676 0.616267 0.0605173
0 0.487615 1.00675 0.588262 1.00233 0.586334 0.924206 0.485686 0.928623
0 0.0881426 0.715656 0.112502 0.566069 0.00146477 0.533923 -0.0228948 0.683511
0 0.114283 0.650541 0.133616 0.521702 0.0120503 0.489274 -0.00728186 0.618113
0 0.0736805 0.725694 0.0989348 0.628912 -0.00247224 0.58187 -0.0277265 0.678652
0 0.890524 0.588766 0.962364 0.587759 0.961595 0.49024 0.889755 0.491247
0 0.946075 0.599375 1.0038 0.597196 1.00107 0.468492 0.943342 0.470672
0 0.467067 0.579755 0.516488 0.412527 0.443095 0.373966 0.393673 0.541195
0 0.0259683 0.113761 0.0292873 0.00743784 0.00308866 0.00598397 -0.000230255 0.112307
0 0.621793 0.0223746 0.621869 -0.000501738 0.557716 -0.000881589 0.55764 0.0219948
0 0.908852 0.598108 1.00192 0.595913 1.00027 0.471752 0.907204 0.473947
0 0.830259 1.00487 0.830624 0.97476 0.77647 0.973592 0.776105 1.0037
0 0.215742 0.764309 0.279287 0.535217 0.139302 0.466187 0.0757563 0.695279
0 0.695544 0.246261 0.794985 0.124316 0.764333 0.0798799 0.664892 0.201825
0 0.999207 0.0301366 0.999334 -0.00118137 0.957208 -0.00148418 0.957081 0.0298338
