0 0.56914 0.255193 0.718084 0.213961 0.69374 0.126026 0.544797 0.167258
0 0.464868 0.45068 0.501839 0.361521 0.440893 0.336249 0.403922 0.425408
0 0.881149 0.750381 0.920511 0.645788 0.85148 0.61981 0.812118 0.724403
0 0.241321 0.351679 0.28067 0.262057 0.222792 0.236646 0.183443 0.326267
0 0.295511 0.372412 0.333274 0.284989 0.279005 0.261547 0.241242 0.34897
0 0.404336 0.427218 0.442558 0.338221 0.388566 0.315033 0.350344 0.40403
0 0.61548 1.0058 0.619067 0.88472 0.506991 0.8814 0.503404 1.00248
0 0.348588 0.39864 0.390069 0.312093 0.334312 0.285369 0.292831 0.371916
0 0.933068 0.775328 0.980186 0.678465 0.920062 0.649219 0.872944 0.746082
0 0.203055 0.316651 0.217849 0.228341 0.145269 0.216182 0.130475 0.304493
0 0.441885 0.269367 0.585121 0.226178 0.562006 0.149515 0.418769 0.192704
0 0.818814 0.397384 0.819666 0.287587 0.678692 0.286494 0.67784 0.396291
0 0.791881 0.712136 0.828248 0.581037 0.748471 0.558907 0.712104 0.690006
0 0.330587 0.807151 0.384219 0.638816 0.269432 0.602244 0.215799 0.770578
0 0.81271 0.388598 0.882824 0.387066 0.881192 0.31238 0.811078 0.313912
0 0.347484 0.155988 0.408908 0.126907 0.370078 0.0448937 0.308654 0.073975
0 0.398324 0.135085 0.472578 0.103819 0.43205 0.00756836 0.357796 0.0388345
0 0.737932 1.00505 0.837754 1.00172 0.835838 0.944161 0.736016 0.947483
0 0.0930533 0.650221 0.139595 0.510288 0.0729098 0.488108 0.026368 0.628042
0 0.882698 0.383007 0.956931 0.375778 0.947361 0.277503 0.873127 0.284732
0 1.01261 0.85558 1.02462 0.715309 0.956037 0.709437 0.944026 0.849708
0 0.864592 0.278944 0.887656 0.201398 0.833298 0.185231 0.810234 0.262777
0 0.730895 0.687192 0.773448 0.554621 0.686099 0.526583 0.643546 0.659154
0 0.0625716 0.928597 0.0814167 0.841605 0.00350504 0.824727 -0.01534 0.911719
0 0.112316 0.828152 0.121974 0.74538 0.0292898 0.734565 0.0196308 0.817336
0 0.323286 0.800113 0.349938 0.719429 0.245279 0.684858 0.218627 0.765541
0 0.970532 0.53039 1.00163 0.529495 0.999079 0.4407 0.967978 0.441595
0 0.0940866 0.082837 0.144276 0.043185 0.0872741 -0.0289648 0.0370848 0.0106873
0 0.107911 0.0515461 0.203433 0.0462656 0.199875 -0.0180967 0.104353 -0.0128163
0 0.131305 0.779822 0.204768 0.590654 0.108331 0.553203 0.0348678 0.742371
0 0.0163554 1.00354 0.0780237 1.00182 0.0774976 0.982942 0.0158293 0.984661
0 0.965025 0.525904 1.02163 0.512285 1.00937 0.461318 0.952763 0.474937
0 0.0377493 0.972416 0.0483263 0.916073 -0.00490944 0.906079 -0.0154865 0.962422
0 0.0173429 0.847202 0.0181714 0.771501 -0.00140244 0.771287 -0.00223094 0.846987
