0 0.975909 0.285557 1.0065 0.139549 0.913881 0.128633 0.88329 0.274642
0 0.379234 0.111891 0.419372 0.00707164 0.297312 -0.0192195 0.257174 0.0856
0 0.213685 0.273308 0.250255 0.185827 0.148899 0.161994 0.112329 0.249475
0 0.316817 0.304383 0.341646 0.211365 0.228901 0.194438 0.204073 0.287456
0 0.892424 0.483443 0.906377 0.393255 0.789251 0.383063 0.775299 0.473251
0 0.972872 0.501572 1.00223 0.405955 0.909635 0.389961 0.880273 0.485578
0 0.866809 1.02255 0.932813 0.910774 0.832953 0.877606 0.766949 0.989387
0 0.94955 0.768916 0.997496 0.69433 0.935005 0.671733 0.887058 0.746319
0 0.537075 0.534176 0.577531 0.431082 0.452481 0.403479 0.412024 0.506573
0 0.0809022 0.261396 0.157125 0.155714 0.0652355 0.118434 -0.0109875 0.224116
0 0.900632 0.747969 0.937721 0.670076 0.827455 0.640543 0.790366 0.718436
0 0.582018 0.670905 0.622451 0.597183 0.559071 0.57763 0.518638 0.651352
0 0.543113 0.954317 0.66647 0.82168 0.446438 0.706571 0.323081 0.839208
0 0.142697 0.765734 0.168545 0.682558 0.0592805 0.663458 0.0334321 0.746634
0 0.525731 0.652182 0.582026 0.573179 0.426654 0.510903 0.370359 0.589906
0 0.0815534 0.838822 0.115559 0.75022 0.00915541 0.727249 -0.0248498 0.815851
0 0.0142783 0.213501 0.0661322 0.12091 -0.00029358 0.099985 -0.0521475 0.192576
0 0.963859 0.911167 1.05893 0.779317 0.972035 0.744071 0.876962 0.875921
0 0.848668 1.03283 0.889686 0.935961 0.789652 0.912134 0.748634 1.009
0 0.712242 0.470351 0.752365 0.352072 0.527438 0.309152 0.487314 0.427432
0 0.633835 0.138773 0.719275 -0.0072718 0.573861 -0.0551243 0.488421 0.0909206
0 0.711188 0.676189 0.725067 0.630757 0.645549 0.617093 0.63167 0.662525
0 0.132101 0.48951 0.284527 0.408116 0.212199 0.331927 0.0597733 0.413321
0 0.419751 0.350208 0.44398 0.24527 0.321298 0.229337 0.297069 0.334275
0 0.861682 1.02 0.871675 0.958823 0.757195 0.948305 0.747203 1.00948
0 0.985053 1.01492 1.00434 0.95229 0.923952 0.938364 0.904664 1.001
0 0.812426 0.707716 0.837598 0.650484 0.71874 0.621079 0.693568 0.678311
0 0.514415 1.01719 0.577435 0.934417 0.326771 0.827066 0.263751 0.909838
0 0.508047 0.146505 0.568377 0.00978641 0.429029 -0.0248019 0.368699 0.111917
0 0.0879377 0.51248 0.10183 0.404964 -0.0211192 0.396028 -0.0350113 0.503544
0 0.864991 0.240299 0.912681 0.118401 0.794235 0.0923352 0.746545 0.214233
0 0.116335 0.241098 0.158582 0.160246 0.110466 0.146103 0.0682184 0.226955
0 1.00183 0.512248 1.01058 0.426416 0.968181 0.423985 0.959432 0.509817
0 0.835713 0.206644 0.904513 0.0742179 0.730857 0.0234697 0.662058 0.155896
0 0.0953591 0.622516 0.0993728 0.55919 0.00538418 0.555839 0.00137048 0.619165
0 0.272504 0.0724501 0.300473 0.000489619 0.204101 -0.0205795 0.176133 0.051381
0 0.0528102 0.905336 0.0583201 0.82772 -0.00937816 0.825017 -0.014888 0.902632
