0 0.0479593 0.426665 0.0900106 0.293275 0.0365122 0.276409 -0.00553921 0.4098
0 0.409957 0.530143 0.454992 0.414438 0.37773 0.384367 0.332696 0.500071
0 0.261239 0.464609 0.275707 0.352471 0.185378 0.340817 0.17091 0.452955
0 0.223717 0.599691 0.249351 0.480402 0.152022 0.459487 0.126388 0.578776
0 0.779503 0.502404 0.854198 0.401362 0.661987 0.259271 0.587292 0.360312
0 0.197753 0.237593 0.226073 0.137164 0.168751 0.121 0.140431 0.221429
0 0.163597 0.827729 0.181086 0.735184 0.0765535 0.71543 0.059065 0.807975
0 0.544801 0.655522 0.63799 0.498986 0.546862 0.444736 0.453674 0.601273
0 0.0719616 0.611311 0.0827715 0.559892 0.00556864 0.543661 -0.00524127 0.595081
0 0.395018 0.652921 0.427495 0.564998 0.339538 0.532509 0.307062 0.620433
0 0.200178 0.64073 0.211004 0.591453 0.12405 0.572349 0.113224 0.621627
0 0.0474924 0.685906 0.0756888 0.611819 0.0292042 0.594128 0.00100786 0.668215
0 0.342496 0.495566 0.367997 0.391217 0.329851 0.381894 0.30435 0.486244
0 0.250342 0.894809 0.325286 0.759105 0.266186 0.726466 0.191242 0.86217
0 0.359855 0.287118 0.390526 0.202202 0.208364 0.136405 0.177693 0.221321
0 0.206895 0.855441 0.216253 0.797393 0.162085 0.788661 0.152727 0.846709
0 0.309854 0.482038 0.337504 0.375356 0.284769 0.361688 0.257119 0.46837
0 0.414401 0.316554 0.434769 0.201256 0.37364 0.190457 0.353272 0.305755
0 0.173817 0.732925 0.189042 0.631357 0.0973624 0.617614 0.0821373 0.719182
0 0.216717 0.989727 0.245619 0.922623 0.122871 0.869756 0.0939694 0.93686
0 0.254727 0.892476 0.300036 0.803425 0.239665 0.772709 0.194356 0.86176
0 0.9411 0.590265 1.01173 0.484762 0.856698 0.380971 0.786066 0.486474
0 0.0840826 0.980712 0.126293 0.856194 0.0510331 0.830681 0.0088225 0.955199
0 0.567147 0.361651 0.595509 0.214567 0.43578 0.183767 0.407418 0.330851
0 0.617563 0.394187 0.66595 0.272497 0.586117 0.240754 0.53773 0.362443
0 0.340235 0.743321 0.38352 0.663129 0.259991 0.596451 0.216705 0.676642
0 0.30004 0.815488 0.320879 0.749341 0.255765 0.728828 0.234926 0.794975
0 0.0917471 0.554736 0.120079 0.460972 0.0593427 0.44262 0.0310111 0.536384
0 1.00048 0.642069 1.06986 0.516507 0.975821 0.464547 0.906444 0.59011
0 0.032918 0.757539 0.0490138 0.669034 -0.00281679 0.659608 -0.0189126 0.748113
0 0.340474 1.03838 0.362261 0.981957 0.271983 0.947099 0.250197 1.00352
0 0.133635 0.456865 0.157919 0.322275 0.0779179 0.307841 0.0536339 0.442431
0 0.427271 0.574864 0.503083 0.441638 0.457276 0.415572 0.381464 0.548798
0 0.623504 0.387333 0.645824 0.31185 0.561437 0.286898 0.539118 0.36238
0 0.268417 0.0652872 0.277571 0.00176634 0.220663 -0.00643463 0.211509 0.0570862
0 0.191386 1.03886 0.214717 0.978345 0.127394 0.944678 0.104064 1.00519
0 0.0492681 0.960612 0.0783866 0.84622 0.0426585 0.837126 0.01354 0.951517
0 0.0219678 0.383506 0.0368658 0.2768 -0.00632314 0.27077 -0.0212212 0.377476
0 0.0341176 0.380374 0.051513 0.271987 0.014418 0.266033 -0.00297733 0.374421
0 0.353548 0.1435 0.38165 0.0670534 0.277861 0.0288988 0.249758 0.105345
0 0.0311189 0.116974 0.0355002 -0.00826476 -0.000651552 -0.00952948 -0.00503285 0.115709
0 0.944844 1.01203 0.948098 0.95914 0.85347 0.953318 0.850216 1.00621
0 0.354279 0.714665 0.386595 0.64626 0.282544 0.597104 0.250228 0.665508
0 0.653301 0.327877 0.677651 0.277483 0.589104 0.234697 0.564753 0.285092
0 0.904288 0.413156 0.924616 0.363047 0.885427 0.34715 0.8651 0.397259
0 0.014419 0.850192 0.0158834 0.796011 -0.000913962 0.795557 -0.00237836 0.849738
