0 0.179273 0.435515 0.219235 0.327328 0.14603 0.300287 0.106068 0.408474
0 0.928059 0.543035 0.932447 0.410271 0.793545 0.40568 0.789156 0.538444
0 0.995523 0.977788 1.01735 0.828264 0.934377 0.81615 0.912548 0.965674
0 0.093243 0.387483 0.120456 0.291178 0.0454662 0.269988 0.0182532 0.366293
0 0.297739 0.987386 0.301072 0.843894 0.191295 0.841345 0.187963 0.984836
0 0.244765 0.462562 0.285121 0.362461 0.214782 0.334103 0.174425 0.434204
0 0.926317 0.940651 0.932458 0.846088 0.826648 0.839216 0.820506 0.933779
0 0.283058 0.237775 0.343396 0.229468 0.32619 0.104507 0.265852 0.112815
0 0.565456 1.03705 0.65429 0.999671 0.549733 0.751158 0.460898 0.788534
0 0.340343 0.229113 0.430427 0.216685 0.413417 0.0933948 0.323334 0.105823
0 0.942511 0.845578 0.979567 0.653962 0.88592 0.635852 0.848864 0.827468
0 0.568378 0.344714 0.625608 0.307107 0.569026 0.221003 0.511796 0.25861
0 0.0275216 0.358757 0.059841 0.250431 -0.000435809 0.232447 -0.0327552 0.340773
0 0.777908 0.575799 0.781201 0.476529 0.687259 0.473413 0.683966 0.572682
0 0.512914 0.664563 0.53066 0.584307 0.412112 0.558095 0.394366 0.63835
0 0.579108 0.586123 0.662791 0.563462 0.64967 0.515008 0.565987 0.537669
0 0.4931 0.343601 0.551209 0.308166 0.503378 0.229729 0.445269 0.265164
0 0.639725 0.630091 0.667801 0.567783 0.60954 0.54153 0.581464 0.603838
0 0.192447 0.786905 0.193565 0.637175 0.0941072 0.636433 0.0929894 0.786163
0 0.138926 0.189341 0.21185 0.188469 0.210995 0.117 0.138071 0.117872
0 0.0399549 0.0497356 0.151125 0.0477978 0.150216 -0.00432788 0.0390464 -0.00239013
0 0.627176 0.312866 0.688649 0.26396 0.625534 0.184627 0.564062 0.233533
0 0.0935091 0.77478 0.153539 0.774116 0.152262 0.658542 0.0922323 0.659206
0 0.274318 0.20201 0.28332 0.111538 0.202372 0.103483 0.19337 0.193956
0 0.417332 0.540135 0.436981 0.439061 0.289513 0.410393 0.269865 0.511468
0 1.00062 1.00337 1.00133 0.962733 0.916412 0.961251 0.915703 1.00189
0 0.552943 0.210041 0.560468 0.155766 0.506889 0.148338 0.499365 0.202612
0 0.74701 0.0375296 0.748042 -0.00404686 0.626864 -0.00705379 0.625832 0.0345227
0 0.00157779 0.0255126 0.0461506 0.0250613 0.0458783 -0.00183378 0.00130551 -0.00138254
0 0.925825 0.282705 0.960467 0.21532 0.869794 0.168706 0.835152 0.23609
0 0.679591 0.491931 0.75067 0.469607 0.735128 0.420123 0.664049 0.442447
0 0.104528 0.0368475 0.176402 0.0364497 0.176185 -0.00273503 0.104311 -0.00233724
0 0.512997 0.636614 0.534246 0.557404 0.426468 0.528491 0.405218 0.607701
0 0.774092 0.406127 0.811811 0.334237 0.727303 0.289898 0.689584 0.361789
0 0.402297 0.543582 0.433771 0.454421 0.366474 0.430666 0.335001 0.519827
0 0.0135572 0.747291 0.0136656 0.648116 -0.00159783 0.648099 -0.00170619 0.747275
0 0.515686 0.615813 0.533487 0.569161 0.438836 0.533044 0.421035 0.579696
