0 0.570568 0.484333 0.582809 0.389636 0.45256 0.372799 0.440318 0.467496
0 0.622751 0.506775 0.631383 0.421364 0.56263 0.414415 0.553998 0.499826
0 0.470001 0.194024 0.539176 0.00260248 0.467421 -0.0233281 0.398246 0.168094
0 0.910746 0.620497 0.922231 0.524746 0.789741 0.508854 0.778256 0.604605
0 0.789778 0.580013 0.806815 0.485414 0.734219 0.47234 0.717182 0.566939
0 0.180721 0.780529 0.235126 0.600993 0.0790928 0.553711 0.0246877 0.733246
0 0.27319 0.417383 0.30476 0.289036 0.232138 0.271172 0.200567 0.39952
0 0.58585 0.983876 0.615275 0.884637 0.441331 0.833061 0.411906 0.9323
0 0.154655 1.03271 0.167091 0.976372 0.0267688 0.945399 0.0143332 1.00174
0 0.399994 0.177253 0.471328 0.0082546 0.375661 -0.0321262 0.304327 0.136873
0 0.374621 0.824664 0.470033 0.591708 0.309505 0.525961 0.214093 0.758917
0 0.359046 0.406246 0.367879 0.314966 0.287638 0.307201 0.278805 0.398481
0 0.474589 0.836838 0.492314 0.773516 0.387864 0.744278 0.370139 0.807601
0 0.732944 0.556226 0.753229 0.463557 0.624157 0.435304 0.603872 0.527973
0 0.61592 0.257263 0.675534 0.0297535 0.523104 -0.0101877 0.46349 0.217322
0 0.211352 0.409741 0.250793 0.25889 0.116174 0.223693 0.0767328 0.374545
0 0.191046 0.0704223 0.19508 -0.00699939 0.102201 -0.0118383 0.0981674 0.0655834
0 0.808638 1.02293 0.815636 0.958249 0.68672 0.944302 0.679722 1.00899
0 0.961737 0.823866 1.05803 0.795221 0.998833 0.596212 0.902538 0.624856
0 0.610633 0.896178 0.662407 0.729722 0.506136 0.681116 0.454361 0.847571
0 0.235562 0.0932749 0.265324 0.00727981 0.198121 -0.0159782 0.168359 0.070017
0 0.688559 1.01459 0.709198 0.919448 0.650176 0.906645 0.629536 1.00179
0 0.332954 0.94864 0.398452 0.750921 0.234963 0.696763 0.169465 0.894481
0 0.868161 1.01037 0.939438 0.827214 0.851837 0.793124 0.780561 0.976282
0 0.98603 0.638423 0.993362 0.549635 0.893811 0.541414 0.886479 0.630202
0 0.00888098 0.0489248 0.114938 0.0469357 0.113927 -0.00694449 0.00787048 -0.00495543
0 0.453027 0.454137 0.46626 0.352292 0.379703 0.341046 0.366471 0.442891
0 0.217477 0.355446 0.246434 0.269688 0.180853 0.247544 0.151895 0.333301
0 0.172549 0.767554 0.2258 0.642816 0.178185 0.622489 0.124933 0.747227
0 0.943845 0.327018 0.97725 0.199117 0.804124 0.153899 0.770718 0.281799
0 0.584295 0.876285 0.60112 0.809807 0.474209 0.777686 0.457384 0.844164
