0 0.13144 0.334485 0.170725 0.192756 0.101598 0.158692 0.0623129 0.300421
0 0.428563 0.582332 0.469633 0.435705 0.396111 0.399094 0.35504 0.545721
0 0.182746 0.368156 0.230111 0.235335 0.170088 0.197282 0.122723 0.330103
0 0.493376 0.619539 0.535481 0.483123 0.46518 0.444548 0.423075 0.580964
0 0.533181 0.318309 0.593437 0.307345 0.576223 0.139161 0.515967 0.150126
0 0.345617 1.00882 0.451576 1.00845 0.451262 0.846103 0.345303 0.846468
0 0.261846 0.488784 0.313536 0.334712 0.245542 0.294159 0.193852 0.448231
0 -0.00061794 0.813195 0.0965161 0.809096 0.091252 0.587345 -0.00588211 0.591444
0 0.590333 0.305573 0.680576 0.289033 0.66362 0.124567 0.573377 0.141106
0 0.0412553 0.284957 0.0785522 0.105583 -0.00162831 0.075944 -0.0389252 0.255318
0 0.34249 0.519552 0.3719 0.384352 0.299582 0.356386 0.270172 0.491586
0 0.818049 0.460076 0.875766 0.409906 0.819429 0.294684 0.761712 0.344853
0 1.00956 0.764642 1.00957 0.653884 0.938833 0.653865 0.938816 0.764623
0 0.93008 0.654666 0.997652 0.627809 0.983057 0.562529 0.915485 0.589386
0 0.82922 0.779816 0.912129 0.749862 0.899441 0.687431 0.816532 0.717385
0 0.762829 0.886172 0.77972 0.788167 0.660902 0.75176 0.644011 0.849766
0 0.880634 0.842984 0.91759 0.769895 0.870015 0.72713 0.833059 0.800219
0 0.742929 0.458006 0.80114 0.410837 0.753524 0.306374 0.695314 0.353543
0 0.286241 0.0671928 0.420219 0.065354 0.419638 -0.00990664 0.28566 -0.00806781
0 0.877366 0.41683 0.938504 0.350849 0.875119 0.246434 0.813981 0.312415
0 0.388963 0.252773 0.461767 0.251364 0.460724 0.155541 0.38792 0.156949
0 0.667414 0.720153 0.686903 0.584886 0.54063 0.547419 0.521141 0.682686
0 0.23493 0.0326495 0.294218 0.0315249 0.293846 -0.00334111 0.234558 -0.00221654
0 0.802577 0.279284 0.809557 0.208389 0.756529 0.199107 0.749549 0.270002
0 0.996087 0.052665 0.996659 -0.00476107 0.873677 -0.00693601 0.873106 0.0504901
0 0.524135 0.269582 0.534281 0.149872 0.451964 0.137469 0.441819 0.257179
0 0.34247 1.00403 0.404852 1.0033 0.40401 0.876516 0.341628 0.877252
0 0.766058 0.820852 0.783769 0.759382 0.688735 0.710703 0.671024 0.772173
0 0.359205 0.0542592 0.424544 0.0522629 0.423544 -0.00590118 0.358205 -0.0039049
0 0.652445 0.724923 0.683793 0.605863 0.616422 0.574328 0.585074 0.693387
