0 0.658657 0.420906 0.827326 0.397397 0.820334 0.308227 0.651666 0.331736
0 0.504462 0.443908 0.677305 0.422766 0.670733 0.327246 0.49789 0.348388
0 0.161517 0.60023 0.272335 0.495558 0.189205 0.339094 0.0783875 0.443765
0 0.621986 0.474847 0.74811 0.462231 0.745106 0.408841 0.618982 0.421457
0 0.148684 0.802997 0.238733 0.798361 0.232152 0.571085 0.142103 0.57572
0 0.0934545 0.421245 0.195062 0.391631 0.13384 0.0182013 0.0322326 0.0478155
0 0.947891 0.117112 1.00142 0.116648 1.00085 0.00132194 0.947328 0.00178605
0 0.402608 0.0682931 0.494016 0.0398642 0.482184 -0.0277688 0.390776 0.000660167
0 0.781785 0.0566 0.790289 -0.00817114 0.703036 -0.0285363 0.694533 0.0362348
0 0.511835 0.494571 0.605857 0.488893 0.603735 0.426434 0.509714 0.432112
0 0.970153 1.00213 1.00134 1.00167 1.00081 0.93753 0.969625 0.937986
0 0.150198 0.790348 0.201372 0.783824 0.190209 0.628161 0.139035 0.634685
0 1.00174 0.662675 1.00273 0.498725 0.978246 0.498461 0.977251 0.662412
0 0.958006 0.0257398 0.958277 -0.000846311 0.89059 -0.00207028 0.890319 0.0245159
0 0.895145 0.411143 0.981482 0.406753 0.975365 0.192864 0.889028 0.197253
0 0.487693 0.82515 0.538852 0.756359 0.438764 0.624034 0.387606 0.692825
0 0.958657 0.947063 1.00277 0.945582 1.00116 0.860293 0.957047 0.861773
0 0.00216632 1.01987 0.0739419 1.01753 0.072547 0.941607 0.000771411 0.943951
0 0.0091163 1.00161 0.0951915 1.00103 0.0948749 0.917581 0.00879961 0.918162
0 0.949684 0.825311 0.950407 0.714956 0.889704 0.714249 0.888981 0.824604
