0 0.432463 0.806135 0.633158 0.656048 0.557123 0.554375 0.356428 0.704462
0 0.366667 0.686278 0.563239 0.538669 0.479964 0.427771 0.283392 0.575379
0 0.150811 0.404829 0.360091 0.255341 0.279615 0.142677 0.0703356 0.292164
0 0.730432 0.448652 0.808628 0.401366 0.72377 0.26104 0.645574 0.308326
0 0.285612 0.579431 0.482428 0.432817 0.411013 0.336948 0.214196 0.483562
0 0.873933 0.647603 0.969056 0.583095 0.827485 0.374334 0.732361 0.438843
0 0.0397813 0.904309 0.238481 0.747181 0.152552 0.638517 -0.0461478 0.795645
0 0.64508 0.905739 0.747686 0.844575 0.631358 0.649432 0.528753 0.710597
0 0.216157 0.502203 0.418306 0.33878 0.342635 0.245178 0.140487 0.408601
0 0.0634983 0.229302 0.245436 0.0859357 0.148952 -0.0365067 -0.0329859 0.10686
0 0.133326 1.01574 0.311403 0.871767 0.217585 0.755724 0.0395085 0.899695
0 0.10979 0.276547 0.295949 0.150431 0.243857 0.0735372 0.0576971 0.199654
0 -0.00365784 0.698093 0.133747 0.583269 0.0706622 0.507778 -0.0667426 0.622602
0 0.755749 1.06036 0.844149 0.990744 0.755665 0.878377 0.667265 0.947989
0 0.83461 0.28855 0.94354 0.214023 0.791168 -0.00868576 0.682238 0.0658411
0 0.544541 0.111117 0.593364 -0.00624378 0.461247 -0.0612043 0.412425 0.0561568
0 0.96512 0.613179 1.09535 0.540838 0.988316 0.348149 0.858085 0.42049
0 0.614167 0.111426 0.754113 0.0236802 0.687626 -0.0823607 0.54768 0.00538477
0 0.210298 1.05456 0.345516 0.951498 0.294122 0.884072 0.158904 0.987138
0 0.985463 0.714912 1.04573 0.596348 0.929468 0.537258 0.869206 0.655823
0 0.696232 0.942111 0.779412 0.887973 0.753853 0.848703 0.670673 0.902842
0 0.660601 0.338533 0.77303 0.154017 0.563629 0.026425 0.4512 0.210941
0 -0.00595435 0.075276 0.0827732 0.0730737 0.0807422 -0.00875188 -0.00798531 -0.00654961
0 0.689807 0.311638 0.715174 0.221332 0.618035 0.194046 0.592668 0.284352
0 0.0480442 0.530607 0.0572921 0.441734 -0.0120646 0.434517 -0.0213124 0.523389
0 0.259875 0.998708 0.364061 0.996305 0.362556 0.931016 0.25837 0.933419
0 0.00101017 0.571657 0.108462 0.571375 0.107947 0.375467 0.000495475 0.375749
0 0.937464 0.287369 1.00173 0.286986 1.00094 0.155445 0.936681 0.155828
0 0.535238 1.06615 0.649165 0.96751 0.493664 0.787909 0.379736 0.88655
0 0.971941 0.994426 1.0039 0.994354 1.0038 0.948921 0.971839 0.948993
0 0.273263 1.00927 0.346544 1.00377 0.343231 0.959672 0.26995 0.965179
0 0.916466 0.095062 0.999804 0.0947853 0.999493 0.00101587 0.916154 0.00129255
