0 0.131439 0.25086 0.170723 0.14457 0.101599 0.119023 0.0623155 0.225313
0 0.428543 0.436778 0.469642 0.326779 0.396126 0.299311 0.355027 0.409309
0 0.222704 0.954437 0.224782 0.803984 0.106769 0.802355 0.104691 0.952808
0 0.547505 0.987933 0.551037 0.843981 0.441255 0.841288 0.437723 0.98524
0 0.182741 0.276116 0.230109 0.176501 0.17009 0.147961 0.122721 0.247576
0 0.493359 0.464527 0.535452 0.362403 0.465213 0.333453 0.42312 0.435577
0 0.53318 0.238727 0.593439 0.230503 0.576225 0.104364 0.515966 0.112588
0 0.261838 0.366582 0.313555 0.251052 0.24557 0.220618 0.193852 0.336148
0 0.814841 1.03545 0.903625 0.998315 0.800207 0.751054 0.711422 0.788189
0 -0.000381835 0.609684 0.0965617 0.606365 0.0908714 0.440194 -0.00607207 0.443514
0 0.59033 0.229185 0.680578 0.21678 0.663622 0.0934276 0.573374 0.105833
0 0.041252 0.213721 0.0785495 0.0791975 -0.00163423 0.0569661 -0.0389317 0.19149
0 0.342463 0.389673 0.371901 0.288293 0.299595 0.267297 0.270157 0.368677
0 0.818047 0.345029 0.875745 0.307413 0.819417 0.221012 0.761719 0.258628
0 0.929989 0.490806 0.997523 0.470839 0.983106 0.422072 0.915571 0.442039
0 1.00953 0.573142 1.00958 0.490329 0.938902 0.490286 0.938852 0.573099
0 0.829103 0.58487 0.912194 0.562463 0.899591 0.515726 0.816499 0.538133
0 0.891783 0.627559 0.913491 0.568244 0.857713 0.54783 0.836004 0.607144
0 0.762543 0.664621 0.780394 0.585764 0.662101 0.558984 0.644249 0.637841
0 0.742945 0.343502 0.80114 0.308136 0.753524 0.229784 0.695329 0.26515
0 0.450702 0.785425 0.451986 0.634414 0.344387 0.633499 0.343103 0.78451
0 0.0659289 1.00345 0.181416 1.00249 0.181047 0.958046 0.0655597 0.959006
0 0.286247 0.0503905 0.420208 0.0490119 0.419627 -0.00743313 0.285666 -0.00605457
0 0.877375 0.312623 0.938509 0.263138 0.875119 0.184826 0.813985 0.234311
0 0.388964 0.189582 0.461769 0.188524 0.460725 0.116656 0.38792 0.117713
0 0.667148 0.540484 0.68706 0.438965 0.539446 0.410011 0.519534 0.51153
0 0.23493 0.0244871 0.294219 0.0236437 0.293847 -0.00250625 0.234558 -0.00166285
0 0.802582 0.209461 0.809562 0.156286 0.756529 0.149325 0.74955 0.2025
0 0.996087 0.0394935 0.996659 -0.0035757 0.873667 -0.00520874 0.873095 0.0378605
0 0.52414 0.202186 0.534274 0.1124 0.451962 0.10311 0.441828 0.192896
0 0.452104 0.773436 0.452315 0.629405 0.390555 0.629314 0.390345 0.773346
0 0.763047 0.635113 0.784274 0.557699 0.676802 0.52823 0.655575 0.605645
0 0.359205 0.0406933 0.424544 0.0391961 0.423544 -0.00442581 0.358205 -0.0029286
0 0.652293 0.543559 0.683747 0.454208 0.616505 0.430538 0.585052 0.519889
