0 0.655911 0.858254 0.656029 0.781342 0.551195 0.781251 0.551077 0.858164
0 0.883298 0.764157 1.00392 0.763349 1.0028 0.669394 0.882179 0.670202
0 0.271666 0.983269 0.275335 0.896547 0.157891 0.893751 0.154222 0.980474
0 0.16247 0.542807 0.25201 0.317115 -0.00611751 0.25951 -0.0956576 0.485202
0 0.658593 0.291055 0.680253 0.206336 0.585205 0.192667 0.563545 0.277386
0 0.818813 0.804426 0.91652 0.772206 0.870677 0.694011 0.772971 0.726232
0 0.688997 0.853459 0.770558 0.799417 0.698236 0.73802 0.616675 0.792063
0 0.81687 1.1274 1.19139 0.914443 1.00474 0.729796 0.630214 0.942758
0 0.512951 0.0787616 0.51669 -0.00935561 0.374839 -0.0127416 0.3711 0.0753757
0 0.316236 0.929761 0.414011 0.929687 0.413909 0.853577 0.316134 0.853651
0 0.529576 0.488027 0.568657 0.348999 0.413541 0.324472 0.37446 0.4635
0 0.0669084 1.01263 0.185058 0.985023 0.155067 0.912817 0.0369181 0.940421
0 0.433619 0.925943 0.543663 0.880602 0.487118 0.803408 0.377074 0.848749
0 0.958389 0.380264 1.00273 0.380227 1.00257 0.270323 0.958227 0.270359
0 0.367965 1.07657 0.747504 0.981441 0.691554 0.855873 0.312015 0.951001
0 0.186968 0.101356 0.197451 -0.00668164 0.0100301 -0.0169103 -0.000452133 0.0911272
0 -0.00110219 1.00605 0.0758441 1.00246 0.0718275 0.954122 -0.00511879 0.957719
0 0.51677 0.2176 0.581999 0.10753 0.266108 0.0022286 0.200879 0.112299
0 0.174135 0.0838094 0.190539 -0.00952522 0.0834223 -0.0201152 0.0670181 0.0732194
0 0.954146 0.668785 1.008 0.668006 1.00682 0.622001 0.952964 0.622779
0 0.972543 0.731018 1.00454 0.7303 1.00176 0.660692 0.969763 0.661411
