0 0.577318 0.954782 0.583175 0.841187 0.418834 0.836421 0.412977 0.950015
0 0.616894 0.565983 0.62671 0.416127 0.478068 0.41065 0.468253 0.560506
0 0.861206 1.00252 0.980085 1.00215 0.979648 0.924781 0.860768 0.925159
0 0.241565 0.360912 0.243639 0.211898 0.0906951 0.210701 0.0886213 0.359714
0 0.296244 0.205652 0.299789 0.0521487 0.142746 0.0501088 0.139201 0.203612
0 0.728515 0.239888 0.73488 0.0933205 0.58883 0.0897529 0.582465 0.23632
0 0.000880112 0.615188 0.129714 0.613616 0.127712 0.521322 -0.0011216 0.522894
0 0.822342 0.491113 0.951887 0.467072 0.929966 0.400626 0.80042 0.424667
0 0.871184 0.935048 1.01145 0.87454 0.923133 0.759385 0.782869 0.819893
0 0.178147 0.528444 0.189277 0.372345 0.0198664 0.36555 0.00873613 0.52165
0 0.670563 0.411212 0.683437 0.257259 0.538527 0.250442 0.525652 0.404395
0 0.639988 0.851149 0.649526 0.714112 0.35731 0.702672 0.347773 0.839709
0 0.791667 0.817581 0.927129 0.795677 0.846249 0.514319 0.710787 0.536223
0 0.632579 0.856659 0.652065 0.725981 0.557561 0.718054 0.538075 0.848732
0 0.460843 0.0463753 0.612764 0.0443141 0.611591 -0.00433348 0.45967 -0.00227227
0 0.959835 0.129343 1.00471 0.127987 0.99959 0.0326407 0.954712 0.0339969
0 -0.00120288 0.857009 0.132375 0.856856 0.132009 0.676977 -0.00156895 0.67713
0 0.451295 0.0287194 0.453663 -0.00131822 0.356919 -0.0056072 0.354552 0.0244304
0 0.47165 0.835385 0.4779 0.702444 0.35915 0.699304 0.3529 0.832245
0 1.02305 0.120281 1.03676 0.0584333 0.952348 0.0479045 0.938634 0.109752
