0 0.1811 0.814543 0.182667 0.615562 0.0680123 0.613957 0.0664453 0.812937
0 0.222594 0.605065 0.224351 0.406164 0.106761 0.404318 0.105004 0.603218
0 0.464874 1.00593 0.465618 0.884873 0.357545 0.883693 0.356801 1.00475
0 0.545546 0.653942 0.550921 0.459554 0.442849 0.454242 0.437474 0.648629
0 0.50323 0.882055 0.512339 0.675968 0.402586 0.667344 0.393478 0.873431
0 -0.00115452 0.139726 0.0923127 0.138869 0.0916038 0.00145902 -0.00186336 0.00231618
0 0.832036 0.769171 0.918015 0.722711 0.803473 0.345883 0.717495 0.392344
0 0.134715 0.997571 0.138907 0.834936 0.0243586 0.829686 0.0201664 0.992322
0 0.907711 1.04615 0.994416 0.990367 0.882716 0.681702 0.796011 0.737484
0 0.618791 0.991123 0.712846 0.959444 0.6952 0.8663 0.601144 0.897978
0 0.758849 0.220835 0.776155 0.137124 0.660625 0.094661 0.643318 0.178372
0 0.451369 0.379759 0.452259 0.181585 0.344901 0.180727 0.344011 0.378902
0 0.903142 0.158889 0.908824 0.0804745 0.844855 0.0722331 0.839172 0.150648
0 0.828596 0.115431 0.913816 0.085355 0.900096 0.0162464 0.814876 0.0463224
0 1.00492 0.102649 1.00568 0.000239457 0.938537 -0.000645613 0.937778 0.101764
0 0.657002 0.0528034 0.663792 0.000352306 0.574462 -0.0202056 0.567672 0.0322455
0 0.341498 0.363913 0.405892 0.362189 0.403697 0.216459 0.339302 0.218183
0 0.764956 0.153982 0.782915 0.0932883 0.68906 0.0439189 0.671102 0.104612
0 0.391463 0.363145 0.452822 0.36242 0.451565 0.173242 0.390206 0.173967
0 0.929474 1.03269 0.988124 0.984271 0.950948 0.904215 0.892298 0.952633
