0 0.286241 0.999853 0.332258 0.832872 0.242486 0.808133 0.196469 0.975113
0 0.605308 0.427235 0.605983 0.347221 0.51401 0.346446 0.513335 0.42646
0 0.523156 0.482362 0.614256 0.481433 0.613659 0.422962 0.522559 0.423891
0 0.702823 1.00122 0.774913 1.00085 0.774507 0.922021 0.702417 0.922392
0 0.799294 0.136536 0.823549 0.080756 0.727084 0.0388098 0.702829 0.0945894
0 0.620964 0.632673 0.6211 0.549629 0.51489 0.549456 0.514755 0.6325
0 0.518119 0.55532 0.615955 0.5538 0.61476 0.476835 0.516923 0.478355
0 0.828293 0.0865468 0.848258 0.0427634 0.7527 -0.00081077 0.732735 0.0429726
0 0.418575 0.52593 0.425127 0.465142 0.347894 0.456817 0.341342 0.517605
0 0.6369 0.361662 0.750238 0.360541 0.749325 0.268323 0.635987 0.269444
0 0.437004 0.780262 0.444639 0.690616 0.355367 0.683012 0.347731 0.772658
0 0.14513 0.721779 0.166176 0.634577 0.101512 0.618971 0.080466 0.706173
0 0.332161 0.44167 0.375335 0.235045 0.205179 0.199491 0.162006 0.406117
0 0.0846983 0.698635 0.103324 0.616264 0.0383326 0.601568 0.0197067 0.683939
0 0.417188 0.648988 0.426322 0.573944 0.308706 0.559629 0.299572 0.634672
0 0.481669 0.337467 0.495939 0.231285 0.409565 0.219677 0.395294 0.325859
0 0.464466 0.422321 0.474813 0.330619 0.381503 0.32009 0.371156 0.411792
0 0.432958 0.464399 0.442051 0.41796 0.366724 0.403211 0.357631 0.449649
0 0.558978 0.905896 0.659244 0.90166 0.657095 0.850786 0.556829 0.855022
0 0.331808 0.854413 0.372159 0.672465 0.283438 0.652789 0.243087 0.834737
0 0.436903 0.579927 0.443207 0.524093 0.328571 0.511149 0.322267 0.566983
0 0.701083 0.925067 0.77679 0.924466 0.775987 0.82321 0.70028 0.823811
0 0.240765 0.741632 0.250467 0.653301 0.15217 0.642505 0.142468 0.730836
0 0.941377 0.0786638 0.956449 0.0196835 0.85358 -0.00660327 0.838508 0.0523771
0 0.594517 0.346163 0.595644 0.246329 0.500532 0.245255 0.499404 0.345089
0 0.431835 0.474404 0.439836 0.435276 0.366451 0.420269 0.358449 0.459397
0 0.635837 0.790069 0.638468 0.721583 0.508766 0.716601 0.506135 0.785087
0 0.264789 0.629102 0.310882 0.44941 0.243731 0.432185 0.197637 0.611876
0 0.79963 0.206414 0.825442 0.146092 0.694385 0.090012 0.668573 0.150333
0 0.359002 0.223343 0.392388 0.0188348 0.224838 -0.00851791 0.191452 0.19599
0 0.688469 0.827181 0.769411 0.82595 0.768473 0.764246 0.68753 0.765477
0 0.638704 0.86748 0.648418 0.784845 0.542662 0.772412 0.532948 0.855048
0 0.921584 0.442001 0.969192 0.364182 0.85441 0.29396 0.806801 0.371779
0 0.668003 0.596903 0.756622 0.5961 0.756033 0.531142 0.667415 0.531945
0 0.752564 0.23492 0.773832 0.189401 0.672695 0.142145 0.651427 0.187663
0 0.963895 0.957881 0.997436 0.894867 0.899334 0.842648 0.865792 0.905663
0 0.511729 0.775799 0.521315 0.704438 0.44381 0.694027 0.434224 0.765388
0 0.401982 1.03182 0.427494 0.941501 0.341966 0.917341 0.316454 1.00766
0 0.990482 0.908872 1.07884 0.768522 0.992875 0.714406 0.90452 0.854756
0 0.566887 0.961056 0.667584 0.959701 0.66678 0.899945 0.566082 0.901301
0 0.110464 0.569676 0.129205 0.470976 0.0504671 0.456025 0.0317259 0.554725
0 1.00955 0.686079 1.04107 0.54944 0.915456 0.520467 0.88394 0.657106
0 0.56773 1.00358 0.670034 1.00172 0.668883 0.938542 0.566579 0.940407
0 0.209208 0.594577 0.22266 0.493884 0.115212 0.47953 0.101761 0.580223
0 0.632536 0.697349 0.633916 0.62993 0.51913 0.62758 0.517749 0.694999
0 0.0948495 0.909621 0.118671 0.7978 0.0258271 0.778021 0.00200572 0.889842
0 0.184086 0.864218 0.210737 0.789664 0.140487 0.764551 0.113836 0.839106
0 0.769238 0.542434 0.777158 0.446056 0.660367 0.436459 0.652447 0.532836
0 0.0292848 0.676087 0.0449962 0.591742 -0.00605216 0.582233 -0.0217636 0.666578
0 0.651621 0.459016 0.800526 0.451256 0.795194 0.348959 0.646289 0.356719
0 0.900949 1.0386 0.950161 0.961567 0.844391 0.893996 0.79518 0.971027
0 0.208843 0.799581 0.223986 0.737158 0.183162 0.727254 0.168019 0.789678
0 0.72661 0.278205 0.745951 0.216731 0.649101 0.186261 0.629761 0.247735
0 0.998129 0.899603 1.03133 0.834288 0.938349 0.78702 0.905147 0.852335
0 0.436572 0.444215 0.442231 0.416228 0.368242 0.401267 0.362583 0.429253
0 0.683421 0.0563687 0.704621 -0.00306889 0.613696 -0.0355002 0.592495 0.0239373
0 0.460909 1.02176 0.476783 0.963636 0.41884 0.947811 0.402966 1.00594
0 0.0467773 0.548747 0.0715239 0.456212 0.0238571 0.443465 -0.000889392 0.535999
0 1.00216 0.5014 1.03202 0.385882 0.975036 0.371156 0.945183 0.486674
0 0.0263975 0.527318 0.0290311 0.432341 0.00139511 0.431575 -0.00123855 0.526551
0 0.20438 0.595633 0.218283 0.500452 0.168565 0.493189 0.154662 0.588371
0 0.84599 0.0426857 0.858802 0.000642788 0.771444 -0.0259775 0.758633 0.0160655
0 0.677533 0.724558 0.754946 0.72294 0.753219 0.640341 0.675806 0.641959
0 0.498817 0.915297 0.506659 0.811254 0.470851 0.808555 0.46301 0.912598
0 0.930939 0.981556 0.951866 0.943426 0.860173 0.893101 0.839245 0.931231
0 0.0301949 0.872238 0.0354458 0.780629 -0.00878024 0.778094 -0.0140312 0.869703
0 1.002 0.558071 1.01069 0.508738 0.974415 0.502348 0.965726 0.551682
0 0.743099 0.638639 0.746476 0.596956 0.648388 0.589011 0.645012 0.630694
0 -0.00142097 1.00552 0.10874 1.00361 0.10798 0.959823 -0.00218103 0.961735
0 0.853114 1.00891 0.85754 0.974539 0.810731 0.968511 0.806306 1.00288
0 0.0370783 0.758804 0.0439555 0.718121 -0.0027326 0.710229 -0.00960979 0.750912
0 0.000216054 0.0343869 0.0576206 0.0336484 0.0571898 0.000157627 -0.00021475 0.000896041
0 0.783598 0.762332 0.785802 0.63886 0.681013 0.636989 0.678809 0.760461
0 0.540033 0.174532 0.584629 0.0459256 0.497867 0.0158401 0.453271 0.144447
0 0.871711 0.157532 0.884297 0.105782 0.830162 0.0926164 0.817576 0.144367
0 0.759295 0.494912 0.825033 0.478575 0.813753 0.433186 0.748015 0.449523
0 1.00395 0.826195 1.02833 0.744786 0.972481 0.728055 0.948094 0.809464
0 0.309926 0.229352 0.315517 0.172718 0.252783 0.166524 0.247191 0.223158
0 0.498211 1.00488 0.500062 0.971093 0.454026 0.968572 0.452176 1.00236
0 0.0245414 0.361169 0.0248994 0.28682 -0.00301483 0.286686 -0.00337291 0.361034
