0 0.965925 0.201317 0.999969 0.112302 0.93845 0.0887737 0.904406 0.177789
0 0.74288 0.100621 0.781646 0.0104068 0.723119 -0.0147421 0.684354 0.0754724
0 0.798432 0.122941 0.835291 0.0335265 0.780528 0.010952 0.74367 0.100367
0 0.905046 0.176003 0.941736 0.0889328 0.887507 0.066082 0.850817 0.153152
0 0.848111 0.148981 0.890778 0.0625634 0.834916 0.0349826 0.792249 0.1214
0 0.829946 0.558 0.884903 0.389009 0.770623 0.351845 0.715666 0.520835
0 0.29198 0.243598 0.37061 0.000405051 0.27673 -0.0299486 0.1981 0.213245
0 0.91857 0.942402 0.964017 0.863138 0.824427 0.783102 0.77898 0.862367
0 0.702186 0.0614709 0.710457 -0.00225014 0.639624 -0.011444 0.631353 0.0522771
0 0.593218 0.402731 0.640303 0.260765 0.572896 0.238409 0.525811 0.380374
0 1.00605 0.940753 1.03017 0.852083 0.949776 0.830208 0.925651 0.918878
0 0.334247 1.014 0.44391 1.00232 0.439873 0.964424 0.330211 0.976106
0 0.226359 0.220894 0.277334 0.00610058 0.144871 -0.0253355 0.093896 0.189458
0 0.0740397 0.489746 0.0987333 0.354435 -0.00248406 0.335963 -0.0271776 0.471275
0 0.0980696 0.194143 0.159272 -0.0154996 0.0504291 -0.0472746 -0.010773 0.162368
0 0.365322 0.284544 0.451609 0.00445093 0.349373 -0.0270443 0.263086 0.253048
0 0.0480939 0.567059 0.0555263 0.471403 -0.00839299 0.466436 -0.0158254 0.562093
0 0.822893 0.550049 0.84943 0.468944 0.745169 0.434831 0.718632 0.515935
0 0.633019 0.527793 0.70289 0.340671 0.606248 0.304585 0.536376 0.491706
0 0.481093 0.845299 0.520415 0.745295 0.441222 0.714157 0.401901 0.814161
0 0.230441 1.00824 0.333797 1.00313 0.332817 0.983316 0.229462 0.988427
0 0.612512 0.573468 0.622111 0.496486 0.534996 0.485624 0.525397 0.562605
0 0.529716 0.7387 0.5505 0.670444 0.470688 0.646142 0.449904 0.714398
0 0.000558706 1.0009 0.0387183 1.00084 0.0386172 0.933699 0.000457646 0.933756
0 0.270194 1.00165 0.327852 1.00031 0.327493 0.98481 0.269834 0.986148
0 -0.000507792 0.995424 0.059155 0.995122 0.05874 0.912983 -0.000922775 0.913284
