0 0.667871 0.634131 0.748828 0.591218 0.702921 0.437254 0.621964 0.480167
0 0.528886 0.778075 0.606431 0.733879 0.547957 0.551481 0.470412 0.595677
0 0.358642 0.435707 0.505453 0.357557 0.472528 0.247595 0.325716 0.325745
0 0.792322 0.449214 0.877035 0.410135 0.824482 0.207604 0.739768 0.246683
0 0.63752 0.517406 0.718496 0.408785 0.630433 0.292073 0.549457 0.400694
0 0.833565 0.580966 0.917021 0.541114 0.873451 0.378907 0.789995 0.418759
0 0.475549 0.617529 0.558241 0.566489 0.516054 0.444978 0.433362 0.496018
0 0.654615 0.352076 0.661785 0.183834 0.539129 0.174542 0.53196 0.342783
0 0.270211 0.53768 0.327097 0.420802 0.233377 0.33971 0.176492 0.456587
0 0.819911 0.742606 0.963468 0.643589 0.915182 0.519134 0.771625 0.618151
0 0.221294 0.543342 0.225711 0.434892 0.141646 0.428805 0.137228 0.537254
0 0.805548 0.20619 0.915579 0.150014 0.889479 0.0591328 0.779448 0.115309
0 0.468279 0.508081 0.526653 0.412394 0.457248 0.337123 0.398875 0.432809
0 0.788295 1.04551 0.937087 0.958486 0.893289 0.825352 0.744498 0.912372
0 0.879264 0.166077 0.927713 0.139878 0.9007 0.0510701 0.852251 0.0772686
0 0.130985 0.219366 0.209211 0.0523823 0.0800309 -0.0552021 0.00180483 0.111782
0 0.654811 0.283758 0.817717 0.206876 0.791689 0.108829 0.628783 0.185711
0 0.715252 0.795999 0.807623 0.745946 0.751026 0.560258 0.658654 0.610311
0 0.324526 0.92775 0.454469 0.849522 0.427964 0.771251 0.298021 0.849479
0 0.428853 0.886441 0.557957 0.816557 0.52976 0.723949 0.400656 0.793833
0 0.221624 0.141556 0.291095 0.0416519 0.220027 -0.0462036 0.150556 0.0537009
0 0.754542 0.263637 0.822467 0.220187 0.785134 0.11643 0.717209 0.15988
0 0.270076 1.02308 0.362615 1.02097 0.36129 0.917297 0.268751 0.9194
0 0.956083 0.420806 1.004 0.419687 1.00195 0.263438 0.95403 0.264557
0 0.0927157 0.64479 0.185623 0.599104 0.160993 0.51006 0.068086 0.555746
0 0.743771 0.798088 0.855019 0.701727 0.799308 0.587386 0.688061 0.683747
0 0.661829 0.275768 0.750359 0.235785 0.726986 0.143781 0.638457 0.183764
0 0.0709352 0.565236 0.142582 0.53727 0.128908 0.474996 0.0572619 0.502962
0 0.276535 0.0874687 0.313281 0.0347872 0.2707 -0.0180121 0.233955 0.0346695
0 -0.000437539 0.906957 0.0496825 0.906296 0.0483988 0.733432 -0.00172119 0.734094
0 0.975712 0.122597 0.991633 0.0199986 0.907832 -0.00312118 0.89191 0.099477
0 0.88751 1.02392 0.934851 1.00364 0.895253 0.839245 0.847911 0.859518
0 0.971653 0.607565 1.00328 0.606138 1.00002 0.477626 0.968391 0.479053
