0 0.489727 1.00762 0.510162 0.923152 0.42169 0.911112 0.401255 0.995575
0 0.296585 0.693926 0.391312 0.486497 0.294414 0.461606 0.199687 0.669035
0 0.426002 0.983307 0.444025 0.892062 0.272937 0.873052 0.254914 0.964297
0 0.546531 0.101975 0.593858 0.0252135 0.400578 -0.0418173 0.353251 0.0349444
0 0.594275 1.01697 0.614651 0.955975 0.499987 0.934429 0.479611 0.995427
0 0.103452 0.353171 0.113566 0.235624 -0.00737612 0.229771 -0.0174899 0.347318
0 0.194733 0.344412 0.210179 0.257095 0.102793 0.24641 0.0873476 0.333727
0 0.241423 0.522533 0.271973 0.458372 0.106542 0.414065 0.0759928 0.478226
0 0.983327 1.02279 1.01773 0.947938 0.88403 0.913371 0.849626 0.988223
0 0.187132 0.673468 0.267987 0.516691 0.161743 0.48587 0.080888 0.642646
0 0.938578 0.220937 0.983196 0.133539 0.88079 0.104131 0.836172 0.191529
0 0.359239 0.0374676 0.370703 -0.000207029 0.243575 -0.0219667 0.232111 0.015708
0 0.394905 0.404166 0.410729 0.314627 0.302044 0.303822 0.28622 0.393362
0 0.486082 0.757204 0.56441 0.522554 0.365611 0.485226 0.287283 0.719876
0 0.146606 0.904954 0.158718 0.814343 0.0485893 0.806062 0.0364769 0.896673
0 0.697632 0.407168 0.741641 0.300839 0.648869 0.27924 0.60486 0.385569
0 0.653917 1.01564 0.668283 0.968311 0.601181 0.956854 0.586815 1.00418
0 0.0522272 0.915695 0.0712919 0.783314 -0.0122821 0.776544 -0.0313467 0.908925
0 0.29206 0.0612892 0.320369 0.011124 0.194598 -0.0287989 0.166289 0.0213663
0 0.403292 0.0308863 0.411413 -0.00205256 0.360625 -0.00909538 0.352504 0.0238434
0 0.742468 1.00317 0.743053 0.966758 0.646149 0.965881 0.645564 1.0023
0 1.006 0.26302 1.04816 0.16509 0.95679 0.142967 0.914635 0.240896
0 0.0462779 0.526553 0.0487599 0.414509 -0.00309223 0.413863 -0.00557424 0.525907
0 0.905822 0.455673 0.926238 0.399669 0.847318 0.383486 0.826902 0.43949
0 0.97638 0.478231 0.99773 0.418848 0.917029 0.402528 0.895679 0.461911
0 0.185342 0.0257662 0.186137 -0.00207205 0.0830142 -0.00372895 0.0822191 0.0241093
0 0.262746 0.947337 0.291165 0.859814 0.197172 0.842647 0.168753 0.93017
0 0.499734 0.12201 0.518871 0.083901 0.373812 0.0429246 0.354674 0.0810337
0 0.126434 0.967874 0.143051 0.899417 0.0171357 0.882224 0.000518446 0.950681
0 0.752277 0.160899 0.77717 0.0630688 0.626104 0.0414465 0.601211 0.139277
0 0.99924 0.947803 1.03476 0.887941 0.915164 0.848018 0.87964 0.90788
