0 0.39388 0.86095 0.633472 0.755741 0.591654 0.66051 0.352063 0.765719
0 0.722463 0.727369 0.972268 0.627 0.935116 0.534532 0.68531 0.634901
0 0.30619 0.693463 0.30731 0.470946 0.103758 0.469921 0.102638 0.692438
0 0.990658 0.644386 1.04998 0.545533 0.958126 0.490411 0.898804 0.589264
0 0.322782 0.321747 0.424542 0.284557 0.309797 -0.0294111 0.208036 0.007779
0 0.927902 0.273126 1.01941 0.23338 0.928031 0.0229886 0.836522 0.0627344
0 0.887917 1.0704 1.04644 0.970484 0.991679 0.883609 0.83316 0.983525
0 0.682778 0.533666 0.77815 0.493379 0.652673 0.196339 0.557302 0.236626
0 0.0610361 0.327384 0.176375 0.291914 0.11883 0.104795 0.00349085 0.140266
0 0.692305 0.0504881 0.77927 0.047568 0.777363 -0.00923648 0.690397 -0.00631638
0 0.976608 0.40011 1.04607 0.370071 0.981654 0.221101 0.912189 0.25114
0 0.541976 0.208692 0.621998 0.177822 0.548101 -0.0137416 0.468078 0.0171279
0 -0.00514591 0.776118 0.0479108 0.775845 0.0470642 0.611324 -0.00599247 0.611597
0 0.8636 0.100771 0.905436 0.0810446 0.865515 -0.00362034 0.823678 0.0161063
0 0.130944 0.221783 0.132703 0.131382 0.0387529 0.129555 0.0369942 0.219955
0 0.0726594 0.953881 0.0770766 0.888012 0.00691371 0.883307 0.00249649 0.949175
0 0.126693 0.484981 0.233635 0.45387 0.177719 0.261666 0.0707769 0.292778
0 0.0698356 0.923688 0.242248 0.861453 0.212761 0.779765 0.040349 0.842
0 -0.00249141 0.875553 0.0355343 0.874436 0.033116 0.792161 -0.00490976 0.793279
0 -0.000472111 0.584997 0.0391994 0.583528 0.0347886 0.4644 -0.00488286 0.465869
0 0.423306 0.582912 0.538519 0.533975 0.412164 0.236497 0.296951 0.285434
0 0.135246 0.932475 0.229142 0.895988 0.209598 0.845695 0.115703 0.882181
0 0.647654 0.464931 0.727682 0.429063 0.606164 0.157933 0.526137 0.1938
