0 0.790992 0.422269 1.0502 0.333407 1.00162 0.253701 0.742415 0.342564
0 0.136997 0.766282 0.325425 0.725222 0.225439 0.467122 0.0370104 0.508182
0 0.225758 0.502682 0.332469 0.471004 0.235353 0.286985 0.128643 0.318662
0 0.431681 0.981743 0.473717 0.73772 0.19411 0.710626 0.152074 0.95465
0 0.786571 0.0672038 0.793817 -0.010048 0.677043 -0.0162092 0.669797 0.0610425
0 0.45965 1.02501 0.504184 0.870472 0.300341 0.837429 0.255808 0.991962
0 0.43417 0.194636 0.606149 0.135056 0.570559 0.0772697 0.398579 0.13685
0 1.01694 0.0854961 1.01797 -0.00275842 0.915329 -0.00343551 0.914294 0.084819
0 0.575783 0.165963 0.746043 0.110326 0.705207 0.0400321 0.534947 0.0956685
0 0.380058 0.0650603 0.501817 0.0240226 0.464402 -0.038421 0.342643 0.00261662
0 0.831136 0.985425 0.889192 0.964972 0.818356 0.851866 0.760299 0.872318
0 0.7864 0.500391 0.878437 0.456647 0.80915 0.374646 0.717113 0.41839
0 0.792288 1.00061 0.855409 0.977901 0.781106 0.86174 0.717984 0.884452
0 0.735731 0.913759 0.846641 0.882171 0.682396 0.557789 0.571486 0.589377
0 0.92473 0.759282 1.02138 0.726972 0.850783 0.439912 0.75413 0.472222
0 0.965291 0.995185 1.00357 0.994639 1.00212 0.937484 0.963842 0.93803
0 0.492003 0.457095 0.594366 0.424827 0.44962 0.16654 0.347257 0.198808
0 0.949535 0.737053 1.01184 0.716791 0.934406 0.582834 0.872096 0.603095
0 0.472175 1.01785 0.478003 0.925327 0.349129 0.920761 0.343301 1.01328
0 0.980112 0.241425 1.00214 0.241265 1.00147 0.189949 0.979448 0.19011
0 0.340688 0.0703006 0.499294 0.0685764 0.49793 -0.0020136 0.339324 -0.000289429
0 0.975094 0.824779 1.04344 0.812318 1.01233 0.716338 0.943982 0.728799
