0 0.668488 0.300756 0.748947 0.257544 0.702617 0.104185 0.622158 0.147397
0 0.529354 0.444728 0.606548 0.400226 0.547646 0.218585 0.470453 0.263086
0 0.578805 0.898243 0.840076 0.758161 0.807411 0.649853 0.546141 0.789934
0 0.834742 0.251292 0.918096 0.212093 0.873655 0.0440926 0.790301 0.0832916
0 0.679609 0.164401 0.699736 0.0165433 0.585386 -0.0111289 0.565259 0.136729
0 0.475468 0.284152 0.557189 0.233288 0.5147 0.111927 0.432979 0.162791
0 0.875429 0.852803 0.975612 0.811444 0.93752 0.647405 0.837336 0.688764
0 0.296603 0.186423 0.305162 0.0441972 0.20182 0.0331419 0.193262 0.175368
0 0.81919 0.410017 0.964316 0.309971 0.916237 0.185983 0.77111 0.286029
0 0.501107 0.159942 0.514483 0.0393726 0.424511 0.0216273 0.411135 0.142196
0 0.221549 0.208277 0.225178 0.101725 0.143231 0.0967631 0.139602 0.203316
0 0.790522 0.104848 0.875467 0.0613984 0.850523 -0.0252963 0.765579 0.0181532
0 0.934857 1.01304 1.02998 0.921537 0.952575 0.778471 0.857448 0.869975
0 0.785578 0.709122 0.929811 0.621289 0.887817 0.498696 0.743585 0.586529
0 0.167861 1.00788 0.251078 0.962582 0.176193 0.717996 0.0929763 0.763291
0 0.599194 1.0403 0.669536 0.989635 0.604788 0.829812 0.534446 0.880474
0 0.706477 0.450485 0.783966 0.414815 0.737121 0.233901 0.659632 0.269571
0 0.452175 0.0914121 0.456518 -0.0108879 0.349919 -0.018934 0.345575 0.0833661
0 0.325001 0.590249 0.452613 0.513009 0.427071 0.437988 0.299459 0.515228
0 0.428937 0.552393 0.557584 0.482197 0.529395 0.390356 0.400748 0.460552
0 0.414638 1.04643 0.48513 1.00159 0.36963 0.678783 0.299138 0.723621
0 0.0932883 0.31181 0.184957 0.265501 0.159788 0.176928 0.068119 0.223237
0 0.857502 1.04086 0.932207 0.998612 0.879272 0.832196 0.804567 0.874442
0 0.738718 0.463366 0.854186 0.371122 0.803278 0.257832 0.687809 0.350076
0 0.0707074 0.231584 0.14185 0.203965 0.128371 0.14224 0.057228 0.169859
0 0.966543 0.103166 1.00062 0.102343 0.999226 -0.000483782 0.965146 0.00033929
0 0.156532 1.00019 0.276809 0.995363 0.275112 0.920173 0.154834 0.925001
0 0.686006 0.845219 0.833557 0.765801 0.798126 0.648771 0.650574 0.72819
0 0.523546 0.0491336 0.605636 0.0448136 0.604133 -0.00595682 0.522044 -0.00163685
0 0.660656 1.00733 0.664716 0.948927 0.615145 0.942801 0.611085 1.00121
0 0.971495 0.275032 1.00346 0.273464 0.999831 0.141852 0.967863 0.143421
0 0.000161882 0.570837 0.0490086 0.569696 0.0467596 0.398544 -0.00208716 0.399685
