0 0.266023 0.262461 0.387716 0.0982528 0.301843 0.0346131 0.18015 0.198822
0 0.238695 0.352625 0.30458 0.260686 0.162501 0.15887 0.0966164 0.25081
0 0.700396 0.575118 0.799482 0.468494 0.741605 0.414708 0.642519 0.521332
0 0.200693 0.638365 0.297214 0.501001 0.201224 0.433553 0.104703 0.570916
0 0.101865 0.249234 0.217899 0.0969448 0.130109 0.0300545 0.0140748 0.182344
0 0.856802 0.691527 0.946261 0.595525 0.886154 0.539514 0.796694 0.635516
0 0.852149 0.433162 0.938412 0.33576 0.881009 0.284922 0.794746 0.382324
0 0.707048 0.317121 0.802929 0.210342 0.749162 0.162063 0.653281 0.268842
0 0.0869713 0.506064 0.176834 0.382654 0.0763899 0.309514 -0.0134733 0.432923
0 0.135208 0.538907 0.202766 0.449113 0.147382 0.407444 0.0798237 0.497238
0 0.406816 0.126721 0.465611 0.0281764 0.347719 -0.0421613 0.288925 0.0563829
0 0.838427 0.198954 0.871814 0.107976 0.764272 0.0685091 0.730884 0.159487
0 0.754956 0.353331 0.838694 0.257353 0.790306 0.215136 0.706568 0.311114
0 0.553019 0.654403 0.649702 0.553879 0.571673 0.478832 0.474991 0.579356
0 0.208486 1.0296 0.342404 0.900056 0.259928 0.814795 0.126011 0.944337
0 0.937232 0.873367 0.993182 0.836547 0.922289 0.72882 0.866339 0.76564
0 0.316099 0.765849 0.42882 0.603243 0.311157 0.521677 0.198435 0.684282
0 0.752467 0.81828 0.822426 0.736486 0.673918 0.609466 0.60396 0.691259
0 0.643955 0.521903 0.740095 0.423695 0.685186 0.369943 0.589046 0.468151
0 0.814579 0.738185 0.861794 0.687144 0.753988 0.587418 0.706773 0.638459
0 0.67487 0.275372 0.742307 0.168598 0.638295 0.102905 0.570858 0.209679
0 0.427049 0.511846 0.51319 0.426226 0.384667 0.296921 0.298526 0.382541
0 0.608259 0.699325 0.703419 0.602279 0.647881 0.54782 0.552721 0.644866
0 0.531823 0.428572 0.617522 0.324899 0.571533 0.286884 0.485835 0.390557
0 0.919344 0.246536 0.935911 0.151466 0.833379 0.133599 0.816813 0.228669
0 0.741626 0.149317 0.792302 0.0819225 0.698936 0.0117176 0.64826 0.0791117
0 0.477766 0.599498 0.584074 0.489935 0.501274 0.409594 0.394966 0.519157
0 0.53162 0.863592 0.602627 0.776486 0.550994 0.734396 0.479987 0.821502
0 0.796495 0.390135 0.873321 0.291906 0.828419 0.256788 0.751594 0.355017
0 0.49943 0.407338 0.584713 0.301446 0.441386 0.186013 0.356102 0.291905
0 0.596156 0.467373 0.680378 0.377817 0.621231 0.322193 0.537009 0.411749
0 0.931283 0.507923 1.01819 0.399967 0.930326 0.32923 0.843416 0.437186
0 0.99876 0.297352 1.0149 0.206733 0.908347 0.187753 0.892205 0.278373
0 0.48788 0.835711 0.565449 0.723624 0.479623 0.664229 0.402055 0.776317
0 0.600718 0.206728 0.685529 0.0541108 0.5667 -0.011924 0.481889 0.140693
0 0.196474 0.12309 0.287373 0.00593121 0.206277 -0.0569888 0.115378 0.0601695
0 0.973814 0.817306 1.0143 0.782958 0.946845 0.70345 0.906359 0.737799
0 0.577458 0.9305 0.678278 0.83491 0.615015 0.768185 0.514195 0.863775
0 0.899869 0.969066 0.983469 0.893252 0.867351 0.765209 0.783751 0.841023
0 0.937227 1.01556 1.02653 0.944997 0.987182 0.895197 0.897877 0.965762
0 0.0421838 0.421741 0.080288 0.298274 -0.0166056 0.268371 -0.0547098 0.391838
0 1.00594 0.172889 1.01124 0.0677051 0.948995 0.0645674 0.943692 0.169751
0 0.943754 0.771691 1.00667 0.769124 1.00208 0.656542 0.939161 0.659109
0 0.796341 0.635262 0.886604 0.546844 0.818501 0.477319 0.728238 0.565737
0 0.0760609 1.00106 0.0768876 0.916349 -0.000824847 0.91559 -0.00165152 1.0003
0 0.984156 0.547317 1.05627 0.443475 0.990095 0.397515 0.917978 0.501357
0 0.801276 0.628259 0.877697 0.547196 0.833026 0.505084 0.756605 0.586147
0 0.803683 1.07611 0.829965 0.933685 0.664813 0.903208 0.638531 1.04563
0 1.00089 1.00177 1.00186 0.970351 0.956261 0.968948 0.955295 1.00037
0 0.514675 0.971997 0.553376 0.948644 0.511151 0.878669 0.47245 0.902022
0 0.511214 0.990606 0.525546 0.907493 0.451239 0.894679 0.436907 0.977793
0 0.120864 0.990628 0.177496 0.911537 0.132546 0.879353 0.0759153 0.958444
0 0.406728 0.0454628 0.506548 0.0405419 0.504262 -0.00581656 0.404443 -0.000895645
0 -0.00824887 0.0653506 0.0694287 0.0653298 0.06941 -0.00445421 -0.00826756 -0.00443341
0 0.967314 0.0466648 0.975819 -0.0124154 0.897818 -0.0236445 0.889313 0.0354356
0 1.00192 0.585692 1.00662 0.537467 0.97256 0.534141 0.967852 0.582366
0 0.562338 0.9046 0.647466 0.802959 0.60351 0.766144 0.518381 0.867785
0 0.651536 0.109122 0.719704 0.00568657 0.62735 -0.0551785 0.559182 0.0482573
0 1.02077 0.760099 1.0258 0.672771 0.955062 0.668699 0.950035 0.756027
0 0.662809 0.0895679 0.709052 0.00608397 0.646599 -0.028509 0.600357 0.0549749
0 0.601493 1.00305 0.653369 1.00278 0.653215 0.972717 0.601338 0.972984
0 0.000613744 0.421962 0.095841 0.420699 0.0934955 0.243919 -0.00173171 0.245183
0 0.353374 0.994299 0.361318 0.92363 0.287814 0.915368 0.27987 0.986036
0 1.00135 0.551015 1.00233 0.502721 0.972403 0.502115 0.971425 0.550409
