0 0.950844 0.816233 0.960201 0.665919 0.811123 0.660699 0.801766 0.811013
0 0.451114 0.105107 0.452657 -0.00058594 0.311348 -0.00174657 0.309805 0.103946
0 0.575376 0.610511 0.577385 0.46196 0.42294 0.460785 0.420931 0.609336
0 0.174585 0.443566 0.21493 0.323995 0.111875 0.304435 0.0715299 0.424006
0 0.630218 0.453226 0.632183 0.304703 0.475963 0.30354 0.473997 0.452064
0 0.319632 0.867356 0.460902 0.866056 0.459324 0.769554 0.318054 0.770853
0 0.103326 0.65818 0.123076 0.586696 0.0139037 0.569729 -0.00584627 0.641213
0 0.0652484 0.76987 0.105843 0.649523 0.0100243 0.631343 -0.0305706 0.751689
0 0.505498 0.780858 0.526089 0.624464 0.361546 0.612278 0.340955 0.768672
0 0.0758856 0.233022 0.130854 0.155303 -0.00305005 0.102031 -0.0580183 0.179749
0 1.00094 0.664158 1.01161 0.503712 0.869531 0.498397 0.858862 0.658843
0 0.141225 0.545111 0.15347 0.482976 0.0530107 0.47184 0.0407656 0.533974
0 0.157455 0.494386 0.17124 0.437473 0.0783778 0.424821 0.0645922 0.481734
0 0.803497 1.0043 0.804869 0.949223 0.697268 0.947715 0.695896 1.0028
0 0.931819 0.287355 0.933767 0.136495 0.792071 0.135466 0.790123 0.286325
0 0.921027 0.467189 1.00515 0.466645 1.00392 0.36001 0.919801 0.360555
0 0.987382 1.00245 0.988114 0.967771 0.853638 0.966175 0.852907 1.00085
0 0.124171 0.599236 0.13762 0.542455 0.0447952 0.530089 0.0313466 0.58687
0 1.0062 0.500523 1.0063 0.403552 0.921746 0.403504 0.921649 0.500475
0 0.0172289 0.0437711 0.165156 0.0412526 0.163819 -0.00292947 0.0158917 -0.000411012
0 0.0423884 0.810526 0.0461889 0.747322 -0.00516752 0.745585 -0.00896803 0.808789
0 0.787312 0.273397 0.875226 0.272289 0.872723 0.160536 0.78481 0.161643
0 0.170698 0.440361 0.190396 0.380548 0.0939174 0.362675 0.0742194 0.422489
0 0.0673493 0.763766 0.090804 0.690083 0.00256508 0.674284 -0.0208896 0.747966
0 0.0373551 0.420367 0.0391875 0.341656 -0.00282424 0.341106 -0.00465664 0.419817
0 0.705468 1.0021 0.708521 0.945577 0.620321 0.942898 0.617269 0.999418
0 0.889535 1.00175 0.890528 0.958708 0.788603 0.957386 0.787611 1.00043
