0 0.648277 0.53274 0.666572 0.316165 0.473551 0.29986 0.455256 0.516435
0 1.00167 1.02941 1.04726 0.828469 0.931538 0.802215 0.88595 1.00315
0 0.959514 0.274463 1.04896 0.0197252 0.946169 -0.0163699 0.85672 0.238368
0 0.854245 0.226969 0.95796 0.000223408 0.851331 -0.0485498 0.747615 0.178196
0 0.568831 1.04066 0.645796 0.796943 0.443029 0.732909 0.366064 0.976621
0 1.00899 0.626769 1.0171 0.500697 0.935231 0.495435 0.927128 0.621508
0 0.892011 0.981972 0.932227 0.752619 0.72248 0.715841 0.682263 0.945194
0 0.587751 0.0922412 0.590053 -0.00686668 0.469792 -0.0096593 0.467491 0.0894486
0 0.701597 0.562043 0.736687 0.382301 0.636054 0.362655 0.600965 0.542397
0 0.836643 0.60685 0.858026 0.416033 0.711089 0.399568 0.689707 0.590384
0 0.234245 0.744401 0.236357 0.638088 0.14135 0.6362 0.139237 0.742514
0 0.651737 0.126841 0.684691 0.00432685 0.590459 -0.0210194 0.557505 0.101495
0 0.668137 0.988757 0.683685 0.908492 0.600047 0.89229 0.584499 0.972555
0 0.942734 0.287459 1.00238 0.286775 1.00076 0.145344 0.941113 0.146028
0 0.0831196 0.076883 0.0842967 7.34702e-05 0.000124655 -0.00121639 -0.00105239 0.0755931
0 0.0870086 0.336006 0.106405 0.151856 -0.00482429 0.14014 -0.0242203 0.324291
0 0.477284 0.0551026 0.481288 -0.00878256 0.360074 -0.0163794 0.356071 0.0475058
0 0.799213 1.04001 0.825962 0.945123 0.669633 0.901053 0.642885 0.995937
0 0.0312486 0.394853 0.031937 0.304414 -0.000950568 0.304163 -0.00163899 0.394603
0 0.461843 1.01683 0.467569 0.953208 0.318553 0.939798 0.312827 1.00342
0 0.144342 0.672123 0.152761 0.568767 0.0709256 0.562101 0.0625065 0.665457
0 0.167167 0.0222827 0.16832 -0.00254565 0.10236 -0.00560774 0.101207 0.0192206
0 0.0752315 0.851188 0.0820569 0.759964 -0.00266603 0.753625 -0.00949142 0.844849
