0 0.626763 0.857381 0.884499 0.721964 0.766187 0.595301 0.508452 0.730718
0 0.337079 0.620101 0.338045 0.485494 0.167714 0.484807 0.166748 0.619414
0 0.528493 0.738274 0.787789 0.586198 0.665878 0.469276 0.406583 0.621352
0 0.000101884 0.62153 0.16712 0.61994 0.164769 0.480993 -0.00224928 0.482583
0 0.756282 0.968768 0.989054 0.825236 0.862918 0.710171 0.630146 0.853702
0 0.567344 0.938202 0.636904 0.903588 0.524589 0.776624 0.455028 0.811238
0 0.0191684 0.926015 0.262861 0.819372 0.18723 0.722157 -0.0564627 0.8288
0 0.955661 0.686444 1.10206 0.62029 0.962551 0.446634 0.816155 0.512788
0 0.522701 0.418269 0.530514 0.33148 0.403363 0.325041 0.39555 0.411831
0 0.132639 1.02495 0.349944 0.938454 0.285277 0.847066 0.0679718 0.933561
0 0.826806 1.03163 1.05257 0.911723 0.973302 0.827773 0.747537 0.947683
0 0.0506154 0.804827 0.20081 0.740246 0.162198 0.689734 0.0120033 0.754315
0 0.548384 0.464535 0.61086 0.375644 0.434975 0.306108 0.372499 0.394999
0 0.830935 1.00262 1.01583 0.998161 1.01228 0.91537 0.827387 0.919827
0 0.617805 0.514773 0.655766 0.342277 0.401996 0.310863 0.364035 0.483359
0 0.144011 0.625917 0.146588 0.547826 0.0277618 0.54562 0.0251842 0.623711
0 0.314468 1.00471 0.563495 0.999561 0.560371 0.914648 0.311344 0.919801
0 0.250782 0.220477 0.254427 0.113249 0.0981643 0.110261 0.094519 0.217489
0 0.688964 0.257533 0.807219 0.247585 0.802621 0.216838 0.684366 0.226786
0 0.400309 1.01138 0.517051 1.0097 0.515354 0.943027 0.398613 0.944699
