0 0.459606 0.884744 0.500893 0.800188 0.389135 0.769492 0.347848 0.854048
0 0.789558 0.945244 0.881583 0.828692 0.75768 0.773663 0.665654 0.890215
0 0.941734 0.326448 0.971025 0.24135 0.774285 0.203258 0.744994 0.288356
0 0.552771 0.744779 0.595958 0.659994 0.49645 0.631483 0.453263 0.716268
0 0.514368 0.81174 0.548558 0.729108 0.436699 0.703074 0.402509 0.785706
0 0.897305 0.113435 0.912016 0.00546082 0.769351 -0.00547275 0.754641 0.102501
0 0.646193 0.25028 0.670715 0.156481 0.572914 0.142099 0.548392 0.235898
0 0.421662 0.951526 0.439646 0.861639 0.325881 0.848836 0.307897 0.938722
0 0.550592 0.2372 0.580052 0.151015 0.467714 0.129414 0.438253 0.2156
0 0.884513 0.844737 0.965539 0.735028 0.822679 0.675678 0.741653 0.785388
0 0.617096 0.519041 0.665262 0.445282 0.601891 0.422005 0.553725 0.495763
0 0.204569 0.284579 0.24399 0.180631 0.117434 0.153634 0.0780129 0.257582
0 0.957328 0.750983 1.05128 0.634978 0.921006 0.575627 0.827051 0.691632
0 0.706067 1.0482 0.799757 0.933869 0.70212 0.888861 0.60843 1.00319
0 0.771681 0.282873 0.800421 0.19151 0.66213 0.16704 0.63339 0.258403
0 0.573566 0.496382 0.604319 0.419568 0.492101 0.394296 0.461347 0.47111
0 0.220294 0.702415 0.3296 0.563008 0.0954173 0.459724 -0.0138879 0.59913
0 0.248907 0.420779 0.289127 0.347321 0.225593 0.327754 0.185374 0.401212
0 0.74101 0.571908 0.819224 0.464909 0.702076 0.416741 0.623862 0.52374
0 0.998044 0.353848 1.01938 0.260988 0.952238 0.25231 0.930902 0.345171
0 0.199902 0.402682 0.251535 0.322769 0.0962636 0.266337 0.0446305 0.346251
0 0.67931 0.674177 0.754861 0.550539 0.626194 0.506314 0.550643 0.629952
0 0.948646 0.146552 0.984794 0.0580228 0.904692 0.0396251 0.868544 0.128154
0 0.377887 0.426202 0.391948 0.381508 0.312318 0.367417 0.298257 0.412111
0 0.189433 0.768012 0.250129 0.685045 -0.00567696 0.579778 -0.0663734 0.662745
0 0.376203 0.219769 0.417411 0.10483 0.193395 0.0596523 0.152186 0.174592
0 1.00357 0.622881 1.01659 0.552861 0.95923 0.546858 0.946205 0.616879
0 0.648983 0.0319497 0.65062 -0.003444 0.52314 -0.00675905 0.521504 0.0286347
0 0.315656 1.04697 0.365041 0.978523 0.25952 0.935698 0.210135 1.00414
0 0.103683 0.0765581 0.114562 -0.00202362 0.0023905 -0.0107594 -0.00848916 0.0678223
0 0.999419 0.0267289 0.999668 0.000856589 0.896587 0.000299218 0.896338 0.0261715
0 0.0510331 0.122005 0.057404 0.048768 -0.010091 0.0454653 -0.0164619 0.118702
0 0.479316 0.457392 0.504182 0.400775 0.385311 0.371408 0.360444 0.428025
0 0.998508 0.151697 1.01188 0.0759048 0.963192 0.0710706 0.949814 0.146863
0 0.811567 1.02124 0.828053 0.978604 0.738865 0.959207 0.72238 1.00185
0 0.910678 0.806546 0.960327 0.737325 0.827434 0.683709 0.777785 0.752931
0 0.968281 0.741737 0.997748 0.68857 0.884211 0.653173 0.854743 0.70634
0 0.305588 0.409771 0.319909 0.362042 0.272672 0.354069 0.258351 0.401799
0 1.00074 0.997852 1.00097 0.948354 0.975785 0.948289 0.975556 0.997786
0 0.10933 1.01412 0.113154 0.952453 0.00259948 0.948597 -0.00122368 1.01026
