0 0.239028 0.435516 0.292317 0.327329 0.194711 0.300286 0.141422 0.408472
0 0.124327 0.387485 0.160607 0.291177 0.0606166 0.26999 0.0243367 0.366298
0 0.396978 0.987384 0.40142 0.843895 0.255061 0.841346 0.250619 0.984835
0 0.326356 0.46256 0.380159 0.362464 0.286364 0.334105 0.232561 0.434201
0 0.377398 0.237729 0.457864 0.22942 0.434934 0.104508 0.354467 0.112817
0 0.753109 1.03545 0.871498 0.998315 0.733618 0.751055 0.615229 0.78819
0 0.453791 0.228815 0.574014 0.216352 0.551357 0.0934145 0.431135 0.105877
0 0.757393 0.34503 0.834326 0.307413 0.759221 0.221011 0.682288 0.258628
0 0.0366957 0.35876 0.0797859 0.250431 -0.000582131 0.232449 -0.0436723 0.340778
0 0.906651 0.490806 0.996698 0.47084 0.977474 0.422072 0.887428 0.442038
0 1.01271 0.573145 1.01278 0.49033 0.918535 0.490287 0.918467 0.573101
0 0.772137 0.58487 0.882926 0.562464 0.866122 0.515726 0.755332 0.538133
0 0.85574 0.627548 0.884635 0.568228 0.810243 0.547846 0.781348 0.607166
0 0.683393 0.66461 0.707181 0.585737 0.549488 0.558985 0.5257 0.637858
0 0.657247 0.343499 0.734852 0.308135 0.671371 0.229775 0.593766 0.265139
0 0.256596 0.78691 0.258088 0.637175 0.125468 0.636432 0.123976 0.786167
0 0.836507 0.312621 0.918015 0.263127 0.83349 0.184829 0.751983 0.234322
0 0.185234 0.189341 0.282462 0.18847 0.281323 0.117 0.184096 0.117871
0 0.0532802 0.0497267 0.201496 0.0477892 0.200285 -0.00433664 0.0520689 -0.00239911
0 0.124679 0.774778 0.204718 0.774115 0.203016 0.658555 0.122977 0.659218
0 0.365774 0.202011 0.377755 0.111523 0.26982 0.103484 0.257839 0.193973
0 0.556196 0.540234 0.582458 0.438943 0.388818 0.410702 0.362556 0.511993
0 0.736767 0.20946 0.746073 0.156291 0.67537 0.14933 0.666064 0.2025
0 0.994784 0.0394976 0.995546 -0.00357117 0.831586 -0.00520272 0.830824 0.037866
0 0.00210213 0.0255089 0.0615343 0.0250576 0.0611712 -0.00183413 0.0017391 -0.00138282
0 0.139367 0.0368479 0.235202 0.0364503 0.234913 -0.00273691 0.139078 -0.00233931
0 0.684098 0.635063 0.712357 0.557702 0.569078 0.528262 0.540819 0.605623
0 0.53637 0.543533 0.578213 0.454329 0.488576 0.430678 0.446733 0.519882
0 0.0180756 0.747293 0.0182199 0.648119 -0.00213029 0.648102 -0.00227465 0.747276
