0 0.844107 0.92542 0.880277 0.769184 0.769692 0.743582 0.733521 0.899818
0 0.820362 0.374081 0.829773 0.184465 0.671059 0.176588 0.661649 0.366205
0 0.471285 0.848637 0.494018 0.736732 0.240223 0.685174 0.21749 0.797079
0 0.732702 0.648799 0.795136 0.552021 0.618091 0.437806 0.555658 0.534583
0 0.55961 0.58766 0.618575 0.481284 0.43547 0.379788 0.376505 0.486164
0 0.828086 0.995856 0.836341 0.907279 0.744488 0.898718 0.736233 0.987295
0 0.0869462 0.272299 0.180517 0.00619912 0.0373783 -0.0441342 -0.0561929 0.221966
0 0.606596 0.873042 0.610363 0.765737 0.468798 0.760768 0.465032 0.868073
0 0.67933 0.897887 0.706367 0.825026 0.607524 0.788349 0.580488 0.861209
0 0.0558976 0.299245 0.0639954 0.219635 -0.012968 0.211806 -0.0210658 0.291416
0 1.00233 0.446466 1.00353 0.304913 0.970067 0.304627 0.968858 0.44618
0 0.808963 1.02344 0.816988 0.970703 0.717901 0.955626 0.709877 1.00836
0 1.00308 0.31108 1.00528 0.212814 0.97707 0.212184 0.974873 0.310449
0 0.0106207 1.00257 0.125139 1.00194 0.12502 0.980255 0.0105014 0.980885
0 0.145678 1.00084 0.236989 0.998867 0.235911 0.948999 0.144601 0.950971
0 0.442677 0.0575657 0.450312 -0.00873901 0.312606 -0.0245972 0.304971 0.0417075
0 1.00319 0.494254 1.00328 0.383179 0.979299 0.383158 0.979199 0.494232
0 0.0268821 0.139402 0.0340727 0.023901 -0.00155132 0.0216832 -0.00874192 0.137184
