0 0.198219 0.199525 0.293451 0.0775943 0.227887 0.026387 0.132655 0.148318
0 0.147436 0.48056 0.228061 0.385849 0.159192 0.327224 0.0785679 0.421935
0 0.0651963 0.377715 0.133049 0.288703 0.0601262 0.233115 -0.00772653 0.322127
0 0.101427 0.402548 0.15289 0.33799 0.112375 0.305692 0.0609113 0.37025
0 0.397243 0.644561 0.449058 0.581826 0.413552 0.552501 0.361738 0.615235
0 0.53377 0.426776 0.597089 0.349573 0.54997 0.310928 0.486651 0.388131
0 0.492004 0.388276 0.553559 0.314395 0.508876 0.277167 0.447321 0.351049
0 0.727929 0.998808 0.808075 0.936461 0.773498 0.892014 0.693352 0.954361
0 0.233813 0.571077 0.32223 0.455479 0.237633 0.390774 0.149216 0.506372
0 0.324884 0.385671 0.388571 0.320383 0.286813 0.221121 0.223126 0.286409
0 0.744598 0.226699 0.75995 0.155701 0.682661 0.138988 0.667309 0.209987
0 0.0813138 0.185433 0.161867 0.0736486 0.0881184 0.0205041 0.00756504 0.132288
0 0.640773 0.32229 0.703961 0.254392 0.662549 0.215853 0.599361 0.283751
0 0.51745 0.202988 0.549884 0.11735 0.465021 0.0852092 0.432587 0.170847
0 0.554202 1.02648 0.649855 0.959165 0.613303 0.907224 0.51765 0.974538
0 0.892683 0.506232 0.932093 0.417162 0.844396 0.378359 0.804985 0.467429
0 0.357539 0.446164 0.435955 0.366233 0.375403 0.306828 0.296986 0.386759
0 0.634633 0.862835 0.681878 0.792927 0.595567 0.734595 0.548321 0.804503
0 0.305714 0.0909995 0.346473 0.0180538 0.258934 -0.0308593 0.218175 0.0420865
0 0.758065 0.585555 0.821218 0.526867 0.77133 0.473183 0.708176 0.531871
0 0.41944 0.492772 0.484131 0.418664 0.421685 0.364154 0.356994 0.438262
0 0.568321 0.265063 0.631932 0.193852 0.595019 0.160878 0.531407 0.232089
0 0.382386 0.299394 0.437516 0.226484 0.316801 0.135206 0.261671 0.208116
0 0.960919 0.167314 1.00168 0.103495 0.959683 0.0766766 0.918926 0.140495
0 0.400194 0.324499 0.465257 0.24734 0.42967 0.217331 0.364606 0.29449
0 0.47063 0.911305 0.54041 0.848502 0.511155 0.815998 0.441376 0.878801
0 0.176792 0.262998 0.224365 0.1952 0.12036 0.12222 0.0727864 0.190017
0 0.111976 1.01247 0.204106 0.979698 0.183238 0.92104 0.0911084 0.953814
0 0.459405 0.519527 0.521707 0.459648 0.480732 0.417014 0.418429 0.476893
0 0.452188 0.350415 0.508806 0.279932 0.463904 0.243864 0.407287 0.314347
0 0.420103 1.0225 0.463092 0.979864 0.401558 0.917827 0.358569 0.960467
0 0.920184 0.144073 0.963021 0.0757412 0.898126 0.0350586 0.855289 0.10339
0 0.455137 0.149385 0.50162 0.0558954 0.408219 0.00945622 0.361736 0.102946
0 0.560339 0.615507 0.615901 0.555618 0.506553 0.454172 0.450992 0.514061
0 0.530949 0.23775 0.601736 0.161661 0.561143 0.123896 0.490356 0.199986
0 0.868656 0.940797 0.962071 0.838728 0.89852 0.780565 0.805105 0.882635
0 0.704563 0.656414 0.747061 0.628309 0.69446 0.548772 0.651962 0.576877
0 0.844734 0.0643251 0.881247 0.00386313 0.84031 -0.0208592 0.803796 0.0396027
0 0.190469 0.762726 0.253144 0.670915 0.173453 0.616513 0.110778 0.708324
0 0.937667 0.677557 0.994675 0.613797 0.91362 0.541326 0.856612 0.605086
0 0.643486 0.518804 0.711772 0.446885 0.666542 0.40394 0.598256 0.475859
0 0.689549 0.960674 0.772697 0.898477 0.740583 0.855546 0.657435 0.917742
0 0.68868 0.183893 0.703019 0.115177 0.627917 0.0995055 0.613578 0.168222
0 0.498166 0.94276 0.566645 0.878511 0.537036 0.846953 0.468557 0.911202
0 0.861988 0.3331 0.896757 0.25998 0.806943 0.217274 0.772174 0.290394
0 0.955108 0.830958 0.987115 0.795235 0.931524 0.745426 0.899516 0.781148
0 0.437227 0.881304 0.528761 0.81227 0.496347 0.769292 0.404813 0.838326
0 0.624536 0.149381 0.65078 0.0830874 0.574665 0.0529547 0.548421 0.119248
0 0.266824 0.939119 0.375591 0.881206 0.343125 0.82023 0.234357 0.878142
0 0.611399 0.551256 0.646221 0.509381 0.563434 0.440536 0.528611 0.48241
0 0.597912 0.292838 0.655628 0.220539 0.622297 0.19393 0.564581 0.26623
0 0.804867 0.816836 0.831659 0.728589 0.732881 0.698599 0.706088 0.786845
0 0.560564 0.10786 0.590455 0.0516351 0.517594 0.0128982 0.487702 0.0691228
0 0.522664 0.972811 0.602026 0.913081 0.572252 0.873522 0.492891 0.933253
0 0.854751 0.753326 0.897319 0.707371 0.822948 0.638481 0.78038 0.684435
0 0.996386 0.418123 1.05162 0.338529 0.961767 0.276179 0.906535 0.355773
0 0.047692 0.767554 0.0531463 0.701523 -0.00375459 0.696823 -0.00920892 0.762854
0 0.075629 0.902063 0.121858 0.835689 0.0296787 0.771486 -0.0165507 0.83786
0 0.218238 0.840211 0.220153 0.794729 0.0901236 0.789254 0.0882087 0.834736
0 0.987792 0.625301 1.02149 0.591091 0.954555 0.525157 0.920856 0.559368
0 0.76418 1.0353 0.842538 0.974337 0.806392 0.92788 0.728034 0.988847
0 0.745106 0.13337 0.786223 0.0625839 0.744982 0.0386289 0.703865 0.109415
0 0.0746467 0.961633 0.176613 0.915632 0.147136 0.850292 0.0451689 0.896293
0 0.935937 0.45221 0.985516 0.406933 0.91678 0.331668 0.867201 0.376945
0 0.702248 0.376248 0.76331 0.298563 0.695469 0.245238 0.634407 0.322923
0 0.359255 0.623027 0.423356 0.551672 0.365621 0.499806 0.30152 0.571161
0 0.819284 0.534741 0.856077 0.493343 0.802561 0.445779 0.765768 0.487177
0 0.732832 0.614856 0.762206 0.589915 0.711081 0.529705 0.681708 0.554646
0 0.450243 0.695122 0.51197 0.620276 0.453411 0.571982 0.391684 0.646828
0 0.666205 0.714284 0.726813 0.659783 0.648067 0.572214 0.587459 0.626715
0 0.533754 0.812472 0.61505 0.733048 0.547314 0.663716 0.466018 0.74314
0 0.57206 0.473242 0.644941 0.392508 0.59816 0.350276 0.525278 0.43101
0 0.414735 0.838864 0.51251 0.765015 0.483293 0.726334 0.385519 0.800183
0 0.749924 0.417632 0.802297 0.358987 0.729779 0.294224 0.677406 0.352869
0 0.696768 0.760597 0.769065 0.70786 0.744938 0.674784 0.672641 0.727522
0 0.804055 0.049951 0.82563 -0.00218164 0.784593 -0.0191654 0.763017 0.0329673
0 0.892232 0.715518 0.939375 0.665156 0.866832 0.59725 0.819689 0.647612
0 0.154923 0.0865906 0.197979 0.0200755 0.132181 -0.0225174 0.089124 0.0439977
0 0.378133 0.74477 0.414091 0.694706 0.363197 0.658152 0.327239 0.708216
0 0.831361 0.774693 0.861647 0.749899 0.818691 0.697428 0.788405 0.722222
0 0.09185 0.745058 0.133517 0.684948 0.098177 0.660451 0.0565105 0.720561
0 1.00636 0.574683 1.03322 0.516788 0.964443 0.48487 0.937576 0.542765
0 0.92697 0.251828 0.986715 0.193401 0.960904 0.167007 0.901159 0.225434
0 0.972767 1.03576 1.06005 0.928721 0.955833 0.843732 0.868545 0.950774
0 0.0170488 0.316256 0.0625098 0.233899 -0.000260407 0.19925 -0.0457213 0.281608
0 0.791235 0.152122 0.810015 0.0964224 0.764396 0.0810415 0.745617 0.136741
0 0.0260022 1.00335 0.0261199 0.966102 -0.00128462 0.966015 -0.00140227 1.00326
0 1.01452 0.807563 1.05186 0.711055 0.956079 0.673994 0.918738 0.770502
0 0.758342 0.0512678 0.788712 -0.00399039 0.742392 -0.0294472 0.712023 0.025811
0 1.00417 0.0525187 1.00442 -0.00531233 0.940749 -0.00558036 0.940506 0.0522507
0 0.72293 0.0312444 0.727019 -0.00696845 0.672954 -0.0127537 0.668865 0.0254591
0 0.123611 0.127503 0.157124 0.0766674 0.0847209 0.0289373 0.0512086 0.0797728
0 0.508202 0.0639583 0.528521 -0.000766002 0.460727 -0.0220487 0.440408 0.0426756
0 0.593746 1.00588 0.662429 1.00579 0.662373 0.962388 0.59369 0.962477
0 0.257006 0.752667 0.276935 0.699165 0.225132 0.67987 0.205204 0.733372
0 1.00298 0.176652 1.01066 0.112089 0.973236 0.107643 0.965565 0.172206
0 0.373478 0.0315036 0.374358 -0.00272341 0.310681 -0.00436151 0.3098 0.0298655
0 0.245904 1.00491 0.292183 1.00306 0.29114 0.976843 0.24486 0.978685
0 0.93566 0.994163 1.00158 0.916636 0.929518 0.855371 0.863603 0.932898
0 0.913652 0.538974 0.919756 0.494534 0.877519 0.488733 0.871416 0.533173
0 0.319132 1.00746 0.372463 1.00665 0.371788 0.962078 0.318458 0.962885
0 0.865194 0.0917285 0.905052 0.0352999 0.874374 0.01363 0.834515 0.0700586
0 0.387411 0.728026 0.416296 0.706053 0.378456 0.656309 0.349571 0.678281
0 1.00178 0.319343 1.00308 0.264021 0.965406 0.263131 0.964099 0.318454
0 0.0460123 0.047762 0.0478009 -0.00150414 -0.00438052 -0.00339865 -0.00616918 0.0458675
0 0.432391 1.00477 0.491061 1.00223 0.489759 0.97213 0.431089 0.974669
0 0.977404 0.921116 1.00186 0.921002 1.00165 0.875375 0.977191 0.875489
0 0.24066 0.867968 0.322883 0.840686 0.30804 0.795951 0.225817 0.823232
0 0.968072 0.470585 0.975476 0.425543 0.932524 0.418483 0.92512 0.463525
0 0.81407 1.00576 0.860255 1.0054 0.860003 0.972499 0.813818 0.972853
