0 0.617335 0.938192 0.813838 0.786033 0.728871 0.676303 0.532368 0.828462
0 0.0546207 0.753785 0.258029 0.599446 0.174757 0.489699 -0.0286512 0.644039
0 0.683368 1.05228 0.882922 0.909304 0.808617 0.805599 0.609063 0.94858
0 0.398855 0.660962 0.613532 0.510947 0.532012 0.394291 0.317336 0.544306
0 0.219822 0.357389 0.414849 0.224329 0.326435 0.0947414 0.131409 0.227801
0 0.535448 0.829241 0.732328 0.682591 0.66091 0.586712 0.46403 0.733362
0 0.51399 0.22976 0.619685 0.170038 0.498363 -0.0446766 0.392668 0.0150448
0 0.141347 0.238661 0.334141 0.0864725 0.245048 -0.0263915 0.0522538 0.125797
0 0.104079 0.901918 0.331288 0.743436 0.247493 0.623304 0.020285 0.781785
0 0.206665 1.00188 0.399337 0.848917 0.316034 0.743987 0.123363 0.896947
0 0.579336 0.272643 0.691123 0.16574 0.63028 0.102116 0.518492 0.209019
0 0.314691 0.470233 0.492767 0.329667 0.399628 0.211675 0.221553 0.352241
0 0.466917 0.75151 0.667761 0.588327 0.592124 0.495234 0.39128 0.658418
0 0.969535 0.695618 1.05693 0.642937 0.972904 0.503538 0.885507 0.556218
0 0.360739 0.524542 0.545231 0.404225 0.495859 0.328519 0.311367 0.448836
0 0.175435 0.438088 0.22734 0.403688 0.143306 0.276892 0.0914009 0.311292
0 -0.00847881 0.640004 0.177437 0.509944 0.128866 0.440514 -0.0570494 0.570573
0 0.528821 0.0552924 0.645407 0.0544968 0.64502 -0.00216675 0.528434 -0.00137116
0 0.872387 0.363958 1.02546 0.241334 0.934652 0.127971 0.781576 0.250595
0 0.745047 0.378934 0.846689 0.302467 0.740743 0.161641 0.639101 0.238108
0 0.946053 0.0826589 1.00249 0.082346 1.00203 -0.00102164 0.945591 -0.000708738
0 -0.0110285 0.550895 0.184942 0.391605 0.0854301 0.269177 -0.110541 0.428466
0 0.950235 0.558849 0.966267 0.463132 0.863087 0.445851 0.847056 0.541568
0 0.904463 0.56699 1.00883 0.387066 0.811214 0.272444 0.706851 0.452368
0 0.350559 1.09105 0.539979 0.968513 0.46851 0.858034 0.27909 0.98057
0 0.958583 0.741482 1.00227 0.7396 0.999107 0.666167 0.95542 0.668049
0 -0.00408391 0.979117 0.0619829 0.976822 0.0583946 0.873505 -0.0076723 0.8758
0 0.0248577 0.380218 0.10796 0.295006 0.0169471 0.206247 -0.0661549 0.291458
0 0.646551 0.0774915 0.79668 0.0747514 0.79525 -0.00359458 0.645121 -0.00085452
0 0.000711273 1.01258 0.0767834 1.01094 0.0754085 0.947382 -0.000663552 0.949027
0 0.763332 1.01016 0.933759 1.00522 0.931114 0.914102 0.760686 0.91905
0 0.502826 1.05516 0.580187 0.977889 0.489884 0.887481 0.412524 0.96475
0 -0.000586879 0.372756 0.106623 0.369506 0.101183 0.19005 -0.00602667 0.1933
0 0.796839 0.249241 0.866844 0.192656 0.78298 0.088903 0.712976 0.145488
