0 0.354975 0.324821 0.47836 0.263239 0.357148 0.0203782 0.233762 0.0819603
0 0.284483 0.86602 0.407195 0.835401 0.388 0.75847 0.265287 0.789089
0 0.266647 0.798624 0.392525 0.758244 0.374548 0.702202 0.248669 0.742582
0 0.300808 0.933216 0.454412 0.913166 0.445126 0.842029 0.291522 0.862079
0 0.509365 0.628718 0.648272 0.581245 0.616809 0.489183 0.477902 0.536656
0 0.237513 0.751137 0.355195 0.705142 0.331706 0.645042 0.214024 0.691037
0 0.129495 0.577104 0.215677 0.478043 0.151426 0.422144 0.0652434 0.521206
0 0.455973 0.936444 0.545706 0.914686 0.503431 0.740337 0.413698 0.762094
0 0.559154 0.536194 0.603944 0.40894 0.465126 0.360079 0.420336 0.487334
0 0.0759081 0.533624 0.142201 0.404751 0.0897528 0.377771 0.0234593 0.506643
0 0.209405 0.502909 0.337594 0.346695 0.199778 0.233604 0.0715896 0.389817
0 0.22451 0.117288 0.35853 0.0335785 0.296784 -0.0652781 0.162764 0.0184313
0 0.208924 0.698793 0.33151 0.64605 0.306445 0.587793 0.183859 0.640537
0 0.561028 0.771335 0.675622 0.705344 0.600651 0.575155 0.486057 0.641146
0 0.150726 0.615924 0.265405 0.529987 0.228256 0.480412 0.113576 0.56635
0 0.61214 0.862649 0.72363 0.78701 0.635852 0.657627 0.524362 0.733266
0 0.177076 0.658611 0.299301 0.586474 0.268088 0.533589 0.145864 0.605726
0 0.349818 1.00212 0.438499 1.00154 0.438399 0.986181 0.349718 0.986758
0 0.0404452 0.396524 0.0437007 0.30563 -0.00356481 0.303937 -0.00682023 0.394831
0 0.00987335 0.158595 0.0934721 0.104803 0.0292012 0.00491798 -0.0543975 0.0587094
