0 0.467758 0.920503 0.752065 0.711594 0.631917 0.548082 0.347609 0.756992
0 0.0693544 0.307948 0.327787 0.10964 0.204202 -0.0514139 -0.0542301 0.146894
0 0.18621 0.555098 0.466434 0.357221 0.358167 0.203898 0.0779432 0.401775
0 0.591089 1.07499 0.842629 0.883984 0.738831 0.747294 0.487291 0.938305
0 0.954283 0.606109 1.07663 0.545296 0.976602 0.344039 0.85425 0.404853
0 0.38499 0.777948 0.650059 0.591449 0.557426 0.459791 0.292357 0.64629
0 0.826011 0.148366 1.0068 0.0220936 0.910468 -0.115837 0.729675 0.0104353
0 -0.00666796 0.920006 0.168515 0.778146 0.0940772 0.686222 -0.0811062 0.828082
0 0.12409 0.366498 0.385606 0.220428 0.327712 0.116779 0.0661961 0.262849
0 0.275613 0.672467 0.564169 0.476838 0.462882 0.327439 0.174326 0.523068
0 0.957425 0.410495 0.959121 0.300079 0.817257 0.2979 0.815561 0.408316
0 0.903631 0.364014 0.934377 0.193658 0.757501 0.161735 0.726754 0.332091
0 0.557293 0.148829 0.768136 0.137548 0.758852 -0.0359625 0.54801 -0.0246816
0 0.330309 1.08057 0.439951 0.981604 0.282584 0.80727 0.172942 0.906241
0 0.948452 0.661531 1.0033 0.66014 1.00065 0.555525 0.945798 0.556916
0 -0.006426 0.110087 0.116274 0.108744 0.115053 -0.00271124 -0.00764644 -0.00136766
0 0.123009 0.754042 0.125895 0.524256 -0.00187229 0.522651 -0.0047584 0.752437
0 0.0830033 0.729434 0.0943939 0.576442 -0.0449681 0.566066 -0.0563587 0.719059
0 0.312448 1.01903 0.317932 0.848577 0.0614161 0.840325 0.0559323 1.01078
0 0.871742 0.206168 0.960855 0.157843 0.917286 0.0775015 0.828174 0.125827
0 0.685734 1.01615 0.921938 1.00978 0.918059 0.865899 0.681855 0.872268
0 0.721805 0.108981 0.780306 0.0310748 0.700218 -0.0290649 0.641717 0.0488414
