0 0.196919 0.594535 0.241581 0.533726 0.162271 0.475474 0.117608 0.536283
0 0.4479 0.449893 0.54362 0.328023 0.478167 0.276614 0.382447 0.398485
0 0.315398 0.627784 0.382584 0.538328 0.309055 0.483103 0.241869 0.572559
0 0.398459 0.730094 0.477549 0.63522 0.408504 0.577661 0.329414 0.672535
0 0.351993 0.652252 0.40197 0.588193 0.361486 0.556609 0.31151 0.620668
0 0.68553 0.167431 0.727669 0.0840938 0.645012 0.0422992 0.602874 0.125636
0 0.647252 0.89477 0.699 0.831578 0.663362 0.802394 0.611614 0.865587
0 0.783698 0.676998 0.847495 0.599384 0.800272 0.560568 0.736475 0.638183
0 0.741988 0.638393 0.80392 0.564277 0.759127 0.526848 0.697195 0.600964
0 0.331335 0.435377 0.411177 0.321957 0.3391 0.271219 0.259259 0.384639
0 0.890215 0.573708 0.955267 0.503973 0.912877 0.464429 0.847825 0.534164
0 0.484304 0.820907 0.572122 0.705391 0.487285 0.640896 0.399468 0.756413
0 0.574882 0.635665 0.63854 0.570283 0.536873 0.471295 0.473215 0.536677
0 0.389616 0.340445 0.476028 0.2253 0.417073 0.181057 0.330661 0.296202
0 0.652577 0.201537 0.677175 0.153038 0.602979 0.115407 0.578381 0.163906
0 0.259618 0.566222 0.310795 0.513383 0.216808 0.422353 0.165631 0.475192
0 0.766534 0.454015 0.800706 0.367777 0.715964 0.334197 0.681792 0.420435
0 0.562392 0.340609 0.597628 0.269534 0.504322 0.223277 0.469086 0.294353
0 0.490166 0.254531 0.535144 0.17664 0.456357 0.131144 0.411379 0.209035
0 0.607458 0.696152 0.686014 0.616138 0.625565 0.55679 0.547008 0.636804
0 0.427401 0.512513 0.474205 0.445322 0.369742 0.372554 0.322938 0.439745
0 0.633301 0.549543 0.688141 0.47635 0.566123 0.384928 0.511283 0.458121
0 0.650371 0.574626 0.715549 0.497285 0.679728 0.467097 0.61455 0.544438
0 0.817296 0.516239 0.882492 0.443915 0.845382 0.410463 0.780186 0.482787
0 0.669424 0.742691 0.734079 0.668653 0.671717 0.614194 0.607062 0.688232
0 0.702082 0.600552 0.759062 0.52988 0.714102 0.49363 0.657121 0.564302
0 0.780461 0.488466 0.852221 0.411566 0.811503 0.373569 0.739743 0.450469
0 0.709407 0.769482 0.771596 0.709668 0.730613 0.667058 0.668424 0.726873
0 0.893292 0.769194 0.96239 0.696926 0.917131 0.653652 0.848033 0.725919
0 0.810563 0.865763 0.866257 0.805331 0.756227 0.703927 0.700533 0.764359
0 0.0404764 0.52734 0.143798 0.445132 0.090456 0.37809 -0.0128654 0.460298
0 0.990864 0.480758 1.01291 0.407459 0.936297 0.384419 0.914253 0.457718
0 0.0655523 0.77857 0.137978 0.712207 0.0899359 0.659777 0.0175107 0.726139
0 0.953684 0.289221 1.02312 0.200591 0.980764 0.167404 0.911325 0.256034
0 0.705773 0.399354 0.75157 0.307249 0.65667 0.260062 0.610873 0.352168
0 0.878722 0.183754 0.916927 0.102795 0.856098 0.0740893 0.817893 0.155048
0 0.409378 1.02221 0.509204 0.922159 0.445343 0.85844 0.345518 0.958487
0 0.148685 0.198269 0.183891 0.125981 0.0916249 0.0810453 0.0564191 0.153334
0 0.861589 0.801688 0.896618 0.759461 0.813216 0.690276 0.778187 0.732503
0 0.93359 0.43844 0.955689 0.367472 0.883817 0.345092 0.861718 0.41606
0 0.954462 0.112115 1.00436 0.0295337 0.949737 -0.00347679 0.899835 0.0791042
0 0.847558 0.543682 0.906645 0.470459 0.872788 0.443139 0.813701 0.516362
0 0.107978 0.397881 0.140822 0.334115 0.0667613 0.295969 0.0339175 0.359735
0 0.813146 0.357976 0.841207 0.299451 0.765577 0.263189 0.737516 0.321714
0 0.87592 0.400057 0.901592 0.330309 0.82342 0.301536 0.797748 0.371284
0 0.267006 1.04348 0.31385 0.963873 0.222631 0.910194 0.175786 0.989798
0 0.736468 0.101415 0.77541 0.0211428 0.687654 -0.021429 0.648713 0.0588432
0 0.953461 0.909213 0.999304 0.87861 0.942562 0.79361 0.896719 0.824213
0 0.101718 0.847927 0.183017 0.775215 0.129932 0.71586 0.0486325 0.788572
0 0.951211 0.629818 1.01078 0.54745 0.943644 0.498896 0.884074 0.581264
0 0.616258 0.249213 0.649273 0.194897 0.556643 0.138594 0.523629 0.19291
0 0.575404 0.155017 0.613196 0.0856832 0.536708 0.0439919 0.498916 0.113326
0 0.60931 0.873138 0.673533 0.801284 0.615367 0.749296 0.551144 0.82115
0 0.910211 0.0617003 0.957318 -0.00196961 0.921098 -0.0287674 0.873991 0.0349025
0 0.752085 0.322846 0.791981 0.250866 0.710941 0.205948 0.671045 0.277928
0 0.911166 0.956896 0.967337 0.894492 0.893851 0.828347 0.83768 0.890751
0 0.0308127 1.00526 0.0973898 0.955944 0.067984 0.916246 0.00140694 0.965561
0 0.700599 0.945433 0.762364 0.870274 0.703687 0.822053 0.641921 0.897213
0 0.821551 0.723389 0.895645 0.642088 0.848934 0.599518 0.77484 0.680819
0 0.318394 0.184574 0.380701 0.117626 0.265898 0.0107805 0.203591 0.0777276
0 0.53619 0.181975 0.55982 0.12988 0.485138 0.0960058 0.461508 0.148101
0 0.845186 1.05773 0.874709 0.952023 0.754589 0.918474 0.725066 1.02418
0 0.163972 0.905509 0.208087 0.83164 0.138131 0.789862 0.0940159 0.863731
0 0.0515039 0.359581 0.0895826 0.29419 0.0101387 0.247928 -0.0279401 0.31332
0 0.213741 0.356921 0.255809 0.294335 0.169396 0.236252 0.127329 0.298838
0 0.0689747 0.146293 0.115607 0.0784138 0.0453485 0.0301473 -0.00128349 0.0980261
0 0.472367 0.0676365 0.49757 -0.0053107 0.418845 -0.0325097 0.393642 0.0404375
0 0.954049 0.829626 1.00244 0.828336 0.999998 0.736859 0.95161 0.738149
0 0.631995 0.991059 0.663633 0.944683 0.611355 0.909019 0.579718 0.955396
0 0.954104 0.378617 1.00451 0.377827 1.00321 0.294863 0.952803 0.295654
0 0.378083 0.368836 0.40535 0.325096 0.333142 0.280082 0.305875 0.323822
0 0.604103 0.276861 0.636205 0.210491 0.54867 0.168153 0.516568 0.234523
0 0.115274 1.01835 0.123606 0.957031 0.0485537 0.946832 0.0402219 1.00815
0 0.979853 0.865128 1.01169 0.840526 0.963001 0.777515 0.931163 0.802116
0 0.598515 0.276563 0.621102 0.228848 0.54498 0.192814 0.522393 0.240528
0 0.191138 0.240811 0.231198 0.186522 0.162703 0.135979 0.122643 0.190268
0 0.218008 0.104009 0.268508 0.0205797 0.19375 -0.0246713 0.14325 0.0587579
0 0.951939 0.134594 1.00362 0.133822 1.00222 0.0401375 0.950539 0.0409097
0 0.997883 0.654766 1.03902 0.566933 0.973409 0.536206 0.932274 0.624039
0 0.276541 0.2853 0.305016 0.224785 0.22185 0.185652 0.193375 0.246166
0 0.0374189 0.0784809 0.0549688 0.0166051 -0.0117531 -0.00231938 -0.0293031 0.0595564
0 0.182468 0.984607 0.254478 0.920839 0.223927 0.88634 0.151918 0.950108
0 0.136137 0.444569 0.188023 0.379382 0.13967 0.340896 0.0877849 0.406083
0 0.0256899 0.275912 0.0261594 0.227769 -0.0017732 0.227496 -0.00224273 0.27564
0 0.893094 0.0337325 0.895464 -0.00467673 0.839757 -0.00811351 0.837388 0.0302957
0 0.841135 0.727189 0.912193 0.656776 0.865532 0.609687 0.794474 0.680101
0 0.00428865 0.695732 0.0730837 0.647947 0.0162648 0.566145 -0.0525302 0.61393
0 0.156318 0.941809 0.246682 0.875356 0.216509 0.834326 0.126145 0.900779
0 0.951707 0.220529 0.992484 0.169555 0.913419 0.106305 0.872641 0.157279
0 0.0938519 0.0535434 0.192476 0.0491525 0.189711 -0.0129561 0.0910868 -0.00856512
0 1.00802 0.302956 1.01806 0.224958 0.970029 0.218776 0.95999 0.296774
0 0.520133 0.990481 0.523732 0.940242 0.465501 0.936071 0.461903 0.98631
0 0.022159 0.206466 0.0774541 0.158576 0.0110642 0.0819212 -0.0442309 0.129812
0 0.145147 0.302646 0.185062 0.251118 0.106818 0.190507 0.0669025 0.242035
0 0.0710762 0.252832 0.116926 0.202876 0.0539597 0.145086 0.00811016 0.195041
0 0.24673 0.883512 0.276656 0.823066 0.212603 0.791355 0.182677 0.851801
0 0.699493 1.00312 0.745969 1.00268 0.745752 0.979828 0.699275 0.98027
0 0.956417 1.01003 1.02367 0.953823 0.988645 0.911909 0.921388 0.968118
0 1.00173 1.00191 1.00196 0.972927 0.961655 0.972602 0.961421 1.00158
0 0.855172 0.719846 0.907174 0.658558 0.871757 0.628508 0.819755 0.689796
0 0.434963 0.0269929 0.435145 -0.00172054 0.382561 -0.00205243 0.38238 0.026661
0 0.729807 0.375866 0.791562 0.242635 0.706848 0.203368 0.645093 0.3366
0 0.0228781 0.722439 0.0923202 0.669416 0.0677048 0.637178 -0.00173719 0.690201
0 0.403748 0.334907 0.435381 0.28201 0.372515 0.244415 0.340882 0.297313
0 0.343228 0.42899 0.37403 0.372564 0.293666 0.328695 0.262864 0.385122
0 0.91912 1.02538 0.93143 0.960733 0.846744 0.944607 0.834434 1.00925
0 0.977712 0.686749 1.00216 0.686744 1.00215 0.644927 0.977702 0.644933
0 0.99792 1.01155 1.00414 0.964366 0.952863 0.957609 0.946644 1.0048
0 0.341632 0.9935 0.384846 0.928954 0.349817 0.905502 0.306603 0.970048
