0 0.597358 0.449862 0.724836 0.327812 0.637574 0.276544 0.510096 0.398593
0 0.262558 0.594534 0.322108 0.533726 0.216362 0.475474 0.156812 0.536283
0 0.420561 0.627773 0.510088 0.538324 0.41203 0.483118 0.322503 0.572567
0 0.531328 0.730155 0.636794 0.635219 0.544624 0.577623 0.439158 0.672559
0 0.469313 0.652258 0.535999 0.588189 0.482018 0.556584 0.415331 0.620653
0 0.909591 0.169115 0.971445 0.0848011 0.863965 0.0404482 0.802111 0.124762
0 0.441793 0.435352 0.548256 0.321917 0.452144 0.271177 0.345681 0.384612
0 0.519328 0.340412 0.634668 0.225247 0.556207 0.181046 0.440867 0.296211
0 0.643474 0.821722 0.762974 0.705653 0.650922 0.640761 0.531422 0.75683
0 0.765995 0.635664 0.851305 0.569889 0.71596 0.471146 0.63065 0.53692
0 0.346144 0.566216 0.41438 0.513381 0.289081 0.422355 0.220845 0.47519
0 0.863265 0.89529 0.933194 0.831417 0.885032 0.801757 0.815103 0.865631
0 0.870641 0.203648 0.905982 0.155888 0.806135 0.114329 0.770794 0.162089
0 0.749749 0.340654 0.796954 0.269851 0.672405 0.223141 0.625199 0.293944
0 0.653138 0.254737 0.713731 0.176872 0.608906 0.130988 0.548314 0.208853
0 0.569815 0.512477 0.632212 0.44537 0.492997 0.372559 0.430601 0.439666
0 0.809941 0.696302 0.91523 0.615885 0.834734 0.556601 0.729445 0.637019
0 0.843585 0.549645 0.917185 0.47698 0.755666 0.384955 0.682065 0.45762
0 0.892441 0.742409 0.979967 0.665414 0.897267 0.612533 0.809742 0.689528
0 0.867349 0.574671 0.954557 0.496453 0.906615 0.466387 0.819408 0.544605
0 0.954448 0.769346 1.03014 0.69867 0.969191 0.661958 0.893504 0.732634
0 0.0539674 0.527335 0.191726 0.445134 0.120608 0.378093 -0.0171504 0.460294
0 0.0874027 0.77857 0.183971 0.712208 0.119914 0.659775 0.0233462 0.726138
0 0.198244 0.19827 0.245189 0.125983 0.122169 0.0810434 0.0752236 0.153331
0 0.544957 1.02229 0.679271 0.922293 0.594599 0.85832 0.460285 0.958317
0 0.933271 0.601325 1.01072 0.529151 0.952014 0.493714 0.874563 0.565888
0 0.14397 0.397879 0.187758 0.334113 0.0890145 0.295972 0.0452272 0.359738
0 0.82176 0.249516 0.866417 0.195809 0.742608 0.137902 0.697951 0.191609
0 0.924167 0.403272 1.00978 0.303116 0.89392 0.247408 0.808307 0.347565
0 0.355993 1.04349 0.418473 0.963877 0.296858 0.91019 0.234379 0.989801
0 0.135614 0.847926 0.24402 0.775218 0.17325 0.715865 0.0648438 0.788573
0 0.764462 0.155988 0.818363 0.0865782 0.717932 0.042709 0.664032 0.112119
0 0.81357 0.873537 0.898742 0.800827 0.819702 0.748748 0.73453 0.821458
0 1.01544 0.458255 1.06046 0.356106 0.94672 0.327912 0.901705 0.430062
0 0.0410842 1.00526 0.129851 0.955944 0.0906438 0.916246 0.00187656 0.965561
0 0.424679 0.184607 0.507736 0.117599 0.354497 0.0107579 0.271441 0.0777655
0 0.218618 0.905511 0.277451 0.831646 0.184186 0.789861 0.125354 0.863726
0 0.0686718 0.359579 0.11944 0.294181 0.0135164 0.247928 -0.037252 0.313326
0 0.714712 0.181975 0.746217 0.129944 0.646842 0.0960966 0.615337 0.148127
0 0.284991 0.356918 0.341077 0.294331 0.225858 0.236251 0.169771 0.298838
0 0.923029 0.938578 1.00472 0.866019 0.938822 0.824283 0.857129 0.896842
0 0.84172 0.991087 0.885353 0.945939 0.816934 0.908745 0.773301 0.953893
0 0.0919681 0.146294 0.154144 0.0784143 0.0604651 0.0301471 -0.00171105 0.0980263
0 0.977229 0.103177 1.03794 0.0294126 0.918908 -0.0256892 0.858201 0.0480749
0 0.62934 0.0681096 0.663966 -0.0053126 0.559196 -0.0331055 0.52457 0.0403167
0 0.986264 0.3319 1.05643 0.25271 0.951916 0.200623 0.881752 0.279814
0 0.504075 0.368889 0.540489 0.325109 0.444168 0.280044 0.407753 0.323824
0 0.99843 0.646466 1.05437 0.564142 0.976243 0.534284 0.920306 0.616608
0 0.153706 1.01833 0.164804 0.957023 0.0647422 0.946836 0.0536449 1.00815
0 0.80431 0.27714 0.848208 0.212241 0.73161 0.167878 0.687713 0.232777
0 0.254853 0.240811 0.308265 0.186521 0.216935 0.135979 0.163524 0.190269
0 0.290663 0.104009 0.358004 0.0205851 0.258337 -0.0246689 0.190997 0.0587545
0 0.368723 0.285309 0.406704 0.224799 0.295813 0.185647 0.257832 0.246157
0 0.0498911 0.0784813 0.0732924 0.0166069 -0.0156662 -0.00231821 -0.0390675 0.0595562
0 0.243286 0.984609 0.339301 0.920841 0.298569 0.886343 0.202554 0.950111
0 0.932127 0.804976 1.00294 0.803235 0.999534 0.725391 0.928724 0.727132
0 0.797579 0.276595 0.82785 0.229444 0.726123 0.192708 0.695852 0.23986
0 0.181515 0.444571 0.250697 0.37938 0.186225 0.340895 0.117044 0.406086
0 0.0342501 0.275912 0.0348762 0.227769 -0.00236495 0.227496 -0.00299109 0.275639
0 0.00571296 0.695731 0.0974498 0.647945 0.0216914 0.566137 -0.0700455 0.613924
0 0.208422 0.941809 0.328913 0.875355 0.288683 0.834324 0.168192 0.900778
0 0.125134 0.0535491 0.256633 0.0491559 0.252944 -0.0129565 0.121445 -0.00856331
0 0.693543 0.990566 0.698649 0.940001 0.621213 0.935603 0.616108 0.986168
0 0.0295483 0.206465 0.103274 0.158574 0.0147536 0.0819201 -0.0589726 0.129811
0 0.193524 0.302654 0.246759 0.251124 0.142437 0.190502 0.0892016 0.242033
0 0.0947709 0.252831 0.155902 0.202875 0.0719465 0.145086 0.0108152 0.195043
0 0.328967 0.883514 0.368877 0.823071 0.283475 0.791351 0.243565 0.851794
0 1.00217 0.22309 1.0026 0.149763 0.97462 0.149671 0.974189 0.222998
0 1.00122 1.00242 1.00123 0.964977 0.952596 0.96497 0.952586 1.00241
0 0.580115 0.0270146 0.580341 -0.0017292 0.509929 -0.00204057 0.509703 0.0267032
0 0.0305087 0.722441 0.123102 0.669411 0.0902785 0.637173 -0.00231491 0.690203
0 0.45763 0.429004 0.498771 0.372469 0.391621 0.328609 0.35048 0.385145
0 0.537903 0.334974 0.580476 0.282157 0.497112 0.24436 0.454538 0.297176
0 0.455561 0.993503 0.513112 0.92893 0.466372 0.905497 0.40882 0.97007
0 0.999748 0.0265531 1.0003 -0.00160174 0.93373 -0.0023295 0.933183 0.0258254
