0 0.344963 0.634802 0.37587 0.550382 0.291658 0.519551 0.260751 0.603972
0 0.59515 0.694612 0.659974 0.577346 0.564231 0.524419 0.499406 0.641686
0 0.370393 0.970667 0.404311 0.873394 0.312134 0.841254 0.278217 0.938527
0 0.919415 0.176542 0.945557 0.0732293 0.792226 0.0344298 0.766083 0.137743
0 0.414809 0.494858 0.447103 0.409976 0.372191 0.381475 0.339897 0.466358
0 0.720441 0.501471 0.788233 0.381344 0.689157 0.325433 0.621366 0.445559
0 0.385932 0.56176 0.411391 0.478897 0.327304 0.453061 0.301845 0.535924
0 0.795774 0.112546 0.803935 0.0172937 0.70731 0.00901504 0.699149 0.104268
0 0.316848 0.701484 0.32941 0.611014 0.243764 0.599123 0.231203 0.689593
0 0.292858 0.929129 0.321521 0.839326 0.239453 0.813132 0.21079 0.902936
0 0.661068 0.980545 0.693462 0.914658 0.608929 0.873097 0.576535 0.938984
0 0.665441 0.594414 0.723798 0.48391 0.614932 0.426417 0.556574 0.53692
0 0.462884 0.268928 0.498956 0.195203 0.451359 0.171914 0.415287 0.24564
0 0.973891 0.47823 1.0257 0.383948 0.888643 0.308625 0.83683 0.402907
0 0.998185 0.174199 1.01115 0.0769038 0.929706 0.066052 0.916742 0.163347
0 0.704392 0.891227 0.743574 0.820419 0.610508 0.746785 0.571325 0.817593
0 0.866956 1.05952 0.94256 0.959318 0.819264 0.866288 0.74366 0.966489
0 0.429127 1.01736 0.462561 0.925478 0.385138 0.897306 0.351704 0.989188
0 0.53388 0.790309 0.591385 0.675735 0.518194 0.639001 0.460689 0.753575
0 0.430341 0.2464 0.453293 0.169131 0.368892 0.14406 0.345939 0.221329
0 0.164966 0.452754 0.247336 0.313193 0.0716709 0.209514 -0.0106993 0.349075
0 0.187009 0.170702 0.216759 0.0975179 0.168837 0.0780368 0.139087 0.15122
0 0.559167 0.323953 0.617501 0.212944 0.528985 0.16643 0.470651 0.277439
0 0.708183 0.0751101 0.723157 4.70094e-05 0.575523 -0.0294039 0.560549 0.0456592
0 0.524907 1.04278 0.549715 0.955615 0.451627 0.927698 0.426819 1.01486
0 0.624524 1.02277 0.655097 0.971948 0.583051 0.928608 0.552478 0.97943
0 0.146826 0.156533 0.196278 0.0739155 0.0614314 -0.00679974 0.0119791 0.0758178
0 0.510544 0.423599 0.565338 0.300776 0.468098 0.257396 0.413305 0.380218
0 0.220536 0.893093 0.291618 0.740138 0.189124 0.692507 0.118043 0.845461
0 0.851292 0.433347 0.903433 0.334381 0.755444 0.256412 0.703303 0.355378
0 0.145007 0.152433 0.179395 0.073409 0.0950813 0.0367191 0.0606933 0.115743
0 0.283155 0.176276 0.293483 0.130893 0.234222 0.117407 0.223895 0.162791
0 0.575095 1.02546 0.605088 0.985947 0.558951 0.950924 0.528958 0.990434
0 0.141605 0.517892 0.187181 0.434938 -0.00416088 0.329813 -0.0497369 0.412767
0 0.731368 1.00366 0.809782 1.00311 0.809544 0.969135 0.73113 0.969684
0 0.692359 0.916551 0.716196 0.862621 0.639451 0.8287 0.615614 0.882629
0 1.00878 0.367528 1.02268 0.262789 0.956088 0.253946 0.94218 0.358686
0 0.979951 1.02892 0.992993 0.969519 0.906411 0.950508 0.893369 1.0099
0 0.550622 0.880937 0.575286 0.819513 0.512299 0.794222 0.487636 0.855646
0 0.359837 0.207319 0.378362 0.149521 0.28912 0.120918 0.270595 0.178716
0 0.245085 0.802578 0.27127 0.726592 0.188113 0.697936 0.161928 0.773922
0 0.574866 0.0310919 0.57692 -0.00509145 0.524844 -0.00804762 0.52279 0.0281357
0 0.575239 0.035206 0.576551 -0.00508166 0.492799 -0.00780798 0.491487 0.0324797
0 0.142429 0.0289532 0.14412 -0.000628571 0.073638 -0.00465872 0.0719465 0.024923
0 0.950668 0.507611 1.00354 0.506638 1.00192 0.41852 0.949045 0.419494
0 0.779243 0.399184 0.83443 0.289604 0.764314 0.254292 0.709128 0.363872
0 0.588175 0.822888 0.62493 0.753692 0.559843 0.719119 0.523088 0.788315
0 0.229431 0.160079 0.240145 0.111607 0.204446 0.103716 0.193732 0.152188
0 0.202914 0.0359763 0.204245 -0.0074411 0.143557 -0.00930177 0.142225 0.0341156
0 0.224401 0.71668 0.247188 0.660835 0.160863 0.625612 0.138077 0.681456
0 0.695296 0.918106 0.730335 0.848567 0.616257 0.791086 0.581218 0.860625
