0 0.214455 1.0067 0.215311 0.885075 0.108003 0.883732 0.107147 1.00535
0 0.996485 0.635046 1.01703 0.434693 0.932692 0.419321 0.912151 0.619674
0 0.295812 0.653293 0.300852 0.459638 0.192747 0.454636 0.187706 0.648291
0 0.252482 0.882703 0.262605 0.676702 0.153281 0.667151 0.143158 0.873153
0 0.924978 0.582479 0.931394 0.461761 0.82631 0.451832 0.819894 0.57255
0 0.779465 0.103676 0.780782 -0.00664949 0.690092 -0.00857375 0.688775 0.101751
0 0.941508 0.462591 0.980421 0.207468 0.886216 0.181923 0.847303 0.437047
0 0.582006 0.769139 0.667901 0.722821 0.553671 0.346229 0.467777 0.392547
0 0.368703 0.991095 0.462939 0.959492 0.44539 0.866466 0.351154 0.898069
0 0.647741 1.03095 0.739779 0.97492 0.63666 0.673778 0.544623 0.729807
0 0.509203 0.220855 0.526534 0.135487 0.410738 0.0936935 0.393406 0.179061
0 0.657586 0.155271 0.658896 0.0786049 0.591236 0.0765502 0.589926 0.153216
0 0.189811 0.382493 0.191926 0.185617 0.0946691 0.183759 0.0925536 0.380635
0 0.578656 0.116367 0.665493 0.0850562 0.650498 0.0111292 0.563662 0.0424402
0 0.0939538 0.363855 0.153237 0.362758 0.151699 0.214974 0.0924151 0.216072
0 0.407016 0.0529068 0.413795 0.000343584 0.324474 -0.0201348 0.317695 0.0324284
0 0.202366 0.361362 0.202429 0.174718 0.140462 0.174681 0.140399 0.361324
0 0.514963 0.154046 0.532919 0.0932135 0.439005 0.0439333 0.42105 0.104766
0 0.969074 0.923966 1.0219 0.631673 0.920923 0.599233 0.868102 0.891526
0 0.807855 0.0607131 0.925378 0.051736 0.922584 -0.0132911 0.805061 -0.00431405
0 0.685616 1.02706 0.739241 0.984085 0.702251 0.90202 0.648625 0.944992
0 0.817217 0.0366254 0.942746 0.0345166 0.942388 -0.00329993 0.816859 -0.00119115
