0 0.175696 0.500459 0.226988 0.39503 0.13484 0.369813 0.0835476 0.475241
0 0.571417 0.686844 0.626216 0.57679 0.528035 0.549291 0.473236 0.659345
0 0.295351 0.273897 0.392868 0.273037 0.391565 0.189899 0.294048 0.190759
0 0.243449 0.526581 0.306084 0.427198 0.226178 0.39887 0.163542 0.498254
0 0.657948 0.715283 0.714449 0.611962 0.620242 0.582984 0.563741 0.686305
0 0.392221 0.305831 0.560282 0.302942 0.557136 0.20001 0.389076 0.202899
0 0.711016 0.491529 0.791323 0.483445 0.768184 0.354144 0.687877 0.362228
0 0.460749 1.00664 0.602493 1.00621 0.601841 0.8846 0.460098 0.885027
0 0.349161 0.616417 0.417514 0.501898 0.32717 0.471567 0.258818 0.586086
0 -0.000828172 0.859897 0.128697 0.85682 0.121673 0.690497 -0.00785246 0.693574
0 0.0843511 0.137999 0.175569 0.136758 0.17381 0.0640211 0.0825919 0.0652621
0 0.456388 0.639686 0.495772 0.538728 0.399509 0.517604 0.360125 0.618562
0 0.053807 0.4638 0.104157 0.329279 -0.00177276 0.306977 -0.0521225 0.441497
0 0.786739 0.483169 0.908593 0.47105 0.885977 0.343136 0.764123 0.355254
0 0.178976 0.136685 0.274 0.129691 0.261915 0.0373321 0.166891 0.0443261
0 -0.00179708 0.143058 0.0967628 0.140543 0.0922621 0.0413347 -0.00629777 0.0438497
0 1.01177 0.910236 1.03232 0.808341 0.885268 0.791656 0.864715 0.893551
0 0.519651 0.439598 0.615991 0.438493 0.614533 0.367021 0.518194 0.368126
0 0.996847 0.913718 1.02261 0.851879 0.888327 0.820415 0.862567 0.882254
0 0.889835 0.791205 0.916105 0.688022 0.733046 0.661806 0.706776 0.764989
0 0.162025 0.0167113 0.162137 -0.000713984 0.0788379 -0.00101496 0.078726 0.0164103
0 0.57594 0.447694 0.701812 0.446078 0.699696 0.353348 0.573825 0.354964
0 0.80295 0.0975347 0.878878 -0.00245114 0.711709 -0.0738575 0.635782 0.0261284
0 0.870273 0.794729 0.913215 0.703056 0.822747 0.679219 0.779805 0.770891
0 0.456595 1.00305 0.539795 1.0025 0.538667 0.907193 0.455467 0.907747
0 0.0442148 0.267757 0.0519944 0.204252 -0.00647155 0.200223 -0.0142511 0.263728
0 0.260628 0.18503 0.393986 0.0925961 0.352721 0.0591081 0.219363 0.151542
0 0.637872 0.0900814 0.853509 0.087545 0.851663 -0.000744689 0.636026 0.00179168
0 0.979835 0.759164 1.0017 0.759054 1.00094 0.673629 0.979071 0.673739
0 0.943644 0.58858 1.01147 0.587384 1.00848 0.491795 0.940649 0.49299
