0 0.451719 0.555039 0.599113 0.537882 0.584269 0.466147 0.436874 0.483304
0 0.341967 0.85937 0.536299 0.841033 0.522134 0.756592 0.327802 0.774929
0 0.712707 0.822027 0.916595 0.795079 0.894542 0.701225 0.690654 0.728173
0 1.00379 0.598741 1.00767 0.50752 0.905879 0.505082 0.901996 0.596303
0 0.145882 0.584991 0.461486 0.553834 0.44868 0.480869 0.133076 0.512026
0 0.525029 0.848586 0.716239 0.828578 0.700509 0.744016 0.509298 0.764024
0 0.240928 0.977128 0.261349 0.930364 0.158418 0.905081 0.137997 0.951846
0 0.0379313 0.611324 0.116923 0.573491 0.0429407 0.486601 -0.0360513 0.524434
0 0.288105 0.856684 0.288979 0.776599 0.147631 0.775732 0.146757 0.855816
0 0.267499 0.846953 0.346264 0.846615 0.345769 0.781587 0.267004 0.781925
0 0.220087 1.03197 0.254706 0.978913 0.0668353 0.909959 0.0322161 0.963015
0 0.401947 1.01948 0.410076 0.977086 0.22581 0.957215 0.217682 0.999613
0 0.811096 0.0775164 0.834407 0.00169085 0.719846 -0.0181197 0.696535 0.0577059
0 0.706209 0.239294 0.734626 0.170984 0.627409 0.145894 0.598991 0.214205
0 0.551652 1.01772 0.556581 0.983913 0.391291 0.970357 0.386362 1.00417
0 -0.00280116 0.521829 0.0574143 0.520754 0.0546565 0.433867 -0.00555895 0.434942
0 0.753977 0.950944 0.760463 0.901773 0.634843 0.892453 0.628357 0.941624
0 0.64164 0.344852 0.697045 0.244979 0.590496 0.21173 0.53509 0.311604
0 0.46172 0.834811 0.533167 0.834364 0.532491 0.773583 0.461044 0.77403
