0 0.734194 0.996553 0.74404 0.793575 0.583507 0.785789 0.573662 0.988767
0 0.447261 0.188963 0.495632 0.0587366 0.401848 0.0239024 0.353478 0.154129
0 0.295664 0.944167 0.303232 0.739076 0.142133 0.733132 0.134565 0.938223
0 0.584769 0.237775 0.62034 0.108621 0.515777 0.079823 0.480206 0.208977
0 0.601334 0.70813 0.609172 0.523742 0.462249 0.517497 0.454411 0.701885
0 0.125443 0.477237 0.131766 0.272995 -0.0069026 0.268703 -0.0132251 0.472945
0 0.671485 0.276877 0.714386 0.148408 0.613839 0.114831 0.570938 0.2433
0 0.367242 0.142626 0.405966 0.00533464 0.305966 -0.0228708 0.267242 0.11442
0 0.091072 1.00347 0.232516 1.0033 0.23246 0.955807 0.0910158 0.955974
0 0.994101 0.554671 1.0203 0.478816 0.883836 0.431689 0.857639 0.507544
0 1.01312 0.478542 1.03199 0.408886 0.910352 0.37594 0.891486 0.445596
0 0.888158 0.418534 0.921792 0.221214 0.708317 0.184826 0.674683 0.382145
0 0.972563 0.84322 1.0192 0.836536 1.00121 0.711013 0.954574 0.717697
0 1.0016 0.342702 1.00208 0.237149 0.982601 0.23706 0.98212 0.342613
