0 0.798052 1.0423 0.972489 0.964274 0.941983 0.896071 0.767547 0.974092
0 0.0374652 0.591517 0.179971 0.591452 0.17991 0.456224 0.0374038 0.456289
0 0.257189 0.256523 0.332278 0.224694 0.22924 -0.0183913 0.154151 0.0134372
0 0.49711 0.740702 0.571 0.712419 0.504593 0.538926 0.430702 0.56721
0 0.517968 0.328313 0.598389 0.293364 0.515438 0.102488 0.435017 0.137438
0 0.817171 0.478325 0.880875 0.453152 0.827173 0.317256 0.76347 0.34243
0 0.134845 0.837805 0.246634 0.787978 0.185684 0.651236 0.0738954 0.701064
0 0.00418168 0.390508 0.12155 0.34195 0.0521427 0.174189 -0.0652252 0.222747
0 0.458405 0.997242 0.481303 0.870351 0.347083 0.84613 0.324184 0.973021
0 0.172641 0.984206 0.283102 0.94551 0.231358 0.797803 0.120897 0.836499
0 0.603552 0.160008 0.841424 0.0592763 0.81741 0.00256873 0.579538 0.1033
0 1.0128 0.970502 1.01722 0.886643 0.944214 0.882795 0.939794 0.966655
0 0.758682 0.314125 1.02505 0.207998 1.00033 0.145947 0.73396 0.252074
0 0.185251 1.0237 0.297587 0.997351 0.283693 0.938128 0.171357 0.964481
0 0.575031 0.99591 0.669078 0.961384 0.566726 0.682583 0.472678 0.717109
0 0.438618 0.0976488 0.503294 0.0374481 0.432519 -0.0385885 0.367843 0.0216123
0 0.907154 0.602875 0.970611 0.577078 0.904318 0.41401 0.840861 0.439808
0 0.772766 0.919013 0.843067 0.885855 0.708936 0.601473 0.638635 0.634632
0 0.949631 0.701538 1.00886 0.67548 0.939187 0.517128 0.87996 0.543186
0 0.826231 0.0726941 0.961403 0.0171168 0.936481 -0.0434987 0.801308 0.0120786
0 0.860142 0.275231 1.01493 0.210818 0.989596 0.149944 0.83481 0.214357
0 0.638929 0.608447 0.712333 0.576789 0.584497 0.280376 0.511093 0.312033
0 0.134312 0.486873 0.141452 0.356055 0.00366106 0.348535 -0.00347866 0.479353
0 0.188173 0.711138 0.19301 0.578586 0.0562672 0.573596 0.0514304 0.706148
0 0.986613 0.800572 1.03799 0.773865 0.983104 0.66827 0.931724 0.694977
0 0.472775 0.681774 0.54936 0.6494 0.42081 0.345296 0.344225 0.37767
0 0.93937 0.044074 1.00744 0.023216 0.995006 -0.0173598 0.926937 0.00349823
0 0.300343 0.746831 0.381137 0.720254 0.336598 0.584855 0.255804 0.611432
0 0.389699 0.501756 0.473178 0.46652 0.343873 0.160183 0.260394 0.19542
0 0.342561 0.843972 0.418983 0.817121 0.376739 0.696891 0.300317 0.723742
0 0.5199 0.319303 0.554795 0.30426 0.514913 0.21175 0.480018 0.226794
0 0.966469 0.069445 1.00329 0.0685028 1.00203 0.019066 0.965204 0.0200081
