0 0.346328 0.88627 0.483917 0.843239 0.388091 0.670893 0.250503 0.713924
0 0.852569 0.11807 1.02839 0.0650622 0.99577 0.00419313 0.819945 0.0572011
0 0.684816 0.758938 0.780184 0.72851 0.628049 0.460297 0.532681 0.490725
0 0.685269 0.199393 0.78372 0.168761 0.67728 -0.0236694 0.578829 0.00696234
0 0.943914 0.270675 1.0448 0.218224 0.995961 0.165376 0.89507 0.217827
0 0.146856 0.375849 0.163672 0.257045 0.0146861 0.245184 -0.00212908 0.363987
0 0.504204 0.461184 0.621724 0.423333 0.499933 0.210633 0.382413 0.248484
0 0.233637 0.445557 0.360256 0.423709 0.345323 0.375029 0.218704 0.396877
0 0.907189 0.596647 1.00663 0.562801 0.864066 0.327187 0.764624 0.361033
0 0.804082 0.426955 0.907554 0.394247 0.79749 0.198394 0.694019 0.231102
0 0.289919 0.405068 0.349467 0.388097 0.302937 0.296259 0.243389 0.31323
0 0.886828 1.0589 1.00071 1.02145 0.810407 0.695929 0.696528 0.733377
0 0.526415 0.447196 0.612635 0.413942 0.531601 0.295761 0.445381 0.329015
0 0.497263 0.235905 0.555529 0.215484 0.484639 0.101706 0.426372 0.122127
0 0.500802 0.986233 0.515048 0.860605 0.328395 0.848698 0.314148 0.974327
0 0.483612 0.24424 0.565334 0.216871 0.424172 -0.020227 0.34245 0.00714174
0 0.917246 0.747556 1.0017 0.747126 1.00053 0.617597 0.916071 0.618028
0 0.0458464 0.379409 0.127973 0.35051 0.072009 0.26105 -0.0101171 0.289949
0 0.461754 0.254114 0.526713 0.231101 0.450506 0.1101 0.385546 0.133113
0 0.0730747 0.101978 0.0885279 0.0153856 -0.0209936 0.00439146 -0.0364468 0.0909835
0 1.02293 0.743117 1.0781 0.656385 0.941621 0.60755 0.88645 0.694282
0 0.514489 1.04927 0.559797 0.962388 0.42648 0.923282 0.381173 1.01016
0 0.821072 0.0690549 1.00799 0.00328827 0.964777 -0.0658018 0.777856 -3.51183e-05
0 -0.00181076 0.170074 0.133931 0.168892 0.131135 -0.0116655 -0.00460618 -0.0104834
