0 0.244025 0.954827 0.250089 0.841407 0.0864404 0.836485 0.0803763 0.949905
0 0.283414 0.566848 0.294043 0.416472 0.145519 0.410567 0.13489 0.560943
0 0.529576 1.0034 0.64512 1.00283 0.644445 0.926075 0.528901 0.926646
0 0.395111 0.24016 0.401733 0.0933099 0.25575 0.0896071 0.249128 0.236458
0 0.489832 0.490948 0.618204 0.466319 0.595801 0.400638 0.46743 0.425266
0 0.336596 0.411828 0.350984 0.257691 0.206227 0.25009 0.191839 0.404228
0 0.518004 0.942344 0.666758 0.913739 0.61699 0.768159 0.468236 0.796764
0 0.904741 0.578584 1.02201 0.536906 0.852281 0.268259 0.735009 0.309936
0 0.761605 0.312921 0.880993 0.277379 0.731915 -0.00430294 0.612527 0.0312388
0 0.45867 0.817255 0.595318 0.79395 0.510377 0.513798 0.373729 0.537103
0 0.305715 0.850735 0.315117 0.715152 0.0349327 0.704223 0.0255307 0.839806
0 0.299224 0.857082 0.318999 0.725899 0.224311 0.71787 0.204536 0.849053
0 0.929005 0.537365 0.98739 0.52029 0.940655 0.430399 0.88227 0.447473
0 0.126989 0.046568 0.282095 0.044568 0.280983 -0.00395266 0.125877 -0.00195272
0 0.137458 0.833896 0.143216 0.702823 0.0226311 0.699843 0.0168726 0.830916
0 0.11842 0.0283052 0.119912 -0.000879013 0.022221 -0.0036883 0.020729 0.0254959
0 0.030418 0.828006 0.0345871 0.692717 -0.000119549 0.692116 -0.00428861 0.827404
