0 0.220439 0.808102 0.249404 0.628019 0.0664403 0.598591 0.0374752 0.778674
0 0.799415 0.2161 1.02023 0.120362 0.987149 0.0440649 0.766335 0.139803
0 0.663715 0.990445 0.76435 0.951689 0.66718 0.699372 0.566544 0.738128
0 0.692353 0.442685 0.801598 0.392692 0.680129 0.12726 0.570884 0.177253
0 0.0430547 0.517229 0.167691 0.455477 0.0491579 0.216238 -0.0754781 0.277989
0 0.244438 0.965115 0.27299 0.779755 0.0998762 0.75309 0.0713245 0.93845
0 0.573257 0.119313 0.661466 0.055772 0.583982 -0.0517928 0.495773 0.0117482
0 0.339653 0.345509 0.445587 0.304576 0.31437 -0.0350095 0.208436 0.00592355
0 0.409748 1.0195 0.522382 0.999552 0.513608 0.950007 0.400974 0.969955
0 0.708867 1.01797 0.776911 0.989087 0.749509 0.924534 0.681465 0.953418
0 0.663225 1.05418 0.791774 0.995525 0.755935 0.916982 0.627386 0.975639
0 0.946304 1.03534 1.04809 0.984835 0.92753 0.741833 0.825743 0.792333
0 0.501948 0.979053 0.510927 0.797157 0.342213 0.788828 0.333234 0.970724
0 0.849931 0.798362 0.946645 0.757136 0.800109 0.413371 0.703395 0.454597
0 0.931795 1.0178 0.991625 0.988358 0.920725 0.844277 0.860895 0.873719
0 0.936136 0.474186 1.01772 0.450701 0.992078 0.361631 0.910496 0.385115
0 0.027763 0.514832 0.109609 0.461237 0.0255782 0.332912 -0.0562683 0.386508
0 0.709101 1.01974 0.721574 0.957065 0.65142 0.943105 0.638947 1.00578
0 0.11667 1.01531 0.306418 1.00751 0.301111 0.878426 0.111364 0.886226
