0 0.929561 0.436764 0.970006 0.326212 0.895748 0.299045 0.855303 0.409597
0 0.630726 0.251079 0.671032 0.14404 0.602353 0.118178 0.562047 0.225218
0 0.380493 0.943468 0.411112 0.823364 0.33393 0.803687 0.303311 0.923792
0 0.723015 0.953607 0.724965 0.804323 0.606919 0.802781 0.604969 0.952065
0 0.591338 0.611416 0.598614 0.457006 0.480758 0.451452 0.473482 0.605861
0 0.682111 0.276532 0.730441 0.176224 0.670665 0.147424 0.622336 0.247731
0 0.306075 0.737882 0.351077 0.662887 0.213231 0.58017 0.168229 0.655165
0 0.760852 0.36744 0.814172 0.250526 0.746638 0.219727 0.693318 0.336641
0 0.370026 0.532278 0.373981 0.383481 0.25665 0.380363 0.252695 0.529159
0 0.167482 0.694847 0.215024 0.614441 0.0760539 0.532272 0.0285119 0.612678
0 0.993974 0.468186 1.03388 0.360336 0.963965 0.334471 0.924063 0.442321
0 0.542496 0.212344 0.578022 0.0796784 0.498307 0.058332 0.462781 0.190998
0 0.367624 0.996367 0.378398 0.936468 0.31034 0.924227 0.299567 0.984126
0 0.84087 0.390835 0.872826 0.28848 0.801051 0.266071 0.769094 0.368425
0 0.269012 0.923718 0.28148 0.845399 0.105514 0.817386 0.0930461 0.895706
0 0.0877756 0.2873 0.111012 0.183266 -0.000416689 0.158378 -0.0236531 0.262412
0 0.102535 0.890254 0.126825 0.805622 0.00749717 0.771375 -0.0167923 0.856007
0 0.115181 0.237016 0.134637 0.141052 0.0116804 0.116123 -0.0077756 0.212088
0 0.948948 0.786978 0.950426 0.634122 0.843894 0.633092 0.842416 0.785948
0 0.940579 0.941985 1.00311 0.941391 1.00245 0.871796 0.939917 0.872391
0 0.786324 0.0505483 0.920606 0.0492868 0.920074 -0.00739913 0.785791 -0.0061376
0 0.566355 1.00321 0.681046 1.00219 0.680659 0.958681 0.565968 0.959701
0 0.888723 0.190509 0.963924 0.188761 0.962198 0.114516 0.886997 0.116263
0 0.948813 0.200612 1.00383 0.199074 1.00104 0.0994507 0.946028 0.100989
0 0.481573 0.185997 0.521444 0.0528314 0.433865 0.02661 0.393994 0.159776
0 0.735157 0.0245288 0.794142 0.0236712 0.79376 -0.00259111 0.734775 -0.00173347
0 0.356702 1.01381 0.361953 0.97643 0.286044 0.965765 0.280792 1.00315
0 1.00118 0.995015 1.00224 0.92459 0.944314 0.923712 0.943246 0.994136
0 0.903646 0.773238 0.918602 0.667829 0.844039 0.65725 0.829083 0.762658
0 0.378297 0.940565 0.395378 0.8713 0.322391 0.853301 0.305311 0.922567
0 0.210858 0.324342 0.279848 0.154323 0.14223 0.0984804 0.0732395 0.2685
0 0.860695 0.0411265 0.925141 0.0397777 0.924215 -0.00444857 0.859769 -0.00309975
