0 0.605379 0.569674 0.606044 0.462961 0.513963 0.461942 0.513298 0.568655
0 0.523133 0.643136 0.61433 0.641877 0.613724 0.563956 0.522528 0.565216
0 0.799294 0.182049 0.823549 0.107674 0.727084 0.0517465 0.702829 0.126121
0 0.519787 0.841754 0.626166 0.840147 0.625271 0.734803 0.518892 0.73641
0 0.517856 0.740305 0.616141 0.738241 0.614931 0.635785 0.516646 0.637849
0 0.828293 0.115397 0.848259 0.0570182 0.752699 -0.00108182 0.732734 0.0572972
0 0.418649 0.701231 0.425202 0.620205 0.347813 0.609078 0.34126 0.690105
0 0.636916 0.482212 0.750209 0.480717 0.749296 0.357759 0.636003 0.359255
0 0.346588 1.03026 0.365768 0.893981 0.283789 0.87347 0.264609 1.00975
0 0.332112 0.58896 0.375329 0.313425 0.205195 0.265985 0.161978 0.54152
0 0.0853374 0.931122 0.103452 0.821341 0.0379048 0.802112 0.0197897 0.911893
0 0.511933 1.00845 0.517431 0.935737 0.44056 0.925404 0.435062 0.998121
0 0.240507 0.990265 0.250891 0.871244 0.152705 0.856015 0.142321 0.975035
0 0.481673 0.449954 0.495936 0.308374 0.409568 0.292905 0.395304 0.434485
0 0.464524 0.563102 0.474892 0.440868 0.381501 0.426787 0.371133 0.54902
0 0.144722 0.96248 0.166229 0.845618 0.101988 0.8246 0.0804811 0.941462
0 0.41751 0.865246 0.426648 0.765402 0.308533 0.746182 0.299395 0.846026
0 0.433069 0.618954 0.442108 0.557266 0.366662 0.537613 0.357623 0.599301
0 0.434679 0.772235 0.440606 0.696645 0.325079 0.680541 0.319152 0.756132
0 0.941377 0.104886 0.956448 0.0262457 0.853581 -0.00880236 0.83851 0.0698384
0 0.594511 0.461532 0.595641 0.328438 0.500528 0.327003 0.499399 0.460097
0 0.431977 0.63258 0.439953 0.580443 0.366329 0.560419 0.358353 0.612556
0 0.799641 0.275226 0.825453 0.194799 0.694383 0.120015 0.668571 0.200442
0 0.264883 0.839028 0.311031 0.599262 0.243719 0.57623 0.197571 0.815997
0 0.358998 0.297799 0.392391 0.0251034 0.224849 -0.0113702 0.191456 0.261326
0 0.92154 0.589415 0.969198 0.485828 0.854426 0.391954 0.806768 0.495541
0 0.66774 0.795976 0.757184 0.794962 0.756632 0.708338 0.667188 0.709352
0 0.752561 0.313222 0.773828 0.252534 0.672694 0.189529 0.651427 0.250218
0 0.438303 1.01426 0.444969 0.917505 0.352408 0.906169 0.345743 1.00292
0 0.110745 0.759571 0.129256 0.62765 0.0504285 0.607986 0.0319174 0.739907
0 1.00825 0.914887 1.04065 0.732775 0.916109 0.693387 0.88371 0.8755
0 0.632699 0.931014 0.634095 0.839863 0.518663 0.836719 0.517267 0.927871
0 0.209294 0.79293 0.222657 0.658207 0.115654 0.639337 0.10229 0.77406
0 0.0294733 0.901204 0.0453142 0.788962 -0.00612196 0.776056 -0.0219629 0.888298
0 0.764506 0.727771 0.778738 0.599324 0.664147 0.576753 0.649916 0.705201
0 0.652134 0.612731 0.801006 0.602075 0.795494 0.46517 0.646622 0.475827
0 0.633008 1.01635 0.63571 0.962868 0.516152 0.952128 0.513449 1.00561
0 0.778447 0.998867 0.781315 0.855576 0.677119 0.851869 0.674251 0.99516
0 0.726605 0.370942 0.745948 0.288977 0.649102 0.248345 0.629759 0.330311
0 0.436602 0.592275 0.442256 0.554957 0.368211 0.535013 0.362557 0.572332
0 0.0455203 0.999594 0.0458537 0.950389 0.00184981 0.949859 0.00151641 0.999063
0 0.68342 0.0751578 0.70462 -0.00409303 0.613696 -0.0473343 0.592495 0.0319165
0 0.223062 1.00805 0.224507 0.973647 0.177205 0.970114 0.175759 1.00452
0 0.0470522 0.7316 0.0716678 0.608122 0.0237307 0.591133 -0.000884852 0.714611
0 1.00154 0.66956 1.0322 0.514652 0.975471 0.494685 0.944803 0.649593
0 0.204617 0.794198 0.218342 0.6669 0.168346 0.657317 0.154621 0.784615
0 0.74463 0.851774 0.747931 0.795728 0.64833 0.7853 0.64503 0.841346
0 0.0265606 0.703122 0.0291246 0.576451 0.00138168 0.575453 -0.00118232 0.702124
0 0.845989 0.0569162 0.858801 0.000856953 0.771444 -0.0346368 0.758632 0.0214224
0 1.002 0.744298 1.01064 0.678541 0.974365 0.670071 0.96573 0.735829
0 0.000215799 0.0458482 0.0576171 0.0448627 0.0571858 0.000211312 -0.000215434 0.00119686
0 1.00095 1.00379 1.00127 0.968265 0.969345 0.967758 0.969027 1.00328
0 0.540031 0.232713 0.584627 0.061233 0.497866 0.0211196 0.45327 0.1926
0 0.759125 0.659828 0.824991 0.638339 0.813879 0.57779 0.748013 0.599279
0 0.871715 0.210037 0.884297 0.141037 0.83016 0.123488 0.817578 0.192487
0 0.309926 0.305802 0.315517 0.23029 0.252781 0.222032 0.24719 0.297544
0 0.0245388 0.48155 0.0248951 0.382441 -0.00301263 0.382263 -0.00336899 0.481372
0 0.564421 1.00921 0.568736 0.956174 0.514302 0.948301 0.509987 1.00134
