0 0.743964 0.977433 0.77013 0.833041 0.687525 0.818072 0.661358 0.962464
0 0.677763 0.540798 0.67984 0.410415 0.543013 0.408235 0.540936 0.538618
0 0.315185 1.03687 0.404273 0.999268 0.299603 0.751279 0.210515 0.788881
0 0.67404 0.94586 0.68091 0.846168 0.577621 0.839049 0.570751 0.938742
0 0.0901897 0.226544 0.179572 0.214119 0.162857 0.0938792 0.0734742 0.106305
0 0.0304112 0.233036 0.0927407 0.225644 0.0789084 0.108999 0.0165789 0.116391
0 0.318319 0.34469 0.375575 0.307089 0.31911 0.221109 0.261855 0.25871
0 0.693101 0.846662 0.729804 0.655109 0.63515 0.636972 0.598447 0.828525
0 0.051303 0.981547 0.0513652 0.841612 -0.00382383 0.841588 -0.00388607 0.981523
0 0.527817 0.575642 0.531171 0.476208 0.437359 0.473043 0.434004 0.572478
0 0.263533 0.664373 0.281064 0.580643 0.162086 0.555732 0.144555 0.639461
0 0.32913 0.586102 0.412725 0.56349 0.399619 0.515041 0.316025 0.537653
0 0.389418 0.63023 0.417969 0.567973 0.359893 0.541339 0.331342 0.603596
0 0.24321 0.34346 0.301182 0.307959 0.253411 0.22995 0.195439 0.265451
0 0.377014 0.3129 0.43864 0.26422 0.375741 0.184593 0.314115 0.233274
0 0.757644 1.01242 0.761822 0.970726 0.679859 0.962512 0.675681 1.00421
0 0.166303 0.542171 0.186687 0.438934 0.0406156 0.410092 0.020231 0.513329
0 0.302582 0.209729 0.309987 0.156229 0.257022 0.148897 0.249617 0.202397
0 0.497226 0.0375913 0.498154 -0.00394078 0.376963 -0.006647 0.376036 0.0348851
0 0.963561 0.174741 1.00285 0.174101 1.0006 0.0363886 0.961315 0.0370295
0 0.000505874 0.193723 0.0268824 0.192317 0.0216323 0.0938276 -0.00474422 0.0952336
0 0.429688 0.49188 0.500565 0.469483 0.484991 0.420197 0.414114 0.442593
0 0.0323348 0.445512 0.0376632 0.353438 -0.0024701 0.351115 -0.00779853 0.443189
0 0.675191 0.279146 0.707004 0.211384 0.617413 0.169323 0.5856 0.237085
0 0.524275 0.405899 0.56155 0.333813 0.477297 0.290247 0.440023 0.362333
0 0.15241 0.543627 0.183999 0.454123 0.116596 0.430334 0.0850068 0.519837
0 0.265768 0.615985 0.283632 0.56888 0.188563 0.532826 0.170699 0.579931
