0 0.588768 0.555055 0.699384 0.537873 0.688232 0.466078 0.577616 0.48326
0 0.506386 0.859358 0.652378 0.841077 0.641785 0.756483 0.495793 0.774765
0 0.222715 0.546846 0.289296 0.497134 0.215216 0.397915 0.148635 0.447627
0 0.784534 0.822035 0.937448 0.795082 0.920904 0.701224 0.767991 0.728177
0 1.00284 0.598739 1.00576 0.507519 0.929406 0.505081 0.926493 0.596302
0 0.359032 0.584985 0.596668 0.553733 0.587084 0.480858 0.349448 0.512109
0 0.283187 0.613795 0.340948 0.574119 0.282219 0.48862 0.224458 0.528296
0 0.643754 0.848597 0.787179 0.828579 0.775375 0.744006 0.63195 0.764024
0 0.430279 0.976529 0.445593 0.930694 0.370796 0.905704 0.355482 0.95154
0 0.0534072 0.981164 0.182669 0.865257 0.113879 0.788542 -0.0153825 0.904449
0 0.468915 0.857287 0.46963 0.776205 0.360574 0.775243 0.35986 0.856326
0 0.452152 0.846932 0.51074 0.846316 0.510044 0.78007 0.451456 0.780686
0 0.0939826 0.383663 0.15818 0.327704 0.00309255 0.149783 -0.0611048 0.205742
0 0.0605813 0.647127 0.160539 0.611955 0.133529 0.535192 0.0335709 0.570363
0 0.0354061 0.645326 0.133051 0.612129 0.0711511 0.430058 -0.0264941 0.463255
0 0.164979 0.461429 0.224926 0.418265 0.155403 0.32171 0.0954558 0.364875
0 0.407148 1.03967 0.447312 0.965964 0.304041 0.887889 0.263876 0.961592
0 0.16358 0.461888 0.220731 0.410775 0.172441 0.35678 0.11529 0.407892
0 0.107452 0.847372 0.249892 0.726908 0.178649 0.642669 0.0362095 0.763133
0 0.550935 1.0191 0.557029 0.976564 0.419383 0.956841 0.413289 0.999373
0 0.858318 0.0775157 0.875801 0.0016912 0.789884 -0.0181182 0.772401 0.0577063
0 0.779654 0.239287 0.800969 0.170989 0.720566 0.145896 0.699251 0.214194
0 0.66443 1.01756 0.668077 0.983748 0.543342 0.970295 0.539695 1.0041
0 0.815481 0.95094 0.820347 0.901771 0.726141 0.892449 0.721276 0.941618
0 0.421306 1.02935 0.437916 0.9794 0.283729 0.928125 0.267119 0.978074
0 0.73121 0.344904 0.772837 0.244847 0.692911 0.211595 0.651284 0.311652
0 0.596316 0.834809 0.649883 0.834355 0.649368 0.773572 0.595801 0.774026
0 0.0894984 0.798854 0.211748 0.728245 0.176149 0.666611 0.0538996 0.73722
0 0.130034 0.422103 0.191262 0.37109 0.121595 0.287473 0.0603666 0.338486
0 0.135627 0.846352 0.18947 0.803697 0.120874 0.717109 0.0670311 0.759764
0 0.280256 0.0693661 0.301053 -0.00115543 0.152319 -0.0450181 0.131521 0.0255033
0 0.568365 0.213243 0.600723 0.10906 0.519484 0.0838279 0.487126 0.188011
