0 0.569144 0.340257 0.718082 0.285291 0.693741 0.168037 0.544803 0.223003
0 0.464866 0.601287 0.502028 0.482131 0.440909 0.448244 0.403748 0.567401
0 0.241307 0.468911 0.280675 0.34941 0.222802 0.315516 0.183435 0.435017
0 0.295473 0.496612 0.333284 0.380001 0.279023 0.348722 0.241211 0.465333
0 0.405489 0.570808 0.44509 0.445888 0.3891 0.414332 0.349499 0.539253
0 0.878012 1.00287 0.921641 0.863195 0.853143 0.825157 0.809514 0.96483
0 0.348548 0.53152 0.390048 0.416161 0.334309 0.380514 0.29281 0.495873
0 0.93326 1.03393 0.982726 0.905478 0.921231 0.863379 0.871765 0.991832
0 0.203049 0.422207 0.217844 0.304457 0.14527 0.288247 0.130476 0.405997
0 0.441883 0.359148 0.585121 0.301574 0.562012 0.199365 0.418774 0.256939
0 0.818692 0.529956 0.819569 0.38338 0.678754 0.381882 0.677877 0.528459
0 0.790451 0.951363 0.829077 0.776431 0.750602 0.745626 0.711976 0.920558
0 0.81269 0.518118 0.882803 0.516076 0.881171 0.416442 0.811058 0.418484
0 0.347491 0.207985 0.408908 0.169213 0.370078 0.0598642 0.308661 0.0986366
0 0.398323 0.180113 0.472578 0.138426 0.432051 0.0100908 0.357796 0.051778
0 0.0926104 0.873192 0.141207 0.680081 0.0727318 0.649447 0.0241356 0.842558
0 0.882699 0.51065 0.956892 0.50107 0.947375 0.370029 0.873182 0.379609
0 0.334382 1.07262 0.385727 0.859891 0.263905 0.807618 0.212561 1.02034
0 0.131701 1.04576 0.208999 0.789177 0.107071 0.734587 0.0297724 0.99117
0 0.864592 0.371927 0.887657 0.268524 0.833298 0.246968 0.810233 0.350371
0 0.728774 0.914533 0.77247 0.739395 0.687244 0.701593 0.643548 0.876731
0 0.0940877 0.110445 0.144274 0.0575795 0.0872726 -0.0386201 0.0370864 0.0142456
0 0.970566 0.707207 1.00145 0.706085 0.999024 0.5876 0.968145 0.588722
0 0.107911 0.0687274 0.203434 0.0616874 0.199876 -0.0241233 0.104354 -0.0170834
0 0.111478 1.00518 0.111771 0.972634 0.0392036 0.971475 0.0389112 1.00402
0 0.418718 1.12246 0.54467 0.911888 0.427019 0.786784 0.301068 0.997357
0 0.972459 0.708833 1.02728 0.654771 1.00053 0.60656 0.945713 0.660622
0 0.332312 1.04604 0.348962 0.935948 0.237952 0.906101 0.221302 1.01619
