0 0.0387815 0.727932 0.157931 0.705955 0.145629 0.639256 0.026479 0.661233
0 0.0728516 0.855991 0.191459 0.834456 0.179136 0.766586 0.060529 0.788121
0 0.348095 0.712431 0.463426 0.685581 0.447247 0.616083 0.331915 0.642933
0 0.0511722 0.787151 0.171805 0.768089 0.161633 0.703711 0.0409997 0.722772
0 0.190638 0.388395 0.248295 0.296459 0.198703 0.265357 0.141045 0.357292
0 0.368245 0.778637 0.489871 0.748467 0.473854 0.683899 0.352229 0.714069
0 0.327905 0.643967 0.447872 0.610684 0.428353 0.540329 0.308386 0.573613
0 0.383757 0.844556 0.50527 0.815861 0.488625 0.745379 0.367113 0.774074
0 0.0960077 0.934118 0.21012 0.911873 0.194018 0.829274 0.0799056 0.851519
0 0.557106 0.764459 0.633175 0.732249 0.587105 0.623449 0.511036 0.655659
0 0.301682 0.575356 0.431412 0.546075 0.418399 0.488421 0.288669 0.517702
0 0.0148583 0.609198 0.119505 0.585821 0.103867 0.515815 -0.000779945 0.539192
0 0.51725 0.907592 0.518391 0.82144 0.435974 0.820348 0.434832 0.9065
0 0.147142 0.367818 0.202452 0.267492 0.134753 0.23017 0.0794432 0.330496
0 0.021843 0.665887 0.139084 0.642509 0.127253 0.583178 0.0100123 0.606557
0 0.0928465 0.316742 0.144366 0.232662 0.0764294 0.191034 0.0249097 0.275114
0 0.705286 0.723073 0.757099 0.63566 0.69435 0.598465 0.642536 0.685878
0 0.121931 0.979351 0.203875 0.959218 0.191462 0.908694 0.109518 0.928827
0 0.263128 0.447972 0.324073 0.350046 0.25358 0.306174 0.192635 0.404099
0 0.0864747 0.535675 0.089439 0.434289 -0.00586424 0.431503 -0.00882862 0.532889
0 0.57845 0.858853 0.669601 0.825183 0.630156 0.718397 0.539005 0.752067
0 0.782011 0.80534 0.860979 0.729678 0.814644 0.681318 0.735676 0.75698
0 0.75538 0.747887 0.811937 0.680066 0.760953 0.63755 0.704396 0.705371
0 0.713139 0.919514 0.806831 0.919451 0.806767 0.823899 0.713076 0.823961
0 0.403161 1.02964 0.552349 0.988065 0.527385 0.898486 0.378198 0.94006
0 0.19494 0.511264 0.251582 0.434653 0.207953 0.402396 0.151311 0.479007
0 0.60808 0.967661 0.69871 0.944435 0.665962 0.816651 0.575332 0.839877
0 0.68459 0.946456 0.733374 0.931734 0.709304 0.851972 0.66052 0.866693
0 0.645662 0.665582 0.697086 0.606799 0.602773 0.524294 0.55135 0.583076
0 0.800881 0.909897 0.938496 0.878093 0.923843 0.814693 0.786229 0.846496
0 0.0366038 0.276215 0.081413 0.192917 0.0100729 0.154541 -0.0347363 0.237839
0 0.321819 0.545934 0.418565 0.481949 0.336569 0.357972 0.239823 0.421957
0 0.12819 1.01268 0.202781 1.00279 0.197529 0.963187 0.122938 0.97308
0 0.235024 0.658525 0.282406 0.647768 0.26641 0.57731 0.219028 0.588067
0 0.892187 0.88788 0.951254 0.83939 0.853427 0.720223 0.79436 0.768714
0 0.897574 1.00679 1.00418 1.00441 1.00275 0.940088 0.896135 0.942473
0 0.286118 1.01904 0.346747 0.984065 0.310208 0.920726 0.249578 0.955702
0 0.513694 0.653987 0.610103 0.626025 0.563113 0.464015 0.466705 0.491977
0 0.837722 1.01872 0.915068 0.999604 0.903229 0.951699 0.825883 0.970814
0 -0.00160789 1.00067 0.0376829 1.0001 0.0372563 0.970318 -0.00203448 0.970881
0 0.356364 1.01215 0.411267 0.973387 0.372211 0.918069 0.317308 0.956833
0 0.208013 1.00677 0.272394 1.00339 0.270372 0.964886 0.205992 0.968265
0 0.244954 0.87631 0.310848 0.852566 0.279385 0.76525 0.213491 0.788993
0 0.753703 1.01278 0.835528 1.00238 0.832438 0.978065 0.750613 0.988465
0 -0.00482148 0.428807 0.0475825 0.428756 0.0474894 0.331563 -0.00491453 0.331613
0 -0.00388531 0.980357 0.0255759 0.980143 0.025029 0.904843 -0.00443222 0.905057
0 -0.00219743 0.92182 0.0192746 0.921735 0.0189875 0.849091 -0.00248461 0.849176
0 0.0247562 0.183281 0.025566 0.13261 -0.0017516 0.132173 -0.00256142 0.182845
