0 0.101878 0.811465 0.248654 0.787062 0.23749 0.719916 0.0907139 0.744319
0 0.0614119 0.685063 0.197158 0.659877 0.185027 0.594496 0.0492812 0.619682
0 0.00249294 0.445281 0.131349 0.425387 0.121369 0.360751 -0.00748638 0.380645
0 0.0482755 0.620102 0.179124 0.598763 0.169394 0.539101 0.0385457 0.56044
0 0.928004 0.872656 0.933181 0.735362 0.803874 0.730486 0.798697 0.867781
0 0.0180462 0.509025 0.156197 0.482398 0.143624 0.41717 0.00547412 0.443798
0 0.773438 0.379826 0.774691 0.281458 0.696286 0.280459 0.695033 0.378827
0 0.0366531 0.563985 0.161548 0.542897 0.151969 0.486166 0.0270742 0.507253
0 0.237657 0.150276 0.367824 0.0933659 0.341366 0.0328503 0.211199 0.0897601
0 0.853846 0.377123 0.85524 0.282083 0.775458 0.280913 0.774065 0.375954
0 0.469745 0.464536 0.474106 0.352064 0.353208 0.347375 0.348846 0.459847
0 0.698587 0.55265 0.699992 0.456027 0.607189 0.454678 0.605784 0.551301
0 0.777958 0.533532 0.779388 0.450645 0.699275 0.449263 0.697846 0.53215
0 0.088811 0.747912 0.233682 0.721677 0.220956 0.651403 0.0760848 0.677638
0 -0.00116093 0.383827 0.0979793 0.367596 0.0877588 0.30517 -0.0113814 0.321402
0 0.932108 0.374792 0.933511 0.278531 0.855124 0.277389 0.853721 0.37365
0 0.713504 0.682264 0.714343 0.592801 0.617656 0.591894 0.616817 0.681357
0 0.331073 0.29243 0.440545 0.249157 0.409064 0.169515 0.299591 0.212789
0 0.511949 0.932567 0.516184 0.794253 0.397092 0.790607 0.392858 0.928921
0 0.275827 0.226569 0.407208 0.176704 0.376075 0.0946782 0.244695 0.144543
0 0.333136 0.35872 0.464669 0.328917 0.447243 0.252011 0.315711 0.281814
0 0.000349484 0.324232 0.0870893 0.3071 0.0747916 0.244837 -0.0119482 0.261969
0 0.0791424 0.951966 0.0805409 0.869027 -0.000977008 0.867652 -0.00237555 0.950592
0 1.00198 0.374292 1.00265 0.273507 0.932054 0.273041 0.931388 0.373826
0 0.760851 0.730116 0.916991 0.72057 0.913482 0.663175 0.757342 0.672721
0 0.690557 0.388577 0.692597 0.290625 0.578238 0.288244 0.576199 0.386196
0 0.122833 0.864859 0.24525 0.846661 0.236051 0.784777 0.113634 0.802975
0 0.702716 0.220556 0.806965 0.203013 0.782312 0.056511 0.678063 0.074054
0 -0.000834879 0.258137 0.072139 0.258031 0.0720208 0.177183 -0.000953045 0.17729
0 0.243696 0.979382 0.307762 0.96236 0.276216 0.843627 0.21215 0.860649
0 0.916849 0.566211 0.918769 0.452749 0.848618 0.451562 0.846698 0.565024
0 0.632036 0.848203 0.716749 0.847224 0.715793 0.764493 0.63108 0.765471
0 0.924075 0.933506 0.999989 0.932736 0.999344 0.869125 0.92343 0.869895
0 0.917497 0.76327 1.00064 0.762182 0.999242 0.65538 0.916099 0.656468
0 0.368235 0.938997 0.424223 0.920715 0.389612 0.814725 0.333624 0.833007
0 0.649365 0.302375 0.650489 0.234918 0.56847 0.233552 0.567347 0.30101
0 0.785194 0.198549 1.00116 0.197271 0.9999 -0.0150111 0.783938 -0.0137335
0 0.625388 0.76872 0.736571 0.7669 0.735086 0.676126 0.623903 0.677946
0 0.263202 0.405101 0.320666 0.390682 0.311907 0.355775 0.254443 0.370194
0 0.0610288 0.181298 0.061714 0.118098 -0.000682533 0.117422 -0.00136773 0.180622
0 0.0581603 0.879565 0.0582643 0.801216 -0.0074566 0.801129 -0.00756059 0.879478
0 0.16859 1.00186 0.247074 0.976816 0.202423 0.836863 0.123939 0.861903
0 0.6831 0.598857 0.683435 0.546596 0.618055 0.546178 0.617721 0.598439
0 0.501973 0.648244 0.502564 0.590838 0.364309 0.589414 0.363717 0.64682
0 0.498876 0.742675 0.499985 0.636893 0.373938 0.635572 0.372829 0.741353
0 0.504181 0.783415 0.504978 0.71978 0.380823 0.718224 0.380026 0.781859
0 0.636795 0.95559 0.801762 0.954107 0.800565 0.820873 0.635598 0.822356
0 -0.00319673 0.809603 0.0417496 0.809521 0.0415902 0.722843 -0.00335609 0.722926
0 0.31164 0.963915 0.373016 0.945 0.336226 0.825618 0.274849 0.844532
0 0.820835 0.921466 0.896892 0.912758 0.891198 0.863027 0.815141 0.871735
0 0.968658 0.549382 0.968834 0.452196 0.915868 0.4521 0.915692 0.549286
0 0.664125 0.249814 0.664326 0.145157 0.543663 0.144925 0.543461 0.249582
0 0.996898 0.809331 0.99783 0.760449 0.933429 0.759221 0.932497 0.808103
0 0.708507 0.655555 0.768499 0.655539 0.76848 0.589471 0.708489 0.589488
0 0.99936 0.544506 1.00249 0.455324 0.966445 0.454057 0.963311 0.543239
0 0.380284 0.603788 0.500393 0.591594 0.491146 0.500514 0.371037 0.512708
0 0.0804794 0.0884474 0.106849 0.00688403 0.0221838 -0.020489 -0.00418622 0.0610744
0 0.0829856 1.01796 0.0982698 0.951091 0.0171453 0.932549 0.00186107 0.999418
0 0.251708 0.0773639 0.336683 0.0307536 0.302968 -0.0307136 0.217992 0.0158966
0 0.67354 0.210993 0.71306 0.202592 0.692373 0.105283 0.652853 0.113685
0 0.000351568 0.730861 0.0274845 0.730617 0.0269134 0.667184 -0.000219523 0.667428
0 0.0963555 0.0666174 0.167503 0.0650992 0.166067 -0.00221325 0.0949192 -0.000695044
0 0.163645 0.0339818 0.224232 0.0323481 0.223201 -0.00588194 0.162614 -0.00424827
0 0.409877 1.0117 0.518772 1.00203 0.516502 0.976468 0.407607 0.986138
0 0.848293 0.560139 0.849971 0.45663 0.772932 0.455381 0.771254 0.55889
0 -0.000272563 0.0797685 0.0171812 0.0795157 0.0161687 0.00962412 -0.00128507 0.00987697
0 0.670624 0.215841 0.673438 0.154283 0.61416 0.151573 0.611345 0.213131
0 -0.00171798 0.674562 0.0161504 0.674408 0.0156994 0.622004 -0.00216901 0.622157
0 0.0142909 0.656284 0.0144801 0.606225 -0.00196077 0.606162 -0.00214998 0.656222
