0 0.524778 0.8341 0.531509 0.692799 0.404146 0.686732 0.397415 0.828033
0 0.0779737 0.201889 0.0793736 0.119316 -0.000792615 0.117957 -0.00219249 0.20053
0 0.539671 0.962227 0.546721 0.818573 0.404629 0.811599 0.397579 0.955253
0 0.51185 0.183756 0.516706 0.0442407 0.397569 0.0400944 0.392714 0.17961
0 0.429877 0.543387 0.537868 0.543007 0.537545 0.450805 0.429553 0.451184
0 0.212075 0.652745 0.319014 0.631719 0.304261 0.556683 0.197322 0.577709
0 0.121171 0.113679 0.244026 0.098011 0.236085 0.0357507 0.113231 0.0514186
0 0.231494 0.468948 0.315319 0.448059 0.276204 0.291092 0.192378 0.311981
0 0.528878 0.361288 0.530175 0.233744 0.401486 0.232435 0.400189 0.359979
0 0.535729 0.459783 0.537025 0.362989 0.431893 0.361581 0.430597 0.458375
0 0.926622 0.124507 0.929003 0.000146858 0.803741 -0.00225186 0.80136 0.122108
0 0.243497 0.228967 0.307786 0.212031 0.276518 0.0933372 0.212229 0.110273
0 0.299312 0.402454 0.36009 0.385283 0.328254 0.272594 0.267476 0.289765
0 0.548292 0.68181 0.54971 0.588495 0.442401 0.586864 0.440982 0.680179
0 0.367944 0.188767 0.423971 0.170396 0.389292 0.0646345 0.333265 0.0830057
0 0.426482 0.891249 0.429006 0.812222 0.3552 0.809864 0.352676 0.888892
0 0.281486 0.57117 0.358923 0.55701 0.339093 0.448566 0.261656 0.462726
0 0.923972 0.183909 1.00098 0.182989 1.0002 0.117755 0.923192 0.118676
0 0.100225 0.520013 0.108239 0.413602 -0.00168428 0.405323 -0.00969874 0.511734
0 0.101103 0.0617175 0.253069 0.0400545 0.244327 -0.0212722 0.0923608 0.000390716
0 -0.00680127 0.129112 0.057235 0.128959 0.0570494 0.0509527 -0.00698689 0.0511051
0 0.168551 0.253407 0.248187 0.228933 0.204529 0.0868759 0.124893 0.11135
0 0.719699 0.100549 0.720283 0.0105453 0.631353 0.009968 0.630769 0.099972
0 0.768479 0.193661 0.768969 0.0874555 0.634548 0.0868355 0.634058 0.193041
0 0.0160738 0.300812 0.110109 0.262649 0.0772834 0.181768 -0.0167515 0.219932
0 0.4413 0.599053 0.555904 0.597399 0.55516 0.54585 0.440556 0.547503
0 0.311805 0.215167 0.373605 0.196111 0.336374 0.0753623 0.274573 0.094418
0 0.994674 0.0590989 0.995825 0.00989108 0.933753 0.00843929 0.932603 0.0576471
0 0.366212 0.90001 0.383173 0.766793 0.264223 0.751649 0.247263 0.884866
0 0.352496 0.394721 0.431851 0.374555 0.404514 0.266981 0.325159 0.287148
0 0.503946 1.00481 0.506312 0.948167 0.420122 0.944566 0.417756 1.00121
0 0.508835 0.0378549 0.510369 -0.00484369 0.384055 -0.00938032 0.382521 0.0333183
0 0.94176 0.740827 0.999662 0.738782 0.995069 0.608783 0.937168 0.610828
0 -0.000505155 0.0551234 0.0416585 0.0549484 0.04143 -0.000135537 -0.000733716 3.9413e-05
0 0.0885798 0.599688 0.0960125 0.515984 -0.00035644 0.507427 -0.00778909 0.591131
0 0.00245756 0.995828 0.0977017 0.995481 0.0973714 0.904812 0.00212717 0.905159
0 0.822095 0.169775 0.894472 0.161202 0.888862 0.113843 0.816485 0.122416
0 0.108871 0.471221 0.166832 0.456906 0.1336 0.322349 0.0756389 0.336664
0 0.0667154 0.918827 0.0681074 0.841686 -0.00173266 0.840425 -0.00312474 0.917566
0 0.710927 0.0161906 0.711124 0.000222791 0.634319 -0.000726678 0.634121 0.0152412
0 0.979851 0.923733 1.00227 0.923683 1.00201 0.804905 0.979586 0.804955
0 0.997336 0.0132639 0.997467 0.000345311 0.929615 -0.000342054 0.929484 0.0125765
0 0.00803182 1.0032 0.0998722 1.00312 0.0998553 0.982312 0.00801493 0.982387
