0 0.297054 0.857192 0.297552 0.747774 0.198864 0.746975 0.198366 0.856393
0 0.554497 0.532006 0.579261 0.450486 0.480105 0.396936 0.45534 0.478456
0 0.496356 0.283796 0.498745 0.18232 0.403951 0.178354 0.401562 0.279829
0 -0.00277788 0.360958 0.0761349 0.35924 0.074576 0.231991 -0.00433683 0.23371
0 0.530389 0.669506 0.535301 0.526067 0.441693 0.520368 0.436781 0.663807
0 0.166065 0.432532 0.169728 0.327039 0.0938768 0.322357 0.0902139 0.42785
0 0.425373 0.487069 0.430139 0.368334 0.348307 0.362494 0.34354 0.481229
0 0.636692 0.523728 0.74433 0.472673 0.713969 0.358878 0.606331 0.409932
0 0.511753 1.00598 0.602512 0.957865 0.551551 0.786973 0.460792 0.835088
0 0.724928 0.707483 0.794868 0.672997 0.74554 0.495147 0.6756 0.529633
0 0.108232 1.03065 0.132378 0.91844 0.0622679 0.89162 0.0381219 1.00383
0 0.851281 0.355218 0.958589 0.247055 0.914951 0.17009 0.807643 0.278253
0 0.0783116 0.83639 0.14727 0.836123 0.146937 0.682805 0.0779786 0.683072
0 0.121874 0.589654 0.146407 0.481129 0.074713 0.452315 0.0501793 0.56084
0 0.576732 0.456235 0.60121 0.365469 0.507389 0.320488 0.482911 0.411255
0 0.406374 0.288865 0.411607 0.174833 0.35231 0.169995 0.347077 0.284027
0 0.109261 0.177965 0.127177 0.05728 0.00602666 0.0253051 -0.0118901 0.145991
0 0.946925 0.816177 1.01749 0.793419 0.987334 0.627148 0.916764 0.649906
0 0.301718 0.27694 0.319327 0.158343 0.149902 0.113623 0.132293 0.23222
0 0.344365 0.694361 0.362417 0.614994 0.261354 0.574129 0.243302 0.653495
0 0.595738 0.408764 0.705398 0.359254 0.688087 0.291091 0.578427 0.340601
0 0.279608 1.03308 0.28406 0.91805 0.170342 0.910224 0.16589 1.02526
0 0.31375 1.00843 0.419457 1.00767 0.419008 0.89756 0.313301 0.898326
0 0.757484 0.965122 0.869393 0.888417 0.792603 0.689247 0.680694 0.765952
0 0.0656622 0.551007 0.0759676 0.442698 0.0120931 0.431893 0.00178779 0.540203
0 0.85137 1.03716 0.868544 0.928992 0.778143 0.903474 0.760969 1.01164
0 0.896184 0.60597 0.971066 0.559192 0.918225 0.408818 0.843343 0.455597
0 0.529282 0.847051 0.552414 0.71876 0.459835 0.689085 0.436704 0.817375
0 0.302242 0.514776 0.305104 0.388109 0.213005 0.384409 0.210144 0.511077
0 0.638831 0.337194 0.686918 0.264373 0.629911 0.19745 0.581824 0.270271
0 0.443942 0.787366 0.547786 0.785985 0.54693 0.671543 0.443086 0.672924
0 0.577251 0.354671 0.688759 0.288583 0.659255 0.200081 0.547746 0.266169
0 0.956336 0.990261 1.00584 0.988653 1.00296 0.830742 0.953452 0.832349
0 0.951207 0.407052 1.00479 0.404526 1.00125 0.270827 0.947663 0.273353
0 0.103798 0.849404 0.107961 0.66195 0.0172584 0.658369 0.0130957 0.845824
0 0.0326746 0.522637 0.0370178 0.412199 -0.00516715 0.409249 -0.00951037 0.519688
0 0.59371 1.0562 0.668035 0.979199 0.630027 0.913981 0.555703 0.990984
0 0.296064 0.239138 0.312245 0.159425 0.16952 0.107919 0.153339 0.187632
0 0.345019 0.277075 0.352858 0.17202 0.318758 0.167496 0.310918 0.272551
0 0.749063 0.941082 0.854159 0.897706 0.830714 0.796719 0.725618 0.840095
0 0.557988 0.60206 0.565868 0.535632 0.476939 0.516877 0.469058 0.583305
