0 0.533958 0.842932 0.550422 0.697645 0.443812 0.685563 0.427347 0.83085
0 0.344057 0.897006 0.363947 0.779554 0.277532 0.76492 0.257642 0.882372
0 0.196942 0.410981 0.209783 0.316243 0.126624 0.304972 0.113783 0.39971
0 0.988682 0.646914 1.00392 0.530435 0.845185 0.509663 0.829943 0.626142
0 0.427583 0.570158 0.43783 0.507919 0.347081 0.492978 0.336834 0.555217
0 0.414704 0.632839 0.4234 0.560635 0.316722 0.547787 0.308026 0.619991
0 0.371525 0.787086 0.381792 0.705859 0.294104 0.694776 0.283837 0.776003
0 0.145045 0.666178 0.155732 0.577627 0.0593491 0.565995 0.0486621 0.654545
0 0.172545 0.59567 0.19287 0.51775 0.0905999 0.491073 0.0702744 0.568992
0 0.809906 0.955014 0.828159 0.798011 0.761722 0.790287 0.743468 0.94729
0 0.0763813 0.311086 0.0874561 0.201613 0.000868716 0.192853 -0.0102061 0.302326
0 0.745974 0.824421 0.754431 0.76284 0.609614 0.742953 0.601157 0.804534
0 0.233883 0.323363 0.242437 0.236184 0.14224 0.226352 0.133686 0.313532
0 0.477941 0.381649 0.487002 0.302293 0.393396 0.291605 0.384335 0.370961
0 0.186105 0.509397 0.197549 0.403798 0.101607 0.393401 0.0901634 0.499
0 0.459976 0.46937 0.468309 0.372645 0.357143 0.363068 0.348811 0.459793
0 0.562365 0.263287 0.581875 0.126141 0.489783 0.11304 0.470273 0.250186
0 0.398173 0.712687 0.405773 0.625098 0.307109 0.616537 0.299509 0.704125
0 0.180004 0.917385 0.189426 0.849254 0.00329217 0.823514 -0.00612953 0.891644
0 0.394384 0.363448 0.401927 0.280996 0.309502 0.272541 0.301959 0.354993
0 0.392035 0.233317 0.423962 0.106322 0.345979 0.086717 0.314052 0.213712
0 0.439721 0.512416 0.447645 0.463532 0.355247 0.448555 0.347323 0.497439
0 0.72744 0.895293 0.734745 0.835167 0.59068 0.817665 0.583376 0.877791
0 0.321678 0.214729 0.355921 0.053254 0.274833 0.0360582 0.24059 0.197533
0 0.75995 0.76287 0.767047 0.701317 0.623609 0.68478 0.616512 0.746333
0 0.306421 0.3566 0.316244 0.264441 0.235965 0.255885 0.226142 0.348043
0 0.112563 0.787826 0.131824 0.669642 0.0412569 0.654881 0.0219958 0.773066
0 0.856691 0.333264 0.864978 0.231334 0.74272 0.221394 0.734433 0.323324
0 0.15432 0.989228 0.166843 0.921086 -0.00574544 0.889368 -0.0182684 0.957511
0 0.496208 0.999714 0.508815 0.878818 0.398286 0.867292 0.385679 0.988187
0 0.681661 0.497511 0.69088 0.417717 0.531921 0.399353 0.522703 0.479148
0 0.121939 0.832749 0.126974 0.775284 0.0167127 0.765624 0.0116783 0.82309
0 0.716129 0.94498 0.721561 0.888681 0.575577 0.874597 0.570145 0.930895
0 0.90534 0.946191 0.913656 0.867567 0.812191 0.856836 0.803875 0.93546
0 0.248202 0.192433 0.267553 0.0904022 0.20152 0.0778784 0.182169 0.179909
0 0.0585936 0.363975 0.0672554 0.306586 -0.00207392 0.296122 -0.0107357 0.353511
0 0.470947 0.247687 0.49811 0.104198 0.421304 0.0896577 0.39414 0.233147
0 0.193118 0.171463 0.199187 0.111383 0.0775794 0.099099 0.0715107 0.159179
0 0.274614 0.44179 0.284506 0.35366 0.22125 0.34656 0.211359 0.43469
0 0.703636 1.00221 0.709182 0.937703 0.559967 0.924875 0.554422 0.989381
0 0.219275 0.110427 0.226779 0.0195188 0.0958303 0.00870958 0.0883262 0.099618
0 0.930844 0.883721 0.968122 0.634708 0.856714 0.61803 0.819436 0.867043
0 0.56259 0.72568 0.611309 0.475818 0.500855 0.454281 0.452135 0.704142
0 0.99744 0.502938 1.01009 0.431786 0.830986 0.39993 0.818331 0.471082
0 0.775488 0.707919 0.781617 0.646707 0.639493 0.632476 0.633363 0.693688
0 0.801568 0.608949 0.809077 0.54932 0.66856 0.531623 0.66105 0.591252
0 0.783977 0.657547 0.790741 0.598858 0.652493 0.582926 0.645729 0.641615
0 0.0534245 0.43219 0.0534357 0.363702 -0.00579847 0.363693 -0.00580963 0.432181
0 0.668177 0.42073 0.677658 0.356899 0.55845 0.339192 0.548968 0.403023
0 0.723036 0.311063 0.733636 0.201893 0.648235 0.193601 0.637634 0.30277
0 0.831455 0.511113 0.84177 0.385989 0.700282 0.374324 0.689966 0.499448
0 0.036973 0.500903 0.0400801 0.432268 -0.00329835 0.430304 -0.00640544 0.498939
0 1.00338 0.285796 1.02879 0.196333 0.861751 0.148879 0.836336 0.238342
0 0.820606 0.0730953 0.842931 0.00178532 0.790138 -0.0147433 0.767812 0.0565667
0 0.474411 1.00503 0.475486 0.977486 0.370754 0.973397 0.369679 1.00094
0 0.696207 1.01225 0.698466 0.972954 0.551532 0.964507 0.549274 1.0038
0 1.00541 0.3649 1.01908 0.279354 0.852883 0.25279 0.83921 0.338336
0 0.119606 0.703785 0.12916 0.661271 0.0511128 0.643733 0.0415593 0.686247
0 0.638843 0.290834 0.658785 0.160312 0.570544 0.14683 0.550602 0.277352
0 1.00127 0.966584 1.02622 0.809587 0.958637 0.798847 0.933689 0.955844
0 0.807436 0.560702 0.819177 0.500086 0.688523 0.47478 0.676783 0.535396
0 0.262163 0.827233 0.270966 0.766248 0.227229 0.759934 0.218426 0.820919
0 0.29581 0.617356 0.303632 0.546408 0.24557 0.540006 0.237748 0.610955
0 0.993165 0.139037 1.0245 0.00743931 0.957669 -0.00847479 0.926333 0.123123
0 0.7034 0.301059 0.719554 0.175446 0.570122 0.15623 0.553969 0.281842
0 0.721572 0.0397011 0.723392 -0.00320984 0.64732 -0.00643624 0.6455 0.0364747
0 0.0341838 0.995083 0.0344353 0.95617 0.000465202 0.95595 0.000213702 0.994864
0 0.784151 0.0580958 0.79231 -0.00679008 0.714633 -0.0165579 0.706473 0.048328
0 0.100056 0.142391 0.10209 0.021384 0.00207629 0.0197029 4.22676e-05 0.14071
0 0.989598 0.595826 1.00171 0.535675 0.849251 0.504984 0.837142 0.565136
0 0.904209 0.100907 0.935665 0.00397309 0.877646 -0.0148546 0.84619 0.0820792
0 0.000587435 0.998577 0.0351734 0.99854 0.0351461 0.973638 0.000560155 0.973676
0 0.911883 0.906191 0.921038 0.860293 0.818094 0.83976 0.808939 0.885658
0 0.446831 0.0972696 0.454298 0.00443745 0.361584 -0.00301943 0.354117 0.0898127
0 0.157772 0.101296 0.176105 0.0205941 0.105184 0.00448286 0.0868506 0.085185
0 0.123798 1.01248 0.128246 0.978377 0.0580913 0.969227 0.0536432 1.00333
0 0.859369 0.0822398 0.885543 0.00126217 0.836128 -0.0147104 0.809953 0.0662672
0 0.888696 1.00615 0.889483 0.971662 0.786152 0.969302 0.785364 1.00379
0 0.760388 1.01005 0.904781 1.00995 0.904733 0.943345 0.76034 0.943448
