0 0.926222 0.897196 0.926447 0.773548 0.826376 0.773224 0.826151 0.896873
0 0.0576514 0.169247 0.144793 0.169163 0.144728 0.0490611 0.0575859 0.0491455
0 0.115754 0.924544 0.219304 0.924098 0.219041 0.815879 0.115491 0.816325
0 0.9379 0.673606 0.93908 0.514643 0.813443 0.512984 0.812262 0.671947
0 0.786334 0.406154 0.926933 0.404218 0.926148 0.302835 0.785548 0.30477
0 0.199638 0.827546 0.201635 0.673422 0.112079 0.671359 0.110082 0.825483
0 0.363504 0.788237 0.454866 0.788211 0.454844 0.65362 0.363482 0.653646
0 0.263316 0.599882 0.263692 0.450845 0.160314 0.450381 0.159938 0.599419
0 0.367354 0.79439 0.367434 0.662039 0.272458 0.661936 0.272377 0.794287
0 0.791107 0.312984 0.927518 0.301011 0.922895 0.20738 0.786484 0.219353
0 0.837376 0.996396 0.945797 0.995008 0.945032 0.888608 0.836611 0.889995
0 0.506087 0.586004 0.507034 0.456549 0.413373 0.455331 0.412427 0.584786
0 0.58008 0.360049 0.580482 0.268768 0.514299 0.268249 0.513897 0.35953
0 0.478205 0.466801 0.480007 0.319759 0.367264 0.317302 0.365461 0.464344
0 0.600465 0.840898 0.731697 0.837964 0.729491 0.66254 0.598259 0.665474
0 0.889309 0.224887 0.890302 0.0748194 0.760274 0.0732902 0.759281 0.223358
0 0.274003 0.798614 0.274392 0.669864 0.193205 0.669428 0.192817 0.798178
0 0.154278 0.414979 0.249471 0.389015 0.223107 0.217173 0.127913 0.243138
0 0.797463 0.513612 0.934817 0.511556 0.933859 0.397807 0.796505 0.399863
0 0.0408708 0.605837 0.154927 0.605542 0.154675 0.431951 0.0406184 0.432245
0 0.389464 0.112112 0.399321 -0.000117784 0.333321 -0.010424 0.323463 0.101805
0 0.639688 0.58412 0.728937 0.570462 0.7113 0.365574 0.622052 0.379231
0 0.311637 0.589009 0.377913 0.581667 0.369261 0.442821 0.302985 0.450163
0 0.612862 0.390586 0.703613 0.389993 0.703114 0.254392 0.612364 0.254985
0 0.607425 0.235785 0.677693 0.203796 0.637359 0.0462888 0.567092 0.0782779
0 0.588291 0.579764 0.648011 0.541235 0.606794 0.427661 0.547075 0.46619
0 0.100124 0.409073 0.154788 0.403823 0.146291 0.246514 0.0916262 0.251764
0 0.250071 0.112992 0.332284 0.112222 0.331677 -0.00309957 0.249463 -0.00232953
0 0.150184 0.156114 0.208252 0.138059 0.185701 0.00912464 0.127633 0.0271801
0 0.454644 0.795814 0.533183 0.777678 0.514804 0.636178 0.436264 0.654314
0 0.10799 1.00598 0.216848 1.00522 0.216529 0.923169 0.107671 0.923923
0 0.27297 0.332678 0.32534 0.32348 0.312198 0.190453 0.259828 0.199651
0 0.505779 0.289398 0.601029 0.224575 0.574363 0.154916 0.479113 0.219738
0 0.380393 0.3164 0.388004 0.18851 0.313764 0.180655 0.306153 0.308544
0 0.201861 0.143199 0.265917 0.127212 0.247379 -0.00483857 0.183323 0.0111483
0 0.382627 0.373873 0.462546 0.272522 0.416641 0.208171 0.336722 0.309522
0 0.06381 0.143457 0.0647182 0.0273073 -0.000198791 0.026405 -0.00110691 0.142555
0 0.260598 0.58369 0.31555 0.577285 0.306919 0.445645 0.251967 0.45205
0 0.524087 0.780014 0.568034 0.772351 0.5544 0.633343 0.510453 0.641006
0 0.846315 0.10712 0.851038 -0.0153402 0.74811 -0.0223969 0.743387 0.100064
0 0.0462279 0.799961 0.0475043 0.700566 -0.00201009 0.699435 -0.00328649 0.79883
0 -0.00249537 0.610051 0.0512148 0.609858 0.0509269 0.467643 -0.00278327 0.467836
0 0.939625 0.933631 0.9933 0.917421 0.963538 0.742231 0.909863 0.758441
0 0.452186 0.185001 0.534942 0.0849045 0.496145 0.0278817 0.413389 0.127978
0 0.841469 0.76758 0.955688 0.752903 0.948882 0.658745 0.834663 0.673422
0 0.55784 0.463599 0.615725 0.416023 0.576959 0.332171 0.519073 0.379747
0 0.0582507 0.378206 0.101341 0.374186 0.0948907 0.251268 0.0518005 0.255288
0 0.468308 1.02414 0.57949 1.00085 0.57213 0.938389 0.460948 0.96168
0 0.0729598 0.379758 0.0733926 0.24582 0.000625459 0.245402 0.000192697 0.37934
0 0.581235 0.110917 0.639271 0.0560603 0.582198 -0.0512827 0.524162 0.00357411
0 0.0515858 0.982429 0.0534041 0.786248 -0.0019969 0.785335 -0.00381526 0.981517
0 0.960394 0.0781568 1.00168 0.0770169 1.00059 0.00709952 0.959309 0.00823944
0 0.044739 0.999729 0.0448031 0.970433 -0.00256206 0.970249 -0.00262611 0.999545
0 0.916355 0.227376 1.00092 0.224638 0.999392 0.140579 0.914824 0.143317
0 0.434974 0.143891 0.484084 0.0251872 0.416183 -0.0247545 0.367073 0.0939488
0 0.70567 0.69189 0.759857 0.68885 0.756853 0.593662 0.702666 0.596702
0 0.0569074 0.0530116 0.0570662 0.00501275 0.00457659 0.00470406 0.00441781 0.0527029
0 0.100269 0.602184 0.166851 0.595975 0.159841 0.462351 0.0932592 0.46856
0 0.863325 0.0448142 0.976591 0.0413573 0.975764 -0.0067753 0.862498 -0.00331843
0 0.557946 0.668449 0.647743 0.659487 0.64621 0.632181 0.556413 0.641143
