0 0.396074 0.892895 0.396738 0.810831 0.265161 0.810232 0.264497 0.892296
0 0.739485 0.648586 0.771982 0.587429 0.639992 0.547979 0.607495 0.609136
0 0.662411 0.462829 0.665398 0.386374 0.538494 0.383585 0.535507 0.46004
0 -0.00377479 0.52084 0.1011 0.519642 0.0991627 0.424269 -0.0057123 0.425467
0 0.707115 0.751897 0.713386 0.644514 0.588862 0.640423 0.58259 0.747806
0 0.221417 0.574331 0.226381 0.495358 0.124947 0.491772 0.119983 0.570745
0 0.567037 0.615347 0.573576 0.52633 0.464824 0.521837 0.458285 0.610853
0 0.85163 0.644118 0.990383 0.604961 0.947209 0.518907 0.808457 0.558064
0 0.144309 1.02299 0.176505 0.938829 0.0830261 0.918714 0.0508301 1.00287
0 0.682479 1.00427 0.803084 0.96832 0.735214 0.840236 0.614609 0.876184
0 0.769388 0.591674 0.801031 0.52349 0.676125 0.490884 0.644482 0.559068
0 0.104406 0.877293 0.196364 0.877094 0.195921 0.762106 0.103963 0.762305
0 0.162742 0.692159 0.19515 0.610763 0.0993232 0.589302 0.0669157 0.670698
0 0.541768 0.464524 0.547143 0.383841 0.469159 0.380918 0.463784 0.461601
0 0.146141 0.382313 0.168094 0.292128 0.00724725 0.270104 -0.014706 0.360288
0 0.402283 0.457457 0.425473 0.36932 0.200667 0.336048 0.177477 0.424185
0 0.459158 0.770763 0.483215 0.711245 0.348452 0.680605 0.324394 0.740122
0 0.794307 0.55552 0.939555 0.519539 0.917188 0.46875 0.77194 0.504731
0 0.372808 1.02481 0.378747 0.938537 0.227107 0.932665 0.221167 1.01894
0 0.41832 1.0063 0.559285 1.00572 0.558684 0.923233 0.417718 0.923811
0 0.087645 0.663254 0.101206 0.582167 0.015908 0.574143 0.00234737 0.65523
0 0.954112 0.7744 1.04507 0.752926 0.99017 0.622113 0.89921 0.643586
0 0.706662 0.884844 0.736003 0.788195 0.612065 0.767031 0.582724 0.86368
0 0.402744 0.635095 0.406662 0.541261 0.284353 0.538388 0.280434 0.632222
0 0.591923 0.840985 0.73018 0.839984 0.729069 0.753694 0.590812 0.754695
0 0.85608 0.501991 0.914693 0.44568 0.834893 0.398957 0.77628 0.455268
0 0.940692 0.332806 1.08163 0.277567 0.959041 0.101644 0.818108 0.156884
0 0.761508 0.518072 0.918106 0.46684 0.879041 0.399671 0.722442 0.450902
0 0.889081 0.894779 1.01393 0.893484 1.01216 0.797481 0.887311 0.798776
0 0.565796 0.0996135 0.644733 0.0481215 0.536783 -0.0449648 0.457846 0.00652722
0 0.138391 0.887052 0.143939 0.746462 0.0230106 0.743778 0.0174621 0.884368
0 0.395858 0.427098 0.416185 0.369496 0.226693 0.331883 0.206366 0.389484
0 0.0435519 0.642161 0.0492403 0.559347 -0.00674368 0.557184 -0.0124321 0.639998
0 0.460567 0.459147 0.470929 0.378981 0.424876 0.375633 0.414514 0.455798
0 0.792349 1.04207 0.890004 0.984357 0.8387 0.935523 0.741046 0.993232
0 0.295657 0.621641 0.316542 0.473042 0.239608 0.46696 0.218723 0.615559
