0 0.566038 0.0784132 0.734305 0.0583524 0.7197 -0.0105588 0.551432 0.00950202
0 0.518616 0.582702 0.533677 0.49676 0.447212 0.488237 0.432151 0.574178
0 0.192429 0.627318 0.193025 0.537841 0.07766 0.537408 0.0770639 0.626886
0 0.351005 0.950579 0.351453 0.837773 0.213444 0.837465 0.212996 0.95027
0 0.335837 0.582681 0.44283 0.582644 0.442778 0.496553 0.335784 0.49659
0 0.596168 0.154292 0.764097 0.11478 0.734931 0.0450547 0.567002 0.0845671
0 0.637345 0.849902 0.63977 0.739861 0.490089 0.738006 0.487664 0.848047
0 0.67495 0.939555 0.676364 0.842382 0.550406 0.841351 0.548992 0.938524
0 0.77293 0.769773 0.773417 0.701556 0.685798 0.701205 0.685311 0.769421
0 0.0543132 0.954591 0.20636 0.954427 0.206111 0.823925 0.054064 0.824088
0 0.81206 0.678258 0.907482 0.650536 0.848268 0.53589 0.752846 0.563612
0 0.205571 0.811009 0.332834 0.791345 0.297693 0.663416 0.17043 0.68308
0 0.415791 0.941715 0.504041 0.936317 0.492678 0.83181 0.404428 0.837207
0 0.785219 0.934665 0.863949 0.905667 0.808796 0.821437 0.730066 0.850434
0 0.76219 0.582873 0.848038 0.548401 0.77124 0.440817 0.685392 0.475288
0 0.492653 0.187172 0.500364 0.0822398 0.345572 0.0758415 0.337861 0.180773
0 0.853275 0.939336 0.972774 0.928674 0.948159 0.773483 0.82866 0.784145
0 0.819161 0.793339 0.937068 0.792622 0.935975 0.691522 0.818068 0.692239
0 0.782893 0.288294 0.922536 0.206794 0.782465 0.0717944 0.642822 0.153294
0 0.421548 0.400563 0.423052 0.264309 0.214197 0.263012 0.212693 0.399266
0 0.199081 0.616455 0.277002 0.603141 0.247948 0.507498 0.170028 0.520812
0 0.225964 0.0992797 0.230605 0.0445868 -0.00376894 0.0334005 -0.00840968 0.0880933
0 0.270558 0.607314 0.353525 0.595313 0.327804 0.495291 0.244836 0.507292
0 0.133542 0.806625 0.206503 0.802579 0.194939 0.685266 0.121978 0.689312
0 0.363983 0.749306 0.433785 0.742437 0.416444 0.643308 0.346642 0.650176
0 0.0787914 0.608303 0.0808209 0.52975 -0.0026433 0.528537 -0.00467286 0.60709
0 0.673949 0.716896 0.801163 0.66924 0.766065 0.61654 0.638852 0.664197
0 0.507227 0.737016 0.516967 0.641744 0.418141 0.636061 0.408401 0.731332
0 0.510391 0.780088 0.616303 0.70453 0.555368 0.656485 0.449457 0.732043
0 0.347671 0.938181 0.420834 0.933266 0.40896 0.833847 0.335797 0.838762
0 0.402486 0.123385 0.487534 0.0363263 0.376823 -0.0245092 0.291776 0.0625498
0 0.239566 0.0554183 0.245689 0.00150832 0.0857395 -0.00871129 0.079616 0.0451987
0 0.604547 0.638052 0.712237 0.563178 0.660425 0.521259 0.552734 0.596134
0 -0.00316614 0.958399 0.0695785 0.957882 0.0682135 0.84969 -0.00453116 0.850206
0 0.69048 0.496905 0.77805 0.43725 0.711494 0.382294 0.623924 0.441948
0 0.444655 0.240581 0.559886 0.194312 0.523354 0.143135 0.408123 0.189404
0 0.739232 0.845379 0.818666 0.814266 0.771602 0.746678 0.692168 0.777792
0 0.0776544 0.783392 0.135197 0.780268 0.126372 0.688833 0.0688293 0.691957
0 0.833519 0.121585 0.91687 0.0807484 0.842261 -0.00491248 0.758909 0.0359241
0 0.0915651 0.784023 0.0931592 0.686491 0.00211448 0.685654 0.00052045 0.783186
0 0.226077 0.254629 0.236095 0.119183 0.0621373 0.111946 0.0521193 0.247392
0 0.071001 0.53397 0.0807934 0.46658 -0.000772963 0.459913 -0.0105654 0.527303
0 0.853433 0.179596 0.974877 0.11709 0.928628 0.0665453 0.807184 0.129051
0 0.0136205 0.269179 0.0851672 0.267692 0.0794517 0.11302 0.00790501 0.114507
0 1.01548 0.511544 1.10863 0.378215 0.944433 0.313688 0.851283 0.447018
0 0.583931 1.00473 0.704674 0.999734 0.703248 0.980352 0.582505 0.985349
0 0.816415 1.00035 0.935388 0.996764 0.934208 0.974766 0.815235 0.978356
0 0.742613 1.00453 0.840553 0.997603 0.838043 0.977629 0.740103 0.984552
0 0.595206 1.00204 0.595571 0.98447 0.496048 0.983305 0.495682 1.00088
0 1.00184 1.00056 1.0024 0.941852 0.933822 0.941484 0.933263 1.00019
0 0.192929 0.209158 0.194367 0.134672 0.0999637 0.133647 0.0985259 0.208133
0 0.5859 0.606689 0.641116 0.518177 0.54745 0.48531 0.492234 0.573821
0 0.65188 1.00399 0.742566 0.997341 0.740469 0.981245 0.649782 0.987892
0 0.325854 0.0570142 0.327323 -0.00196859 0.228044 -0.00336006 0.226575 0.0556227
0 0.97455 0.131793 1.03066 0.0904254 0.958645 0.035486 0.902538 0.0768536
0 0.134455 0.95218 0.222513 0.947773 0.213495 0.846405 0.125437 0.850812
0 0.979043 0.0717798 1.01738 0.0102475 0.923384 -0.0226911 0.88505 0.0388412
0 0.625606 0.451946 0.772746 0.315072 0.582752 0.200185 0.435612 0.337059
0 0.423306 1.00119 0.490362 1.00072 0.490167 0.985151 0.423111 0.985622
0 0.308159 0.205898 0.358048 0.192335 0.326617 0.127301 0.276728 0.140864
