0 0.247665 0.927431 0.382286 0.900034 0.372502 0.814562 0.237881 0.841958
0 0.228514 0.849004 0.350266 0.823199 0.340383 0.740299 0.218631 0.766105
0 -0.00387532 0.724929 0.14172 0.682371 0.123391 0.570895 -0.0222044 0.613453
0 0.0723359 0.981731 0.203013 0.945919 0.188129 0.849362 0.0574513 0.885174
0 0.0565873 0.893499 0.177682 0.855621 0.160553 0.758269 0.0394582 0.796147
0 0.0366031 0.806533 0.165189 0.761273 0.147038 0.669593 0.0184513 0.714853
0 0.720383 0.952926 0.724654 0.800906 0.6027 0.794815 0.598429 0.946835
0 0.21408 0.772755 0.33772 0.743566 0.327448 0.666214 0.203808 0.695403
0 0.580914 0.723132 0.690597 0.665492 0.659234 0.559393 0.549551 0.617032
0 0.488505 0.534268 0.61723 0.456865 0.590078 0.376587 0.461353 0.453989
0 0.52831 0.634865 0.662525 0.565734 0.630491 0.455169 0.496276 0.524299
0 0.582393 0.812559 0.715429 0.772074 0.697769 0.668905 0.564733 0.70939
0 0.262206 1.01331 0.401287 0.97488 0.388366 0.891742 0.249285 0.930168
0 0.199255 0.705771 0.336497 0.670818 0.320398 0.558439 0.183156 0.593392
0 0.26572 0.512149 0.269401 0.345444 0.144465 0.34054 0.140784 0.507245
0 0.178549 0.609439 0.321825 0.567144 0.306759 0.476411 0.163483 0.518706
0 0.897901 0.738221 0.898004 0.647199 0.825208 0.647053 0.825105 0.738075
0 0.941218 0.851986 0.9434 0.720388 0.82842 0.716998 0.826238 0.848596
0 0.156714 0.127486 0.158347 -0.00298712 0.0580932 -0.00521781 0.0564602 0.125255
0 0.254771 0.433062 0.344605 0.432351 0.344069 0.312029 0.254236 0.31274
0 0.306228 0.225417 0.306552 0.0975665 0.213313 0.0971461 0.212989 0.224997
0 1.00253 0.84234 1.00326 0.697874 0.947071 0.697368 0.94634 0.841834
0 0.179646 0.260254 0.232093 0.240409 0.209576 0.134613 0.157129 0.154458
0 0.108731 0.289284 0.195598 0.260155 0.163353 0.0892038 0.0764858 0.118333
0 0.301776 0.212247 0.432846 0.169507 0.417853 0.0877675 0.286783 0.130508
0 0.513276 0.873537 0.57086 0.853967 0.561971 0.807467 0.504387 0.827037
0 0.913553 0.66584 0.913869 0.525743 0.794206 0.525263 0.79389 0.66536
0 0.353422 0.431189 0.430946 0.396723 0.397231 0.26191 0.319707 0.296377
0 0.51337 0.468851 0.584877 0.339118 0.45667 0.213491 0.385163 0.343224
0 -0.00929918 0.560272 0.0927727 0.559471 0.0921092 0.409281 -0.00996273 0.410083
0 0.949387 1.00564 0.950407 0.937796 0.860043 0.93538 0.859023 1.00322
0 0.952528 0.633445 1.03194 0.613846 1.00578 0.425418 0.926368 0.445017
0 0.419877 0.381284 0.475384 0.357408 0.450681 0.255307 0.395174 0.279183
0 0.392138 0.16888 0.444984 0.102859 0.349514 -0.0329958 0.296668 0.0330245
0 0.99769 0.99849 0.998543 0.933342 0.947917 0.932163 0.947064 0.997311
0 0.085972 1.03133 0.20914 0.99891 0.200246 0.938828 0.0770776 0.971244
0 -0.00816549 0.345845 0.0443742 0.340958 0.0368079 0.196326 -0.0157317 0.201212
0 0.921781 0.613333 0.96178 0.603942 0.944478 0.472937 0.904479 0.482328
0 0.0229317 0.212385 0.0231749 0.0876504 0.000107507 0.0875704 -0.000135717 0.212305
0 0.328723 0.060947 0.33081 -0.0196329 0.246077 -0.0235341 0.24399 0.0570458
0 0.106686 0.596302 0.106937 0.526542 0.0436315 0.526137 0.04338 0.595896
0 0.760526 1.00558 0.845631 1.00543 0.845562 0.934636 0.760456 0.934784
0 0.864026 0.620631 0.922077 0.619374 0.921064 0.536193 0.863013 0.53745
0 0.311915 1.00828 0.394524 1.00079 0.392704 0.96513 0.310095 0.972626
0 0.444018 1.00429 0.504343 0.998956 0.503329 0.97857 0.443003 0.983907
