0 0.154324 1.0029 0.270136 0.929153 0.239769 0.844374 0.123957 0.918122
0 0.574535 0.762687 0.670779 0.761743 0.6702 0.65667 0.573955 0.657614
0 0.0638384 0.370234 0.17033 0.369705 0.169949 0.233363 0.0634577 0.233892
0 0.259949 0.341771 0.353125 0.292426 0.302282 0.121755 0.209107 0.1711
0 0.612333 0.38276 0.615956 0.260372 0.522694 0.255463 0.51907 0.377851
0 0.164298 0.509886 0.171765 0.408493 0.055267 0.39324 0.0478 0.494634
0 0.0467315 0.178911 0.0474517 0.0944204 -0.00509038 0.0936241 -0.00581064 0.178115
0 0.830193 0.957034 0.90402 0.942285 0.885529 0.777734 0.811701 0.792483
0 0.610417 0.829208 0.691186 0.808872 0.681367 0.739541 0.600598 0.759877
0 0.776355 0.558894 0.848837 0.537874 0.816929 0.342279 0.744448 0.363299
0 0.131774 0.689834 0.148804 0.557134 0.0243727 0.528745 0.0073428 0.661445
0 0.274892 0.911464 0.363596 0.85874 0.33807 0.782394 0.249366 0.835118
0 0.482328 0.536719 0.498456 0.449483 0.42074 0.423942 0.404613 0.511178
0 0.50311 0.293403 0.613993 0.226309 0.546815 0.0289335 0.435931 0.0960273
0 0.61866 0.535208 0.647311 0.436877 0.575441 0.39965 0.546791 0.497981
0 0.909113 0.690862 0.948633 0.673005 0.92198 0.568138 0.88246 0.585995
0 0.294143 0.165712 0.297252 0.022991 0.196612 0.0190938 0.193504 0.161815
0 0.628384 0.987536 0.708591 0.985875 0.70675 0.827834 0.626543 0.829495
0 0.972069 0.396595 1.02921 0.334938 0.965301 0.229646 0.90816 0.291303
0 0.0529218 0.85641 0.0737454 0.753168 0.00109353 0.727117 -0.0197301 0.830359
0 0.730515 0.329261 0.805022 0.305332 0.777473 0.152843 0.702967 0.176772
0 0.84329 0.816754 0.933835 0.69703 0.838209 0.568461 0.747664 0.688185
0 0.425431 0.846918 0.461912 0.780228 0.410173 0.729913 0.373692 0.796602
0 0.866543 0.25814 0.947652 0.187292 0.916802 0.124503 0.835693 0.195351
0 0.850973 0.199233 0.918164 0.129521 0.862789 0.0346381 0.795599 0.10435
0 0.690953 0.145667 0.765159 0.117728 0.733078 -0.0337444 0.658873 -0.00580445
0 0.0647209 1.05115 0.160147 1.00446 0.135995 0.916707 0.0405693 0.963395
0 0.456816 0.878607 0.547361 0.790404 0.491048 0.687633 0.400503 0.775836
0 0.0303422 0.351367 0.0341445 0.269839 -0.0050854 0.266586 -0.00888769 0.348114
0 0.34872 1.01197 0.414965 1.01084 0.414347 0.946527 0.348102 0.947659
0 1.01497 0.655455 1.02138 0.544198 0.946912 0.53658 0.940509 0.647837
0 1.00131 0.975673 1.00135 0.839161 0.973074 0.839145 0.973031 0.975657
0 0.4026 0.849777 0.51167 0.793425 0.488632 0.714152 0.379562 0.770504
0 0.0546887 0.252676 0.0552715 0.17932 0.000531459 0.178547 -5.12949e-05 0.251903
0 0.446478 1.02444 0.564992 0.999982 0.558888 0.947394 0.440374 0.97185
0 0.536977 0.742928 0.587728 0.741367 0.586453 0.667702 0.535702 0.669263
0 0.209543 0.108237 0.287097 0.0787852 0.26914 -0.00527531 0.191586 0.024177
0 0.370876 0.45427 0.413635 0.340538 0.336233 0.288803 0.293473 0.402536
0 0.405329 0.307685 0.443336 0.256888 0.395625 0.193427 0.357619 0.244225
0 0.203425 0.0190367 0.284816 0.0155013 0.284365 -0.00296888 0.202974 0.000566505
0 0.253619 1.00715 0.308098 1.00567 0.307301 0.953621 0.252822 0.955103
0 0.504921 0.275618 0.603478 0.226351 0.575587 0.127158 0.477029 0.176425
0 0.9286 0.0430236 1.00246 0.0423218 1.00221 -0.00435145 0.92835 -0.00364966
