0 0.225037 0.916136 0.326049 0.875723 0.299451 0.809241 0.198439 0.849654
0 0.19868 0.852075 0.303299 0.812392 0.284279 0.762249 0.179661 0.801933
0 0.595064 0.550345 0.610466 0.492959 0.555072 0.478092 0.53967 0.535478
0 0.94173 0.766581 1.01983 0.675761 0.974983 0.637202 0.896888 0.728022
0 0.20248 0.625953 0.259378 0.591292 0.213626 0.516186 0.156728 0.550847
0 0.964203 0.339593 0.994195 0.271677 0.898276 0.229318 0.868284 0.297235
0 0.54088 0.463164 0.585598 0.443069 0.552592 0.369618 0.507874 0.389713
0 0.4324 0.716063 0.436152 0.625623 0.339336 0.621606 0.335584 0.712046
0 0.542143 0.27602 0.639475 0.234953 0.609371 0.163606 0.51204 0.204673
0 0.665391 0.622922 0.7723 0.621061 0.770516 0.51856 0.663607 0.520421
0 0.38461 0.334786 0.392736 0.246037 0.301544 0.237687 0.293419 0.326437
0 0.735877 0.304516 0.81433 0.152736 0.728999 0.108631 0.650547 0.260411
0 0.587455 0.191171 0.59052 0.113105 0.5079 0.109862 0.504836 0.187928
0 0.638585 0.340535 0.662139 0.257847 0.57751 0.233741 0.553957 0.316429
0 0.383307 0.774816 0.476377 0.731491 0.454463 0.684415 0.361393 0.72774
0 0.575107 0.919075 0.722713 0.837339 0.669077 0.740479 0.521471 0.822215
0 0.128838 0.575854 0.14339 0.503999 0.0699478 0.489126 0.0553964 0.560981
0 0.759334 0.435232 0.845295 0.401035 0.814494 0.32361 0.728533 0.357807
0 0.0732522 0.924478 0.184503 0.876674 0.153415 0.804326 0.0421645 0.85213
0 0.470441 0.688469 0.577895 0.658245 0.557917 0.587218 0.450462 0.617442
0 0.33445 0.511546 0.338492 0.413292 0.227632 0.408733 0.223591 0.506986
0 0.255965 0.968384 0.348675 0.931041 0.323696 0.869027 0.230986 0.90637
0 0.223943 0.449226 0.332314 0.406762 0.314941 0.362422 0.206569 0.404886
0 0.943675 0.426078 0.96505 0.322875 0.891794 0.307703 0.870419 0.410905
0 0.197165 0.720404 0.301771 0.679701 0.276738 0.615367 0.172132 0.656069
0 0.591333 0.81654 0.614452 0.728524 0.525506 0.70516 0.502386 0.793177
0 0.724256 0.366372 0.826585 0.334415 0.800957 0.252355 0.698628 0.284312
0 0.186246 0.647674 0.188738 0.554162 0.0881455 0.551481 0.085654 0.644994
0 0.281951 0.592547 0.394096 0.543724 0.360935 0.467552 0.248789 0.516375
0 0.993075 0.278862 1.02202 0.213227 0.948375 0.180754 0.919433 0.246389
0 0.0375304 0.49773 0.128568 0.463188 0.108829 0.411166 0.0177917 0.445708
0 0.20338 0.413186 0.311009 0.368182 0.293197 0.325585 0.185569 0.370588
0 0.485537 0.310014 0.547381 0.252395 0.485766 0.186261 0.423922 0.24388
0 0.671951 0.533424 0.757267 0.513155 0.745991 0.465693 0.660675 0.485963
0 0.551226 0.556028 0.55422 0.507043 0.504549 0.504007 0.501555 0.552992
0 0.476591 0.50946 0.486807 0.418014 0.388344 0.407014 0.378128 0.498461
0 0.58268 0.445068 0.626014 0.42518 0.594606 0.356747 0.551273 0.376634
0 0.337873 0.644946 0.416122 0.61415 0.398423 0.569179 0.320173 0.599976
0 0.693948 0.421582 0.701442 0.321782 0.594743 0.31377 0.58725 0.413571
0 0.506292 0.479679 0.545184 0.462575 0.514653 0.393149 0.47576 0.410253
0 0.813704 0.123424 0.872291 0.00695305 0.801344 -0.0287351 0.742756 0.087736
0 0.818849 0.868878 0.902407 0.825032 0.863877 0.751605 0.780319 0.795451
0 0.433789 0.592953 0.519702 0.561986 0.503981 0.518369 0.418068 0.549336
0 0.175928 0.806311 0.289385 0.772392 0.26353 0.685909 0.150073 0.719828
0 0.282835 0.663538 0.335365 0.663073 0.334887 0.609089 0.282357 0.609554
0 0.476811 0.0866478 0.55664 0.0578636 0.535044 -0.00202952 0.455215 0.0267546
0 0.0444899 0.616405 0.046039 0.558878 -0.00501522 0.557503 -0.00656433 0.61503
0 0.0338086 0.792527 0.143944 0.748139 0.118646 0.685372 0.00851106 0.72976
0 0.0826423 0.725807 0.0950007 0.641241 0.00415321 0.627964 -0.00820513 0.712531
0 0.054777 0.654669 0.0580829 0.607713 -0.00277666 0.603428 -0.00608253 0.650384
0 0.731143 0.958264 0.834596 0.859746 0.798228 0.821556 0.694775 0.920075
0 0.496716 0.129484 0.577931 0.103084 0.561618 0.0528992 0.480403 0.0792989
0 0.0179037 0.304686 0.0580325 0.260768 0.00150261 0.209116 -0.0386261 0.253033
0 0.44301 0.893962 0.531132 0.861623 0.507318 0.796731 0.419196 0.82907
0 0.174778 0.376295 0.298785 0.264961 0.22659 0.184549 0.102584 0.295883
0 0.471138 1.02041 0.582341 0.979671 0.564693 0.931503 0.45349 0.972246
0 0.490299 0.733416 0.568661 0.714324 0.557299 0.667692 0.478937 0.686783
0 0.0391508 0.469465 0.114501 0.411121 0.0344658 0.307758 -0.0408842 0.366103
0 0.657919 0.501809 0.742613 0.470156 0.723085 0.417905 0.638391 0.449558
0 0.400715 0.801225 0.489473 0.764993 0.474015 0.727124 0.385256 0.763357
0 0.461343 0.977445 0.564721 0.940134 0.536227 0.861187 0.43285 0.898498
0 0.415649 0.834335 0.503938 0.80493 0.489573 0.761799 0.401284 0.791204
0 0.450044 0.623196 0.541319 0.592478 0.527251 0.550676 0.435976 0.581394
0 0.48684 0.482027 0.53111 0.464462 0.507432 0.404786 0.463162 0.422352
0 0.839544 0.79313 0.875594 0.694745 0.775605 0.658108 0.739556 0.756493
0 0.621698 0.539202 0.670574 0.50215 0.63182 0.451029 0.582944 0.48808
0 0.0739253 0.82004 0.152723 0.800007 0.140182 0.750679 0.0613843 0.770712
0 0.86797 0.483987 0.925432 0.448925 0.878329 0.371731 0.820868 0.406793
0 0.37734 0.449411 0.446784 0.395842 0.397885 0.332453 0.328441 0.386022
0 0.32394 0.234451 0.367694 0.146145 0.277825 0.101617 0.234071 0.189922
0 0.248747 0.58656 0.289316 0.566125 0.25954 0.507011 0.21897 0.527447
0 0.997053 0.211075 1.03731 0.121259 0.979753 0.0954622 0.939497 0.185278
0 0.752496 0.721172 0.84371 0.649203 0.779848 0.568264 0.688634 0.640233
0 0.190962 0.0834235 0.238315 -0.00456277 0.162748 -0.0452326 0.115395 0.0427536
0 0.150754 1.06427 0.252163 0.974398 0.165779 0.876921 0.0643704 0.96679
0 0.731509 0.0405912 0.741595 -0.00379051 0.671216 -0.0197837 0.661131 0.024598
0 0.0959405 0.183353 0.155352 0.0931529 0.07352 0.0392526 0.0141083 0.129453
0 0.944251 0.463033 1.00345 0.46218 1.00181 0.347982 0.942604 0.348836
0 0.641953 1.03125 0.753587 0.948538 0.705029 0.882997 0.593394 0.965706
0 0.820432 0.549012 0.895262 0.513645 0.839883 0.39647 0.765052 0.431837
0 0.172593 0.235955 0.224982 0.180873 0.143284 0.103171 0.0908959 0.158253
0 0.0498009 0.512426 0.132036 0.492707 0.123925 0.45888 0.0416895 0.478599
0 0.47717 0.342897 0.47918 0.284007 0.4143 0.281792 0.41229 0.340683
0 0.0809108 0.280906 0.134972 0.223748 0.0261033 0.120779 -0.0279577 0.177937
0 0.618706 0.979637 0.72268 0.900797 0.681918 0.847039 0.577943 0.925879
0 1.00088 0.0902181 1.00273 0.031075 0.970965 0.0300763 0.969106 0.0892194
0 0.293098 0.266014 0.37059 0.234603 0.355118 0.196433 0.277626 0.227844
0 0.675501 0.123286 0.703744 0.0102842 0.610373 -0.013052 0.58213 0.0999499
0 -0.00211411 0.570634 0.0283099 0.569791 0.0264871 0.504048 -0.00393699 0.504891
0 0.291955 1.02231 0.360811 0.994268 0.339522 0.941991 0.270667 0.97003
0 0.447911 0.0312263 0.535919 0.0162118 0.530414 -0.0160538 0.442406 -0.0010393
0 0.481439 0.055066 0.526586 -0.00621508 0.481253 -0.039613 0.436106 0.0216681
0 0.950452 0.779014 1.00289 0.776738 0.999785 0.705214 0.947347 0.70749
0 0.80726 0.149077 0.840783 0.0707762 0.767781 0.0395227 0.734259 0.117824
0 0.246791 0.171102 0.302851 0.11851 0.232215 0.0432176 0.176156 0.0958098
0 0.73976 0.297869 0.792006 0.210024 0.712902 0.162977 0.660656 0.250821
0 0.0344017 0.348156 0.0357046 0.289418 -0.00651192 0.288481 -0.00781488 0.34722
0 0.608388 0.632162 0.672626 0.592174 0.645898 0.549238 0.58166 0.589225
0 0.529828 1.00782 0.588775 1.00342 0.586111 0.967712 0.527164 0.97211
0 0.728791 1.00752 0.787173 1.00675 0.786553 0.959823 0.728172 0.960594
0 0.819788 0.543603 0.893529 0.505957 0.861279 0.442786 0.787538 0.480432
0 0.641041 0.0512589 0.641548 -0.00518756 0.578327 -0.00575526 0.57782 0.0506912
0 1.00149 0.140344 1.00482 0.0891144 0.97446 0.0871465 0.971139 0.138376
0 0.335673 0.377173 0.419205 0.343771 0.404684 0.307457 0.321152 0.340859
0 0.0741741 0.0622663 0.0767365 -0.0123258 -0.00629 -0.0151779 -0.00885232 0.0594142
0 0.0325418 0.181674 0.0562211 0.136185 0.0132789 0.113831 -0.0104004 0.15932
0 0.67338 0.128508 0.726466 0.0352655 0.693041 0.0162354 0.639955 0.109478
0 0.239871 0.0718352 0.31381 0.00700375 0.270609 -0.0422647 0.196671 0.0225668
0 0.0125764 1.00644 0.107907 0.962924 0.0771354 0.895521 -0.0181947 0.939041
0 0.31454 0.0942661 0.346519 0.0577169 0.305223 0.0215842 0.273244 0.0581334
0 0.8788 0.0232996 0.881314 -0.000303889 0.810078 -0.00789191 0.807563 0.0157116
