0 0.821033 1.00113 0.994391 0.85257 0.781098 0.603678 0.607741 0.752241
0 0.432619 0.556247 0.63309 0.405708 0.556945 0.304306 0.356474 0.454845
0 0.367324 0.43648 0.563156 0.288581 0.479533 0.177856 0.283701 0.325755
0 0.730323 0.198494 0.808492 0.151132 0.723527 0.0109025 0.645359 0.0582646
0 0.28515 0.328016 0.481398 0.184064 0.411196 0.0883593 0.214948 0.232311
0 0.210399 0.902421 0.385679 0.779729 0.334818 0.707069 0.159539 0.829761
0 0.87376 0.397684 0.968817 0.333417 0.827469 0.124349 0.732411 0.188616
0 0.0397184 0.654381 0.238194 0.49624 0.152258 0.388386 -0.0462176 0.546527
0 0.175149 0.823279 0.356952 0.701362 0.307725 0.627954 0.125922 0.749871
0 0.645211 0.655711 0.747375 0.59509 0.631065 0.399075 0.528901 0.459696
0 0.21614 0.252142 0.418032 0.0876115 0.342255 -0.00537277 0.140363 0.159157
0 0.25813 0.968455 0.435403 0.846202 0.386426 0.775184 0.209154 0.897437
0 0.156399 0.175072 0.357264 0.022315 0.26511 -0.0988623 0.0642445 0.0538943
0 0.133475 0.770283 0.31487 0.625638 0.223105 0.510559 0.0417106 0.655205
0 -0.00371671 0.447992 0.133544 0.33347 0.0707577 0.258217 -0.0665031 0.372739
0 0.0815056 1.0677 0.156523 0.967689 0.0465193 0.885175 -0.0284978 0.985184
0 0.964605 0.3627 1.09396 0.292561 0.988768 0.0985671 0.859415 0.168706
0 0.307511 1.0688 0.476433 0.95331 0.404287 0.847781 0.235365 0.963267
0 0.937554 1.01263 0.939188 0.898104 0.807324 0.896223 0.80569 1.01075
0 0.634126 1.02234 0.771414 0.940617 0.671122 0.772143 0.533835 0.853869
0 0.695673 0.691989 0.779135 0.637877 0.754062 0.599205 0.6706 0.653317
0 0.985357 0.464948 1.04591 0.34654 0.929832 0.287186 0.869284 0.405593
0 0.607742 0.05776 0.718717 0.0568421 0.718112 -0.0163334 0.607137 -0.0154156
0 0.0175125 0.944166 0.0867234 0.897109 0.00592661 0.778275 -0.0632842 0.825332
0 0.390961 1.00008 0.497898 0.998056 0.496671 0.933211 0.389734 0.935234
0 0.0483302 0.280567 0.0578025 0.192089 -0.0120182 0.184614 -0.0214905 0.273092
0 0.874223 0.222948 1.04202 0.0498325 0.859423 -0.127158 0.691624 0.0459578
0 0.51427 0.796948 0.632476 0.699149 0.499512 0.538439 0.381305 0.636238
0 0.0458489 0.0542235 0.164447 0.0483935 0.161784 -0.00578012 0.0431859 4.98281e-05
0 0.970834 1.00991 1.02037 1.00189 1.00245 0.89128 0.952914 0.899306
0 0.000774421 0.321258 0.108214 0.320965 0.10768 0.124678 0.000240363 0.12497
0 0.692762 1.04563 0.750921 0.981357 0.69868 0.934088 0.640522 0.998363
0 0.389008 1.02117 0.485295 1.01423 0.480308 0.944985 0.384022 0.951919
