0 0.275337 0.849851 0.281484 0.711367 0.107975 0.707035 0.101828 0.845519
0 0.351168 0.185834 0.354702 0.0528783 0.162538 0.0500051 0.159004 0.182961
0 0.286134 0.307425 0.286734 0.175473 0.11622 0.175037 0.11562 0.306989
0 0.599998 0.665364 0.602568 0.552434 0.434595 0.550284 0.432025 0.663213
0 0.721235 0.999396 0.724422 0.85773 0.553436 0.855566 0.550249 0.997232
0 0.266199 0.964422 0.268475 0.848526 0.121133 0.846899 0.118857 0.962794
0 0.437319 0.672374 0.437386 0.560961 0.271236 0.560904 0.271168 0.672317
0 0.82056 0.529325 0.935545 0.502078 0.869895 0.346238 0.75491 0.373485
0 0.765653 0.864159 0.76902 0.740084 0.643975 0.738176 0.640609 0.862251
0 0.579786 0.07551 0.582796 0.00665176 0.401383 0.00218993 0.398372 0.0710482
0 0.00102768 0.250141 0.122851 0.249565 0.122007 0.149236 0.00018392 0.149812
0 0.720382 0.760122 0.723604 0.635108 0.561138 0.632753 0.557916 0.757767
0 0.745084 0.386326 0.852656 0.381075 0.835467 0.183021 0.727895 0.188273
0 0.100092 1.00292 0.255773 1.00034 0.254667 0.962834 0.098986 0.965417
0 0.411723 0.0393351 0.412234 -0.00113074 0.356156 -0.00152948 0.355644 0.0389363
0 0.982785 0.364726 1.12212 0.266902 0.926047 0.109809 0.786712 0.207633
0 0.0421031 0.67237 0.0442243 0.588543 -0.000137158 0.587912 -0.00225835 0.671738
0 0.159947 1.03138 0.239578 1.00878 0.200305 0.930941 0.120675 0.953539
0 0.421575 0.0143628 0.579013 0.0138617 0.578916 -0.00325719 0.421478 -0.00275614
