0 0.539716 0.13917 0.544285 0.0180923 0.466019 0.015139 0.461451 0.136216
0 0.535294 0.298917 0.536861 0.194613 0.394272 0.19247 0.392705 0.296774
0 0.803595 0.458785 0.806378 0.364844 0.715626 0.362155 0.712843 0.456096
0 0.814559 0.56352 0.816572 0.458228 0.709687 0.456186 0.707675 0.561478
0 0.259963 0.651125 0.340499 0.546104 0.275576 0.496317 0.19504 0.601338
0 0.200351 0.582392 0.286127 0.500171 0.236202 0.448088 0.150427 0.530309
0 0.679994 0.146914 0.685515 0.00193389 0.577093 -0.00219487 0.571572 0.142786
0 0.34524 0.324972 0.349327 0.224627 0.264771 0.221183 0.260684 0.321529
0 0.650383 0.552616 0.651875 0.464563 0.545353 0.462758 0.54386 0.550811
0 0.102191 0.493031 0.182327 0.402748 0.111702 0.34006 0.0315654 0.430343
0 0.66252 0.429261 0.666475 0.343506 0.558093 0.338507 0.554138 0.424262
0 0.326821 0.417912 0.336517 0.320637 0.22989 0.310008 0.220193 0.407283
0 0.950455 0.550269 0.950978 0.453002 0.848748 0.452452 0.848224 0.549718
0 0.467919 0.546136 0.478776 0.434289 0.386037 0.425287 0.37518 0.537134
0 0.644752 0.698534 0.647986 0.615689 0.552887 0.611976 0.549652 0.694821
0 0.728832 0.293665 0.863902 0.292947 0.863361 0.191086 0.728291 0.191803
0 0.811413 0.211614 0.837943 0.1063 0.737664 0.0810393 0.711134 0.186354
0 0.794858 0.365729 0.796326 0.286454 0.72455 0.285124 0.723081 0.364399
0 0.648894 0.619746 0.651153 0.548298 0.552572 0.545181 0.550313 0.616628
0 0.990188 0.659176 0.991176 0.544185 0.876241 0.543197 0.875253 0.658188
0 0.67324 0.34883 0.677049 0.214498 0.544446 0.210738 0.540638 0.345071
0 0.492449 0.389445 0.494609 0.33288 0.392211 0.328969 0.39005 0.385534
0 0.489101 0.442452 0.493144 0.385813 0.394644 0.378781 0.3906 0.435419
0 0.655679 0.472812 0.658639 0.422912 0.558822 0.416989 0.555862 0.46689
0 0.817125 0.461867 0.915997 0.461267 0.915402 0.363298 0.81653 0.363898
0 0.15627 0.540919 0.237053 0.456407 0.183806 0.405509 0.103023 0.490021
0 0.590143 0.144659 0.597219 0.0476747 0.541921 0.04364 0.534845 0.140624
0 0.464642 0.145864 0.466163 0.0731403 0.410794 0.0719822 0.409273 0.144706
0 0.370029 0.750872 0.462028 0.652687 0.339397 0.537781 0.247398 0.635966
0 0.0866843 0.683285 0.108382 0.586033 0.0194404 0.56619 -0.00225703 0.663442
0 0.804723 0.722951 0.804748 0.661034 0.713464 0.660997 0.713439 0.722914
0 0.257506 0.204816 0.348962 0.0815666 0.257805 0.0139244 0.166349 0.137174
0 0.891763 0.374283 0.892939 0.28811 0.808147 0.286953 0.806972 0.373127
0 0.935033 0.256578 1.03366 0.199773 0.9897 0.123443 0.891071 0.180248
0 0.871653 0.112706 1.02138 0.0605844 0.987968 -0.0353978 0.838241 0.0167235
0 0.702805 0.668231 0.81373 0.667186 0.812986 0.588187 0.702061 0.589232
0 0.476794 0.600468 0.542905 0.507126 0.483669 0.465172 0.417558 0.558513
0 0.422674 0.768093 0.503096 0.678307 0.454011 0.634341 0.373589 0.724127
0 0.931421 0.77952 1.02761 0.722085 0.980226 0.642721 0.884034 0.700156
0 0.462538 0.800928 0.539617 0.713921 0.496898 0.676076 0.419818 0.763083
0 0.184321 0.225154 0.229529 0.191813 0.163599 0.102417 0.118391 0.135757
0 1.01782 0.945902 1.022 0.842396 0.920345 0.838284 0.916159 0.94179
0 0.291198 0.854127 0.348547 0.789237 0.216668 0.672685 0.15932 0.737575
0 0.148197 0.244912 0.1657 0.166449 0.0875723 0.149021 0.0700693 0.227483
0 0.696748 0.875774 0.792153 0.874285 0.791021 0.801702 0.695615 0.80319
0 0.702 0.793681 0.813658 0.793448 0.813507 0.720861 0.701849 0.721094
0 0.620871 0.951159 0.622949 0.893704 0.465294 0.888004 0.463217 0.945459
0 0.893097 1.00145 0.893217 0.935083 0.821098 0.934953 0.820979 1.00132
0 0.804618 0.612856 0.806275 0.567701 0.709976 0.564167 0.708319 0.609322
0 0.0181101 0.148989 0.126154 0.0324266 0.0828274 -0.00773319 -0.0252161 0.108829
0 0.814749 1.00521 0.816474 0.894483 0.681928 0.892387 0.680203 1.00311
0 0.633913 1.00311 0.634772 0.940533 0.50053 0.93869 0.499671 1.00126
0 0.996698 0.829103 0.998461 0.75054 0.91584 0.748686 0.914077 0.827249
0 0.128906 0.995961 0.199136 0.929821 0.15105 0.878761 0.0808198 0.944901
0 0.588825 0.320687 0.594799 0.219956 0.537287 0.216546 0.531313 0.317276
0 0.366193 0.0651437 0.40996 0.000857346 0.360249 -0.0329858 0.316483 0.0313006
0 0.51329 0.844873 0.593731 0.760454 0.541622 0.7108 0.46118 0.79522
0 0.540267 0.868953 0.612718 0.792988 0.571613 0.753785 0.499162 0.82975
0 0.0899899 0.839866 0.15216 0.76485 0.0156455 0.651713 -0.0465246 0.726728
0 1.01352 0.31566 1.02753 0.22713 0.940759 0.213402 0.926752 0.301932
0 0.0298549 0.375553 0.0726169 0.285119 -0.000868723 0.250371 -0.0436307 0.340805
0 0.967622 0.382779 1.00377 0.381214 1.00143 0.327201 0.965284 0.328765
0 0.635897 0.903095 0.646361 0.801786 0.564997 0.793382 0.554534 0.894692
0 0.243236 0.364258 0.268063 0.280061 0.179912 0.254068 0.155085 0.338264
0 0.0295062 0.436488 0.0516751 0.382006 -0.00321934 0.35967 -0.0253882 0.414151
0 0.0874614 0.832402 0.138138 0.753977 0.0903929 0.723125 0.0397161 0.80155
0 0.0689783 0.0391005 0.148476 0.0370069 0.147402 -0.00378219 0.0679041 -0.0016886
0 0.98093 0.432146 1.00197 0.432123 1.00191 0.377236 0.98087 0.377259
0 0.950838 1.0005 1.00161 0.999392 1.00023 0.935586 0.949449 0.936691
0 0.207294 0.904768 0.273989 0.837285 0.231002 0.7948 0.164307 0.862283
0 0.0293606 0.171693 0.0306016 0.114431 -0.000285602 0.113761 -0.00152658 0.171023
0 0.816929 0.102055 0.818379 0.000833545 0.706594 -0.000768375 0.705143 0.100453
0 0.226997 0.968978 0.331977 0.86449 0.286246 0.818543 0.181266 0.923032
0 0.101584 0.605996 0.133265 0.568444 0.0829892 0.52603 0.0513087 0.563582
0 0.543481 0.643713 0.569221 0.575976 0.498733 0.549191 0.472993 0.616927
0 0.961268 0.343945 1.0041 0.342213 1.00204 0.291215 0.959205 0.292947
0 0.342977 0.028871 0.343284 -0.00370296 0.299381 -0.00411731 0.299074 0.0284567
0 0.237264 1.04309 0.303295 0.977922 0.238213 0.91198 0.172182 0.97715
0 0.00191874 1.00639 0.0856988 1.00508 0.0846401 0.937119 0.000860043 0.938425
0 0.821691 0.827357 0.865819 0.826305 0.863524 0.730044 0.819396 0.731096
0 0.73235 0.998615 0.733335 0.94657 0.68168 0.945592 0.680696 0.997637
0 0.971817 0.816762 1.00216 0.815951 1.00063 0.75878 0.970289 0.759591
0 0.209421 1.02105 0.225778 0.971661 0.180388 0.956629 0.16403 1.00602
