0 0.524783 0.778815 0.531533 0.590383 0.404145 0.582271 0.397395 0.770703
0 0.539671 0.949634 0.54672 0.758098 0.40463 0.748801 0.397581 0.940338
0 0.430283 0.391259 0.53756 0.39096 0.537367 0.267908 0.43009 0.268207
0 0.212132 0.537006 0.318696 0.508839 0.303843 0.408943 0.19728 0.437111
0 0.231418 0.291128 0.315403 0.26289 0.276515 0.0572722 0.19253 0.0855101
0 0.433006 0.281737 0.53703 0.281621 0.536947 0.149528 0.432923 0.149644
0 0.548285 0.575727 0.549713 0.451398 0.442435 0.449208 0.441007 0.573537
0 0.426483 0.854999 0.429008 0.749624 0.355202 0.74648 0.352677 0.851855
0 0.298695 0.201586 0.359438 0.1788 0.328284 0.031154 0.267541 0.0539397
0 0.281826 0.428006 0.358632 0.4095 0.339113 0.265481 0.262306 0.283988
0 0.0988351 0.360942 0.108459 0.219428 -0.000640013 0.206238 -0.0102636 0.347753
0 0.336785 0.179965 0.42482 0.179444 0.424377 0.046302 0.336341 0.046823
0 0.441434 0.465426 0.55568 0.463295 0.554963 0.394975 0.440717 0.397105
0 0.366214 0.866676 0.383171 0.689062 0.264216 0.668872 0.247259 0.846486
0 0.526046 0.150344 0.526348 -0.00407967 0.405233 -0.004501 0.404931 0.149922
0 0.503947 1.00641 0.506313 0.930889 0.420123 0.926089 0.417757 1.00161
0 0.941802 0.654423 0.999667 0.651695 0.995073 0.478432 0.937208 0.481159
0 0.0881097 0.466029 0.095964 0.355127 -0.000227495 0.343016 -0.00808176 0.453918
0 0.00245894 0.994439 0.0977084 0.993977 0.0973783 0.873084 0.00212876 0.873547
0 0.00677951 0.0512996 0.101562 0.0279022 0.0945861 -0.0223358 -0.000196297 0.0010615
0 0.0667159 0.891769 0.0681074 0.788914 -0.00173261 0.787234 -0.0031242 0.890089
0 0.108585 0.29372 0.166414 0.274892 0.134276 0.0994162 0.0764473 0.118245
0 0.979847 0.898322 1.00228 0.898256 1.00201 0.73988 0.979584 0.739946
0 0.00803234 1.00426 0.099872 1.00416 0.0998552 0.976416 0.00801546 0.976515
