0 0.101997 0.561487 0.24853 0.537164 0.237371 0.469939 0.0908381 0.494263
0 0.0613504 0.435106 0.19719 0.409915 0.185055 0.344474 0.0492147 0.369665
0 0.00222931 0.195494 0.131624 0.175373 0.121534 0.110483 -0.00786084 0.130604
0 0.0482128 0.370096 0.179137 0.348814 0.169432 0.289111 0.0385081 0.310392
0 0.0178425 0.258987 0.156362 0.232361 0.143815 0.167085 0.00529505 0.193711
0 0.773148 0.129877 0.774152 0.0314496 0.696013 0.0306528 0.695009 0.12908
0 0.928005 0.622362 0.933075 0.485227 0.803674 0.480442 0.798604 0.617577
0 0.0365127 0.314048 0.16168 0.292963 0.152101 0.236092 0.0269328 0.257177
0 0.931834 0.125049 0.933176 0.0266113 0.85474 0.0255419 0.853398 0.123979
0 0.469917 0.214635 0.474323 0.102061 0.353329 0.097326 0.348923 0.2099
0 0.0782749 0.701922 0.0797853 0.619025 -0.000911506 0.617555 -0.00242189 0.700451
0 0.698488 0.302439 0.69982 0.206136 0.607246 0.204855 0.605913 0.301158
0 0.0889662 0.497862 0.233525 0.471729 0.220796 0.401321 0.0762378 0.427454
0 0.777818 0.282977 0.779248 0.200567 0.699178 0.199178 0.697748 0.281588
0 0.854004 0.12712 0.855168 0.0305118 0.775391 0.0295506 0.774227 0.126159
0 0.511933 0.683213 0.516284 0.544489 0.397222 0.540755 0.392871 0.679479
0 -0.000101402 0.134051 0.0987839 0.118203 0.0885806 0.0545377 -0.0103047 0.0703856
0 0.71344 0.4322 0.714275 0.342844 0.617652 0.341941 0.616817 0.431297
0 1.00136 0.125172 1.00212 0.022623 0.931861 0.0220978 0.931095 0.124647
0 0.331487 0.106888 0.463357 0.0816195 0.4485 0.00408728 0.31663 0.0293556
0 0.760545 0.480061 0.91672 0.470408 0.913187 0.413253 0.757012 0.422906
0 0.536366 0.961632 0.536676 0.861964 0.431946 0.861639 0.431637 0.961307
0 0.692021 0.139189 0.693839 0.0393467 0.578874 0.0372537 0.577057 0.137096
0 0.231347 0.968732 0.315284 0.947599 0.275673 0.790264 0.191736 0.811397
0 0.122662 0.61477 0.245141 0.596773 0.236065 0.535007 0.113586 0.553005
0 0.528718 0.861622 0.530127 0.733777 0.401519 0.73236 0.40011 0.860205
0 0.631336 0.599646 0.71935 0.598652 0.718389 0.513508 0.630375 0.514501
0 0.243615 0.728549 0.307583 0.711531 0.276316 0.594004 0.212348 0.611022
0 0.298163 0.8982 0.36067 0.879032 0.326967 0.769128 0.26446 0.788296
0 0.916688 0.316145 0.918609 0.202805 0.848657 0.201619 0.846736 0.314959
0 0.92406 0.683984 1.00041 0.683251 0.99979 0.618339 0.923436 0.619072
0 0.368101 0.688717 0.423978 0.670378 0.389291 0.564694 0.333415 0.583034
0 0.625034 0.51871 0.737188 0.51683 0.735668 0.426129 0.623513 0.428009
0 0.917314 0.513102 1.00076 0.512038 0.999404 0.405394 0.915954 0.406458
0 0.262899 0.155178 0.320894 0.140896 0.312246 0.105777 0.254251 0.120059
0 0.057525 0.629226 0.0576258 0.551138 -0.00726647 0.551054 -0.00736734 0.629142
0 0.168992 0.753878 0.248396 0.729149 0.204193 0.587218 0.12479 0.611947
0 0.683077 0.348825 0.683392 0.296555 0.618021 0.296161 0.617706 0.348431
0 0.502017 0.39823 0.502607 0.340832 0.364191 0.33941 0.363601 0.396808
0 0.0157269 0.800865 0.110115 0.762938 0.077543 0.681877 -0.0168449 0.719804
0 -0.00249166 0.0734834 0.0859428 0.0714638 0.0843149 0.000179478 -0.00411958 0.00219906
0 0.498887 0.49208 0.499955 0.386956 0.37385 0.385675 0.372782 0.490799
0 0.503925 0.533278 0.504783 0.469413 0.381233 0.467752 0.380374 0.531618
0 -0.00300752 0.559222 0.041381 0.559169 0.0412788 0.47291 -0.00310971 0.472963
0 0.311837 0.714461 0.37328 0.695524 0.33634 0.575666 0.274897 0.594603
0 -0.000161793 1.0074 0.112803 1.00643 0.111956 0.907933 -0.00100863 0.908904
0 0.968644 0.299457 0.968775 0.202005 0.915884 0.201933 0.915753 0.299385
0 0.996263 0.559838 0.99765 0.510767 0.933893 0.508966 0.932507 0.558037
0 0.352593 0.894821 0.431787 0.874587 0.404326 0.767104 0.325132 0.787338
0 0.708544 0.405575 0.768477 0.405549 0.768448 0.339458 0.708515 0.339484
0 0.999302 0.294406 1.00241 0.205534 0.966569 0.204282 0.963462 0.293153
0 0.378913 0.352975 0.500174 0.341735 0.491792 0.25131 0.370531 0.26255
0 0.779298 0.699686 0.779739 0.581247 0.635778 0.58071 0.635336 0.699149
0 0.568389 0.0526646 0.681252 0.0522294 0.681057 0.001663 0.568194 0.00209821
0 0.428436 0.999646 0.542765 0.998718 0.542401 0.953906 0.428072 0.954834
0 0.821174 0.67065 0.896197 0.661937 0.890551 0.613322 0.815528 0.622035
0 0.110072 0.974155 0.1689 0.95855 0.132204 0.820216 0.0733759 0.835822
0 0.000352732 0.480749 0.0274468 0.480495 0.0268562 0.417553 -0.000237872 0.417807
0 0.3215 0.0349869 0.423036 0.0159694 0.416623 -0.0182708 0.315087 0.00074662
0 0.219964 1.01272 0.343686 1.01259 0.34362 0.949348 0.219898 0.949477
0 0.84828 0.310181 0.850096 0.206149 0.773814 0.204818 0.771999 0.30885
0 -0.00170602 0.424388 0.0160984 0.424233 0.0156421 0.372039 -0.00216233 0.372195
0 0.00505623 0.0186768 0.0734367 0.0167354 0.072923 -0.0013599 0.00454249 0.00058147
0 0.0142581 0.40649 0.0144406 0.356238 -0.00199753 0.356178 -0.00218005 0.40643
