0 0.143122 0.728512 0.284388 0.711793 0.270257 0.64463 0.128991 0.661349
0 0.856963 0.312261 0.867096 0.198249 0.722703 0.19103 0.71257 0.305043
0 0.163158 0.798183 0.303287 0.780738 0.28769 0.710266 0.14756 0.727711
0 0.305553 0.468675 0.461984 0.441709 0.436947 0.36001 0.280515 0.386977
0 0.205787 0.527383 0.208311 0.434114 0.0788334 0.432143 0.0763098 0.525412
0 0.869577 0.563996 1.01435 0.53463 0.988472 0.462872 0.843701 0.492238
0 0.0631265 0.446835 0.190078 0.433299 0.17698 0.3642 0.0500286 0.377736
0 0.999894 0.130622 1.00037 0.0563408 0.899565 0.0559783 0.89909 0.13026
0 0.401502 0.755417 0.5296 0.738709 0.515811 0.679239 0.387712 0.695947
0 0.365882 0.700598 0.527386 0.677623 0.508277 0.602066 0.346773 0.625041
0 0.618827 0.823881 0.745887 0.822882 0.744605 0.731242 0.617545 0.732242
0 0.10002 0.602464 0.241669 0.585472 0.227615 0.519572 0.0859659 0.536564
0 0.355227 0.632728 0.514144 0.61024 0.491366 0.5197 0.332449 0.542189
0 0.450834 0.225347 0.609972 0.194915 0.582362 0.113698 0.423224 0.14413
0 0.549123 0.591618 0.663943 0.590161 0.661962 0.502382 0.547142 0.503839
0 0.591417 0.304118 0.595975 0.209347 0.463119 0.205752 0.458561 0.300523
0 0.213856 0.279344 0.274588 0.267904 0.245743 0.181771 0.185011 0.193211
0 0.384547 0.263529 0.384846 0.167488 0.250833 0.167253 0.250534 0.263294
0 0.609418 0.74504 0.699472 0.735769 0.677202 0.614085 0.587148 0.623356
0 0.158164 0.377367 0.159996 0.305298 0.0500162 0.303725 0.0481839 0.375794
0 0.188715 0.865545 0.328943 0.843741 0.309093 0.771932 0.168865 0.793736
0 0.133381 0.313018 0.134645 0.219637 0.0131844 0.218713 0.0119203 0.312093
0 0.128679 0.666368 0.263314 0.654509 0.252597 0.586075 0.117962 0.597935
0 0.875874 0.802876 0.957495 0.773932 0.905208 0.690993 0.823587 0.719938
0 0.30005 0.38924 0.415716 0.372295 0.40219 0.32036 0.286524 0.337305
0 0.603269 0.188487 0.661224 0.175882 0.634411 0.106539 0.576456 0.119144
0 0.333532 0.549585 0.487375 0.523543 0.462237 0.440011 0.308394 0.466053
0 1.00471 0.252853 1.0053 0.123941 0.901587 0.123677 0.901004 0.252589
0 0.450283 0.976793 0.612052 0.930678 0.57235 0.852337 0.41058 0.898453
0 0.9422 0.768135 1.007 0.748598 0.960297 0.661475 0.8955 0.681012
0 0.803911 0.438577 0.949711 0.389344 0.898332 0.303756 0.752532 0.352988
0 0.997563 0.0612928 0.999062 0.00891953 0.895597 0.00725377 0.894098 0.0596271
0 0.520024 0.461716 0.615692 0.460511 0.614096 0.389244 0.518428 0.390449
0 0.856775 0.825332 0.868976 0.75218 0.770491 0.74294 0.75829 0.816092
0 0.652992 0.441529 0.766346 0.440586 0.764988 0.348749 0.651634 0.349692
0 0.293954 0.337381 0.415505 0.316407 0.394353 0.247455 0.272802 0.268429
0 0.508987 0.0821443 0.509125 -0.0022689 0.40436 -0.00236547 0.404222 0.0820477
0 0.355042 0.961693 0.356666 0.855157 0.205592 0.853862 0.203969 0.960398
0 0.535953 0.511414 0.65849 0.50298 0.652365 0.452918 0.529828 0.461351
0 0.44356 0.896191 0.588495 0.869634 0.545106 0.736435 0.400171 0.762992
0 0.504402 0.0748854 0.679858 0.0449046 0.65831 -0.0260315 0.482853 0.00394929
0 0.781753 0.223981 0.834398 0.11292 0.676873 0.0709185 0.624227 0.18198
0 0.156632 0.0663694 0.325042 0.047807 0.312713 -0.015111 0.144303 0.00345142
0 0.653701 0.35567 0.716667 0.355617 0.716598 0.309375 0.653633 0.309428
0 0.148972 0.300689 0.223596 0.281977 0.181145 0.186749 0.106522 0.205461
0 0.493283 0.353365 0.614934 0.3444 0.60758 0.288266 0.485929 0.297231
0 0.900216 0.628094 1.01705 0.606522 0.998291 0.549382 0.881459 0.570954
0 0.794016 0.719573 0.906941 0.691027 0.851432 0.567508 0.738507 0.596054
0 -0.00275918 0.112968 0.125667 0.103049 0.118698 0.0522968 -0.00972787 0.0622158
0 0.501028 0.399235 0.621717 0.388571 0.613569 0.336695 0.49288 0.347359
0 0.857009 0.511389 0.971762 0.459315 0.916221 0.390469 0.801468 0.442544
0 0.595258 0.280675 0.686086 0.280433 0.685834 0.227205 0.595006 0.227447
0 0.00011718 0.062331 0.0707946 0.061706 0.0698343 0.000632302 -0.000843061 0.00125737
0 0.606161 0.252192 0.694943 0.219864 0.660764 0.167065 0.571982 0.199394
0 0.00909913 0.863211 0.119063 0.843919 0.0744001 0.700714 -0.035564 0.720006
0 0.652508 0.0407351 0.74198 0.0393133 0.740597 -0.00965778 0.651125 -0.00823605
0 0.954485 0.363995 1.02258 0.350778 0.995644 0.272704 0.927546 0.285921
0 0.60453 0.441064 0.667495 0.440933 0.66731 0.390595 0.604344 0.390725
0 4.50561e-05 0.671865 0.0461318 0.671452 0.0448646 0.591941 -0.00122215 0.592355
0 -0.000353312 0.71787 0.0605346 0.717489 0.0597099 0.643365 -0.00117793 0.643746
0 0.950228 1.03927 0.972881 0.947134 0.829523 0.927307 0.80687 1.01944
0 0.740396 1.01827 0.826846 0.995924 0.813869 0.96769 0.727419 0.99004
0 0.78629 0.344082 0.893433 0.320329 0.878756 0.283089 0.771613 0.306841
0 0.959075 0.433618 1.00713 0.432283 1.00283 0.345115 0.954771 0.346449
0 0.749168 0.636072 0.885274 0.534755 0.771162 0.448528 0.635056 0.549845
0 0.447635 1.01027 0.459998 0.908096 0.32526 0.898925 0.312897 1.0011
0 1.00732 0.730603 1.05169 0.681371 0.977233 0.643623 0.932863 0.692855
0 0.0400661 0.601695 0.040268 0.535465 -0.00224924 0.535392 -0.00245117 0.601622
0 0.723595 0.875672 0.724826 0.814764 0.640065 0.8138 0.638834 0.874709
0 0.0481915 1.00062 0.0491182 0.968485 -0.00129264 0.967667 -0.00221929 0.999799
0 0.740656 0.0299248 0.832285 0.0260098 0.830022 -0.00377956 0.738393 0.000135462
0 0.59156 0.640591 0.683808 0.62204 0.66746 0.576315 0.575212 0.594867
0 0.812225 1.00627 0.867638 1.00582 0.867068 0.965581 0.811655 0.966023
