0 0.406404 0.14961 0.43978 0.0887674 0.30653 0.0476508 0.273154 0.108493
0 0.205758 1.00218 0.36017 0.946871 0.319681 0.883286 0.165268 0.938596
0 0.766881 0.821832 0.894507 0.821125 0.893735 0.742755 0.76611 0.743462
0 0.0849105 0.52767 0.226869 0.52732 0.226422 0.425418 0.084464 0.425768
0 0.347163 0.506346 0.471048 0.468898 0.402341 0.341045 0.278456 0.378494
0 0.816543 0.537318 0.821867 0.44511 0.697002 0.441055 0.691678 0.533263
0 0.373044 0.252286 0.379668 0.145209 0.255454 0.140886 0.248829 0.247963
0 0.51423 0.142526 0.657874 0.105296 0.618496 0.0198359 0.474853 0.0570663
0 0.232639 0.115975 0.2406 0.0283856 0.136302 0.0230534 0.128341 0.110643
0 0.813477 0.87181 0.922451 0.856642 0.909569 0.804581 0.800595 0.81975
0 0.0622266 0.384014 0.0633244 0.320701 -0.00681942 0.320017 -0.00791722 0.38333
0 0.219145 0.63226 0.229025 0.55634 0.0739603 0.544989 0.0640804 0.620909
0 0.633837 0.28091 0.726459 0.255266 0.660689 0.121647 0.568068 0.147291
0 0.929908 0.361729 1.02342 0.344239 0.982228 0.220342 0.888713 0.237831
0 0.642735 0.652632 0.664711 0.587409 0.561188 0.567789 0.539212 0.633012
0 0.366377 0.933524 0.484794 0.894086 0.450909 0.836856 0.332493 0.876294
0 0.175691 0.767377 0.1984 0.667857 0.0325552 0.64657 0.00984571 0.74609
0 0.127378 0.270796 0.150534 0.209205 0.0126407 0.180043 -0.0105153 0.241635
0 0.428518 0.101662 0.478733 0.042783 0.362646 -0.0129076 0.312431 0.0459714
0 -0.0017131 0.133193 0.073092 0.133062 0.0728063 0.04189 -0.00199881 0.0420219
0 0.83696 0.989684 0.943874 0.988893 0.942334 0.871773 0.835421 0.872564
0 0.822562 0.652179 0.864636 0.579272 0.77035 0.548666 0.728276 0.621573
0 0.668897 0.470311 0.817253 0.420558 0.727634 0.270242 0.579278 0.319996
0 0.0705522 0.892312 0.0983326 0.814882 0.00146675 0.795333 -0.0263137 0.872763
0 0.378379 0.38221 0.399049 0.286983 0.27427 0.271748 0.2536 0.366975
0 0.861481 0.203173 0.959565 0.168209 0.890765 0.0596453 0.792681 0.0946091
0 0.567171 0.885103 0.615951 0.835087 0.547137 0.797336 0.498357 0.847351
0 0.258343 0.339112 0.395888 0.33824 0.394935 0.253728 0.25739 0.2546
0 0.0862945 1.03836 0.213529 1.00335 0.181327 0.93753 0.0540925 0.972546
0 0.607739 0.90849 0.729626 0.843728 0.656231 0.766026 0.534343 0.830788
0 0.0399021 0.513736 0.0452672 0.45259 -0.00686619 0.450017 -0.0122313 0.511163
0 0.451925 0.0574686 0.612677 0.025331 0.593387 -0.0289449 0.432635 0.00319272
0 0.464951 1.00893 0.553311 1.00806 0.552468 0.959906 0.464108 0.960776
0 0.951084 0.489982 1.00651 0.489244 1.00373 0.371806 0.948304 0.372544
0 0.536892 0.887545 0.682829 0.845198 0.65207 0.785571 0.506133 0.827918
0 0.715923 0.807323 0.783618 0.806282 0.782105 0.75094 0.71441 0.751981
0 0.0724188 0.438919 0.0731538 0.384572 0.000771184 0.384022 3.62108e-05 0.438368
0 0.595537 1.01838 0.753504 0.999839 0.745277 0.960409 0.587309 0.978951
0 0.494339 0.591143 0.553219 0.503734 0.449614 0.464477 0.390734 0.551885
0 0.941527 0.0645241 1.00226 0.0629937 0.999464 0.000643926 0.938734 0.00217429
0 0.541094 0.480486 0.591097 0.441871 0.526562 0.394863 0.476558 0.433478
0 0.672695 0.456377 0.803422 0.419521 0.766981 0.346816 0.636254 0.383672
0 0.411294 0.201492 0.421884 0.15239 0.299921 0.137594 0.289331 0.186696
0 0.338163 1.00536 0.410794 1.00425 0.409732 0.965224 0.337102 0.966335
0 0.953418 0.429874 1.0061 0.428849 1.00404 0.36933 0.951362 0.370354
0 0.693961 0.620044 0.761649 0.596781 0.729782 0.544625 0.662095 0.567887
