0 0.711725 0.453972 0.720181 0.348189 0.625531 0.340623 0.617074 0.446405
0 0.695328 0.541358 0.700673 0.445218 0.606781 0.439998 0.601436 0.536139
0 0.553618 0.15621 0.561913 0.0693314 0.483065 0.0618025 0.47477 0.148681
0 0.652734 0.210463 0.670218 0.0952983 0.576375 0.0810511 0.558891 0.196216
0 0.730613 0.360211 0.742974 0.290299 0.646742 0.273284 0.634381 0.343196
0 0.601342 0.311275 0.624507 0.197456 0.552402 0.18278 0.529236 0.296599
0 0.436806 0.184831 0.487765 0.0393638 0.36441 -0.00384893 0.313452 0.141618
0 0.585308 0.428003 0.612255 0.306247 0.526789 0.287332 0.499841 0.409087
0 0.664837 0.787839 0.665856 0.711399 0.576551 0.710207 0.575531 0.786648
0 0.373368 0.887183 0.374682 0.822467 0.311449 0.821183 0.310135 0.885899
0 0.532833 0.994111 0.537719 0.880368 0.450568 0.876625 0.445682 0.990368
0 0.573453 0.83794 0.671521 0.837825 0.671458 0.784693 0.57339 0.784808
0 0.572308 0.908009 0.682139 0.907865 0.682042 0.8335 0.57221 0.833644
0 0.77174 0.54142 0.789645 0.46305 0.753536 0.4548 0.735631 0.53317
0 0.490969 0.364857 0.517559 0.231228 0.452907 0.218364 0.426317 0.351993
0 0.384684 0.958381 0.387349 0.907845 0.271269 0.901723 0.268603 0.952258
0 0.555805 0.552079 0.585644 0.416948 0.497001 0.397375 0.467163 0.532505
0 0.244455 0.75589 0.347739 0.755599 0.34755 0.688664 0.244265 0.688955
0 0.226925 0.812919 0.228782 0.703005 0.104232 0.700901 0.102375 0.810815
0 0.244456 0.892952 0.244832 0.820995 0.165994 0.820583 0.165617 0.89254
0 0.567863 0.957315 0.668424 0.956606 0.668039 0.90195 0.567477 0.902659
0 0.242525 0.48552 0.261465 0.396161 0.161249 0.37492 0.142309 0.46428
0 0.0733688 0.447334 0.0792456 0.373163 0.000194803 0.3669 -0.00568203 0.44107
0 0.397547 0.410391 0.408726 0.335618 0.363365 0.328837 0.352186 0.403609
0 0.543121 0.883905 0.544428 0.734163 0.436558 0.733221 0.435251 0.882963
0 0.445701 0.536388 0.491164 0.349714 0.42515 0.333637 0.379686 0.52031
0 0.125489 0.459365 0.139528 0.390918 0.0774962 0.378195 0.0634578 0.446643
0 0.278074 0.418771 0.299792 0.365826 0.194652 0.322698 0.172934 0.375643
0 0.172967 0.388848 0.179653 0.288959 0.0863093 0.282712 0.0796239 0.3826
0 0.224417 0.255625 0.266931 0.0998991 0.199969 0.0816182 0.157455 0.237345
0 0.746912 0.610816 0.749538 0.548657 0.621189 0.543236 0.618564 0.605394
0 0.763827 0.302495 0.771975 0.261858 0.656913 0.238787 0.648765 0.279425
0 0.763567 0.306978 0.835293 0.0771478 0.729946 0.0442711 0.65822 0.274102
0 0.207401 0.290323 0.214446 0.237354 0.161101 0.230259 0.154057 0.283229
0 -0.00102023 0.121372 0.0475889 0.12071 0.0463801 0.0319596 -0.00222908 0.0326217
0 0.0471449 0.585419 0.0764927 0.520015 0.0375201 0.502527 0.00817234 0.567931
0 0.353422 0.516513 0.362929 0.424536 0.277612 0.415717 0.268105 0.507695
0 0.282974 0.902448 0.323519 0.892343 0.307524 0.828162 0.266979 0.838267
0 0.246838 0.585131 0.277235 0.504757 0.128854 0.44864 0.098457 0.529014
0 0.54262 0.779091 0.544954 0.726759 0.451333 0.722584 0.448999 0.774915
0 0.562232 0.581031 0.566575 0.534623 0.470704 0.525651 0.466361 0.572059
0 0.100042 0.832017 0.100054 0.779606 0.0436013 0.779594 0.0435896 0.832004
0 0.164789 0.697742 0.166289 0.629777 0.102067 0.628359 0.100567 0.696324
0 0.321088 1.00444 0.323766 0.953006 0.263763 0.949882 0.261085 1.00132
0 0.0271212 0.662039 0.0621505 0.575172 0.00816722 0.553403 -0.0268621 0.640271
0 0.566619 0.735588 0.571619 0.554983 0.450142 0.55162 0.445143 0.732226
0 0.446448 0.873246 0.44851 0.77241 0.413441 0.771692 0.411379 0.872529
0 0.569021 0.999388 0.660779 0.998664 0.660408 0.951683 0.568651 0.952407
0 -0.000608424 0.163779 0.0487363 0.163217 0.0481876 0.115025 -0.00115715 0.115587
0 0.162818 0.618694 0.190077 0.554425 0.106116 0.518813 0.0788562 0.583082
0 0.150087 0.915471 0.175543 0.857449 0.119487 0.832856 0.0940314 0.890879
0 0.0502198 0.504631 0.0552417 0.439198 -0.00216772 0.434792 -0.00718962 0.500224
0 0.805055 0.0670254 0.829631 -0.00575718 0.745015 -0.0343284 0.720439 0.0384542
0 0.100199 0.711456 0.106716 0.652161 0.0405147 0.644885 0.0339975 0.704179
0 0.0379346 0.885054 0.0734778 0.858553 0.0446597 0.819902 0.00911647 0.846403
0 0.99304 0.728729 1.00255 0.673852 0.955276 0.66566 0.945767 0.720537
0 1.00102 0.663514 1.01117 0.591819 0.977353 0.587034 0.967208 0.658729
0 0.000467092 0.987607 0.0523019 0.987267 0.0519397 0.931965 0.000104826 0.932305
0 0.510864 0.268991 0.532026 0.189635 0.471066 0.173378 0.449903 0.252734
0 0.159974 0.388801 0.168098 0.323929 0.0916288 0.314353 0.0835051 0.379225
0 0.0191773 0.942723 0.0588347 0.897627 0.0051113 0.850383 -0.0345461 0.895479
0 0.349974 0.680916 0.413518 0.680631 0.413113 0.590331 0.349569 0.590616
0 0.0969478 1.01093 0.160369 0.968112 0.109339 0.892521 0.0459174 0.935336
0 0.0980006 0.791065 0.0986834 0.720924 0.0223155 0.720181 0.0216326 0.790321
0 0.349338 0.706495 0.414054 0.706289 0.413867 0.647511 0.349151 0.647718
0 0.15921 0.836909 0.234041 0.82699 0.230182 0.797881 0.155351 0.807801
0 0.763155 0.552629 0.770502 0.513558 0.727629 0.505497 0.720282 0.544568
0 0.474458 0.430939 0.487414 0.350996 0.426623 0.341144 0.413667 0.421087
0 0.425564 0.601019 0.428953 0.516291 0.356683 0.513401 0.353294 0.598128
0 0.259919 0.608169 0.299721 0.526634 0.186826 0.471524 0.147024 0.553058
0 0.0549796 0.996675 0.0555295 0.949472 0.00145501 0.948842 0.000905107 0.996045
0 0.98642 0.464408 0.990511 0.40921 0.937584 0.405287 0.933493 0.460485
0 0.255691 0.609709 0.283166 0.5252 0.220156 0.504714 0.192681 0.589223
0 0.029894 0.558993 0.0309597 0.498227 -0.00975107 0.497513 -0.0108167 0.558279
0 0.663434 0.789623 0.724009 0.78919 0.723742 0.751859 0.663168 0.752292
0 0.179445 0.143076 0.181271 0.0760541 0.118156 0.0743341 0.116329 0.141356
0 0.203243 0.683856 0.205648 0.620837 0.157393 0.618995 0.154988 0.682014
0 0.304632 0.668189 0.320673 0.587404 0.259777 0.575312 0.243737 0.656098
0 0.0236588 0.690792 0.0247691 0.645261 -0.00258326 0.644594 -0.00369353 0.690125
0 0.853245 0.107812 0.87606 0.0669896 0.804854 0.0271935 0.782039 0.0680158
0 0.312482 0.379104 0.336515 0.31052 0.239112 0.276388 0.215079 0.344972
0 0.35469 0.382943 0.360363 0.32395 0.307697 0.318886 0.302024 0.377879
0 0.44296 0.777613 0.443367 0.72666 0.410718 0.726399 0.41031 0.777352
0 0.0506931 0.999685 0.050926 0.967633 0.00426079 0.967294 0.00402787 0.999346
0 0.0924773 1.00222 0.143944 1.00069 0.143258 0.977639 0.0917911 0.979171
0 0.241036 0.365789 0.26845 0.282879 0.220234 0.266936 0.19282 0.349846
0 0.263358 0.684982 0.26949 0.631009 0.190648 0.622052 0.184516 0.676024
0 0.268936 0.496573 0.291938 0.419321 0.250931 0.40711 0.227928 0.484363
0 0.0308958 0.166105 0.107592 0.165751 0.107266 0.0952992 0.0305704 0.0956534
0 0.970817 0.854542 0.972406 0.818154 0.91615 0.815698 0.914561 0.852085
0 0.0876544 1.00164 0.142537 0.999895 0.141086 0.954253 0.0862036 0.955998
0 -0.00100393 0.881762 0.0206129 0.881567 0.0200955 0.824479 -0.00152124 0.824675
0 0.50543 1.00329 0.505877 0.987351 0.429021 0.985197 0.428575 1.00114
0 0.566952 0.665226 0.57043 0.571035 0.470555 0.567346 0.467076 0.661538
0 0.676923 0.548724 0.679789 0.513826 0.603755 0.507582 0.600889 0.54248
