0 0.988151 0.86249 1.00364 0.706405 0.845654 0.678531 0.830164 0.834616
0 0.196988 0.547975 0.209794 0.421641 0.126601 0.406648 0.113794 0.532982
0 0.42774 0.760414 0.438007 0.677087 0.346998 0.657152 0.336732 0.740479
0 0.415016 0.843667 0.42354 0.74729 0.316708 0.730493 0.308184 0.82687
0 0.145419 0.88775 0.15502 0.769253 0.0588789 0.755405 0.049278 0.873902
0 0.172492 0.794676 0.193087 0.69038 0.0907641 0.654458 0.0701685 0.758755
0 0.0763813 0.414781 0.0874569 0.268818 0.000865248 0.257137 -0.0102104 0.4031
0 0.233885 0.431153 0.242439 0.314908 0.142239 0.301799 0.133685 0.418045
0 0.477957 0.508845 0.487003 0.40307 0.393376 0.388835 0.38433 0.49461
0 0.186123 0.679143 0.197504 0.538392 0.101569 0.524601 0.0901872 0.665352
0 0.958764 1.0212 0.971152 0.852184 0.858513 0.837507 0.846125 1.00653
0 0.460027 0.625765 0.468211 0.496752 0.357167 0.48423 0.348984 0.613243
0 0.562361 0.35105 0.581872 0.168171 0.489785 0.150705 0.470274 0.333584
0 0.55048 1.01772 0.555359 0.929096 0.448155 0.918603 0.443276 1.00723
0 0.394386 0.484561 0.401928 0.374657 0.3095 0.363381 0.301958 0.473285
0 0.392034 0.311088 0.423964 0.141748 0.345984 0.115609 0.314054 0.284949
0 0.398646 0.951169 0.406168 0.832903 0.306906 0.821681 0.299385 0.939947
0 0.439755 0.683187 0.447638 0.617916 0.355258 0.598081 0.347375 0.663354
0 0.321678 0.286306 0.355921 0.0710058 0.274835 0.0480784 0.240592 0.263379
0 0.306429 0.475471 0.31624 0.352573 0.23595 0.341178 0.226139 0.464077
0 0.8567 0.444344 0.864977 0.30845 0.74271 0.295212 0.734434 0.431107
0 0.37788 1.02213 0.38361 0.942321 0.292421 0.930681 0.28669 1.01049
0 0.117213 1.02141 0.13017 0.887572 0.0395921 0.871984 0.0266357 1.00582
0 0.681658 0.663363 0.690862 0.556919 0.531948 0.53249 0.522744 0.638934
0 0.761269 1.02274 0.767627 0.931667 0.623512 0.913781 0.617154 1.00486
0 0.248202 0.256578 0.267554 0.120536 0.201521 0.103837 0.182169 0.239879
0 0.0585886 0.485302 0.0672491 0.408774 -0.00207934 0.394826 -0.0107399 0.471354
0 0.470949 0.330246 0.498109 0.138929 0.4213 0.119543 0.394139 0.310861
0 0.27464 0.589082 0.284454 0.471661 0.221148 0.462254 0.211333 0.579675
0 0.193119 0.22862 0.19919 0.148515 0.0775805 0.132131 0.0715099 0.212236
0 0.219274 0.147233 0.226777 0.0260247 0.0958292 0.0116132 0.0883257 0.132821
0 0.997533 0.670776 1.0102 0.575565 0.831086 0.533187 0.818415 0.628397
0 0.562966 0.966945 0.610793 0.634044 0.500274 0.605816 0.452447 0.938717
0 0.0534312 0.57623 0.0534345 0.48494 -0.00577164 0.484936 -0.00577499 0.576226
0 0.668186 0.560923 0.677645 0.475852 0.558365 0.452272 0.548905 0.537343
0 0.723038 0.414749 0.733628 0.269224 0.648234 0.258176 0.637644 0.403701
0 0.775843 0.945563 0.782766 0.852118 0.640352 0.83336 0.633429 0.926805
0 0.800993 0.811765 0.808433 0.731648 0.668615 0.708563 0.661174 0.78868
0 0.0370493 0.668175 0.0401438 0.576337 -0.00327842 0.573736 -0.0063729 0.665574
0 0.831366 0.680621 0.84162 0.514578 0.700285 0.499062 0.690032 0.665105
0 1.00338 0.381074 1.0288 0.26178 0.861732 0.198496 0.836314 0.31779
0 0.783731 0.877474 0.790416 0.796978 0.651965 0.776536 0.64528 0.857032
0 0.820606 0.0974584 0.842931 0.00237983 0.790138 -0.0196576 0.767813 0.075421
0 0.123158 0.950114 0.1295 0.87914 0.0459029 0.865861 0.0395614 0.936835
0 1.00542 0.486575 1.01911 0.372537 0.852886 0.337057 0.839194 0.451095
0 0.638846 0.387775 0.658783 0.213745 0.570543 0.195773 0.550606 0.369803
0 0.807206 0.747416 0.818888 0.66666 0.688323 0.633082 0.676641 0.713838
0 0.993164 0.185382 1.0245 0.00993414 0.957665 -0.0112853 0.926331 0.164163
0 0.70334 0.401399 0.719491 0.233917 0.570121 0.208309 0.55397 0.375792
0 0.721572 0.0529352 0.723392 -0.00427978 0.64732 -0.00858189 0.6455 0.0486331
0 0.784156 0.0774622 0.792312 -0.00906049 0.714626 -0.0220795 0.706469 0.0644432
0 0.856779 1.00855 0.873073 0.832799 0.80937 0.822298 0.793075 0.998045
0 0.100061 0.189865 0.102096 0.0285127 0.00207725 0.0262703 4.23997e-05 0.187623
0 0.296282 0.823344 0.303781 0.728661 0.245258 0.72042 0.237759 0.815103
0 1.00112 1.01071 1.00221 0.918107 0.973918 0.917515 0.972829 1.01011
0 0.90421 0.134542 0.935664 0.00529674 0.877645 -0.0198055 0.846191 0.10944
0 0.734213 1.01004 0.735237 0.97442 0.620325 0.968548 0.619301 1.00416
0 0.446824 0.129694 0.454292 0.0059147 0.361579 -0.00403017 0.354111 0.119749
0 0.157775 0.135063 0.176109 0.0274583 0.105185 0.00597536 0.0868507 0.11358
0 0.85937 0.109653 0.885545 0.00167686 0.836129 -0.0196198 0.809954 0.0883559
0 0.673782 1.00301 0.673922 0.980676 0.619961 0.980076 0.619821 1.00241
0 0.989316 0.795274 1.00167 0.714258 0.848925 0.672857 0.836573 0.753873
