0 0.438388 0.152533 0.445519 0.0599873 0.33179 0.0550578 0.324658 0.147604
0 0.335712 0.592216 0.349363 0.453097 0.234108 0.446736 0.220457 0.585855
0 0.805922 0.435161 0.814339 0.32201 0.621479 0.31394 0.613062 0.427091
0 0.42044 0.327386 0.427032 0.228423 0.294168 0.223444 0.287576 0.322407
0 0.245757 0.148493 0.258473 0.0842661 0.116348 0.0684374 0.103631 0.132664
0 0.129287 0.781118 0.141619 0.650646 0.00174858 0.643209 -0.0105842 0.773681
0 0.150982 0.557135 0.166681 0.435367 0.0711527 0.428439 0.0554536 0.550208
0 0.616636 0.815798 0.624226 0.701096 0.448492 0.694555 0.440902 0.809256
0 0.941523 0.447467 0.945326 0.391106 0.87315 0.388367 0.869347 0.444727
0 0.439738 0.233867 0.446172 0.145289 0.312722 0.139837 0.306288 0.228415
0 0.406047 0.396335 0.412879 0.323968 0.268057 0.316278 0.261226 0.388645
0 0.302129 0.728861 0.306256 0.643345 0.20124 0.640494 0.197112 0.72601
0 0.198762 0.376665 0.20508 0.281716 0.0915473 0.277467 0.0852301 0.372416
0 0.26685 0.0864556 0.274297 -0.000115991 0.166583 -0.00532771 0.159136 0.0812439
0 0.661656 0.571886 0.668089 0.480952 0.552979 0.476371 0.546546 0.567305
0 0.444688 0.79683 0.449964 0.657984 0.285117 0.65446 0.279841 0.793307
0 0.446917 0.565675 0.457117 0.464217 0.346958 0.457987 0.336758 0.559445
0 0.216516 0.284892 0.22431 0.234436 0.105194 0.224087 0.0974008 0.274542
0 0.238127 0.236661 0.245106 0.136614 0.0919016 0.130603 0.084923 0.23065
0 0.673995 1.01887 0.681249 0.959008 0.457561 0.94376 0.450307 1.00362
0 0.613521 0.418862 0.638512 0.33411 0.578276 0.324119 0.553285 0.408871
0 0.195827 1.01227 0.204803 0.915121 0.072468 0.908243 0.0634925 1.00539
0 0.79022 0.567449 0.805782 0.505053 0.666973 0.485579 0.65141 0.547975
0 0.888062 0.726211 0.941953 0.645597 0.788688 0.587963 0.734796 0.668577
0 0.837981 0.777059 0.881003 0.726181 0.74135 0.659754 0.698327 0.710632
0 0.484538 0.0641683 0.487496 -0.00304336 0.344926 -0.00657175 0.341969 0.0606399
0 0.284538 0.790907 0.290636 0.725994 0.194514 0.720915 0.188416 0.785828
0 0.0476767 0.24589 0.0491089 0.181896 -0.00357786 0.181233 -0.00501006 0.245227
0 0.548809 0.576183 0.564856 0.471717 0.454459 0.462178 0.438412 0.566644
0 0.872136 0.44422 0.877492 0.391508 0.792871 0.386672 0.787515 0.439384
0 0.562214 0.397496 0.587905 0.311786 0.419711 0.283427 0.394019 0.369137
0 0.0638321 0.544609 0.0731792 0.430974 0.000839348 0.427627 -0.0085077 0.541262
0 0.857111 0.369917 0.957923 0.31302 0.904921 0.260195 0.804109 0.317091
0 0.173434 0.0591333 0.175971 -0.000567799 0.104367 -0.00227975 0.101829 0.0574213
0 0.0707319 1.00345 0.0760354 0.901151 0.00337711 0.899032 -0.00192641 1.00133
0 0.0952046 0.370102 0.0975368 0.287093 0.0022361 0.285587 -9.61837e-05 0.368596
0 0.0576337 0.182238 0.0600789 0.118128 -0.0040997 0.116751 -0.00654497 0.180861
0 1.00244 0.455852 1.00482 0.406779 0.952812 0.40536 0.950431 0.454433
0 0.243306 1.00619 0.251829 0.922637 0.195535 0.919407 0.187013 1.00296
0 -0.000924101 0.119092 0.0691116 0.118843 0.0686259 0.0422079 -0.00140978 0.0424575
0 0.789829 1.01101 0.795072 0.97199 0.67743 0.963099 0.672187 1.00212
0 0.900963 1.01095 0.904864 0.979147 0.789126 0.971161 0.785225 1.00296
0 0.464085 1.00874 0.467027 0.953891 0.245003 0.947192 0.242061 1.00204
0 0.984269 0.56044 0.990137 0.513699 0.780901 0.498923 0.775033 0.545664
0 0.970118 0.639686 0.99306 0.546995 0.80435 0.520723 0.781408 0.613413
0 1.00205 0.403641 1.01197 0.335931 0.961203 0.331747 0.951282 0.399458
0 0.0919777 0.0435204 0.094011 -0.00160981 0.00421836 -0.00388547 0.00218501 0.0412447
0 0.826331 0.15263 1.04844 0.0861374 0.975488 -0.0509474 0.753375 0.0155448
0 0.727462 0.0571499 0.728609 0.00111422 0.628646 -3.65656e-05 0.627499 0.0559991
0 1.00008 0.317997 1.03929 0.259321 0.946592 0.224479 0.907385 0.283155
0 0.148099 0.628049 0.149938 0.548512 0.0449624 0.547146 0.043123 0.626683
0 0.995995 1.00875 0.998821 0.984869 0.900846 0.978348 0.89802 1.00223
0 0.949084 0.781103 1.00235 0.780888 1.00157 0.672318 0.948305 0.672533
0 0.600297 0.0703415 0.601375 -0.000144195 0.484508 -0.00114958 0.48343 0.0693361
0 0.969601 0.183017 1.04677 0.115574 0.973288 0.068283 0.896122 0.135726
0 0.634517 0.078476 0.637118 8.92431e-05 0.534541 -0.00182541 0.53194 0.0765614
0 0.778419 0.0647795 0.780331 0.00921871 0.716245 0.00797828 0.714333 0.0635391
