0 0.296981 0.523949 0.297482 0.414527 0.198775 0.413723 0.198273 0.523145
0 0.554751 0.199443 0.579808 0.118383 0.479934 0.0634989 0.454877 0.14456
0 0.097512 0.730639 0.132264 0.586193 0.0688089 0.559053 0.0340572 0.703499
0 0.510091 0.675295 0.603414 0.625447 0.552068 0.454553 0.458745 0.504402
0 0.31321 0.704162 0.420293 0.703851 0.42007 0.567522 0.312987 0.567833
0 0.862535 0.716419 0.866449 0.593461 0.772725 0.588157 0.768811 0.711115
0 0.529865 0.33655 0.534988 0.193393 0.441665 0.187455 0.436541 0.330612
0 0.635617 0.190032 0.743415 0.140429 0.713908 0.0264248 0.606109 0.0760277
0 0.424643 0.154443 0.430558 0.0376271 0.352093 0.0305639 0.346178 0.14738
0 0.415006 0.843807 0.422421 0.741081 0.304399 0.725935 0.296984 0.82866
0 0.27542 0.723023 0.279627 0.584837 0.166072 0.578691 0.161865 0.716877
0 0.725369 0.374535 0.794842 0.340334 0.74551 0.162185 0.676037 0.196386
0 0.732176 0.870207 0.748302 0.782826 0.670511 0.757303 0.654385 0.844684
0 0.078211 0.503211 0.147413 0.502948 0.147084 0.349276 0.0778823 0.349539
0 0.121198 0.257116 0.146737 0.147647 0.0757104 0.118188 0.0501717 0.227658
0 0.947408 0.482341 1.01758 0.459027 0.986693 0.29378 0.916525 0.317093
0 0.166494 0.0997902 0.169399 -0.00326653 0.091238 -0.007183 0.0883333 0.0958737
0 0.571641 0.135386 0.609019 0.0565655 0.521614 -0.0171232 0.484235 0.0616971
0 0.868132 0.868503 0.897818 0.770332 0.826652 0.732074 0.796966 0.830245
0 0.344579 0.361211 0.362689 0.281849 0.260752 0.240495 0.242642 0.319858
0 0.381082 1.02741 0.399912 0.88966 0.283804 0.861442 0.264974 0.999188
0 0.751729 0.62725 0.863205 0.560659 0.795869 0.36026 0.684392 0.426852
0 0.192964 0.961056 0.220224 0.830807 0.110708 0.790059 0.0834475 0.920308
0 0.0655612 0.217946 0.076166 0.108729 0.0122636 0.0976982 0.00165876 0.206916
0 0.303039 0.168968 0.305958 0.0552757 0.213956 0.0510772 0.211037 0.164769
0 0.530729 0.512513 0.551265 0.385042 0.458399 0.358445 0.437863 0.485916
0 0.896113 0.270901 0.969674 0.224283 0.918072 0.0795274 0.844511 0.126145
0 0.443553 0.453469 0.547408 0.452248 0.546653 0.338125 0.442798 0.339346
0 0.588864 0.0767415 0.709486 0.0337966 0.694987 -0.0386037 0.574364 0.00434119
0 0.962892 0.654021 1.00495 0.652982 1.00276 0.495277 0.960701 0.496316
0 -0.00576553 0.0370493 0.0782551 0.0368978 0.0782147 -0.00292455 -0.00580592 -0.00277302
0 0.0985375 1.02372 0.0992483 0.926185 0.000543713 0.924906 -0.000167056 1.02244
0 0.0230211 0.887237 0.0571488 0.771951 0.000962526 0.742382 -0.0331652 0.857669
0 0.82288 1.01336 0.923183 1.00162 0.921081 0.9697 0.820777 0.981443
0 0.104721 0.515687 0.108613 0.328399 0.0169763 0.325012 0.0130834 0.5123
0 0.62243 0.787564 0.662209 0.675727 0.58314 0.625728 0.54336 0.737566
0 0.956143 0.0860327 1.0017 0.0839919 0.999601 0.000856409 0.954048 0.00289717
0 0.0275916 0.797337 0.0285461 0.728541 -0.001257 0.727806 -0.00221151 0.796602
0 0.0332976 0.190068 0.037002 0.081063 -0.00460533 0.0785493 -0.00830971 0.187554
0 0.754212 0.60843 0.852681 0.559611 0.825599 0.4625 0.72713 0.511319
0 0.655965 0.640794 0.693455 0.588773 0.644804 0.526443 0.607314 0.578464
0 0.773461 0.829143 0.82219 0.793892 0.794311 0.72538 0.745583 0.760632
0 0.558605 0.268683 0.566563 0.203192 0.47493 0.183397 0.466972 0.248888
0 0.964976 0.573125 1.00457 0.571762 1.00303 0.492252 0.963436 0.493615
0 0.0230037 0.41992 0.0388689 0.319257 -0.00183773 0.307852 -0.0177029 0.408514
