0 0.127143 0.812958 0.149609 0.739775 0.092007 0.722092 0.0695411 0.795275
0 0.674528 0.0784333 0.800731 0.0583497 0.789762 -0.0105766 0.663559 0.009507
0 0.299036 0.96077 0.299775 0.852406 0.188883 0.851649 0.188144 0.960013
0 0.63903 0.582651 0.650255 0.496737 0.585374 0.48826 0.57415 0.574174
0 0.0897928 0.543832 0.180246 0.443302 0.109396 0.379555 0.0189436 0.480085
0 0.304841 0.61124 0.31075 0.532067 0.228852 0.525955 0.222943 0.605128
0 0.394275 0.627151 0.394875 0.538124 0.308452 0.537542 0.307852 0.62657
0 0.513431 0.950699 0.513734 0.83759 0.409816 0.837312 0.409513 0.950421
0 0.141412 0.730153 0.158324 0.629357 0.0670645 0.614045 0.0501524 0.714841
0 0.220893 0.592729 0.244671 0.512808 0.196405 0.498448 0.172628 0.578369
0 0.501934 0.582633 0.582051 0.582607 0.582023 0.496565 0.501906 0.496591
0 0.69714 0.154285 0.823065 0.114785 0.801195 0.0450627 0.675269 0.0845626
0 0.313503 0.792457 0.317876 0.708742 0.197598 0.702458 0.193225 0.786173
0 0.728001 0.849895 0.729822 0.73985 0.617551 0.737992 0.61573 0.848037
0 0.756214 0.939553 0.757277 0.842384 0.662813 0.841352 0.661751 0.938521
0 0.419587 0.102562 0.424095 0.044692 0.198224 0.0270958 0.193716 0.0849655
0 0.404868 0.954365 0.40487 0.823923 0.290876 0.823921 0.290874 0.954363
0 0.157758 0.582564 0.210715 0.491739 0.151787 0.45738 0.0988294 0.548204
0 0.829697 0.769772 0.830063 0.701556 0.764351 0.701204 0.763985 0.76942
0 0.404087 0.810937 0.499571 0.791188 0.47317 0.663541 0.377686 0.68329
0 0.859043 0.678258 0.930609 0.650537 0.886202 0.535891 0.814636 0.563612
0 0.561857 0.941727 0.628099 0.936311 0.619554 0.831807 0.553312 0.837224
0 0.128812 0.963806 0.1991 0.958505 0.190808 0.84856 0.120519 0.853861
0 0.838914 0.934665 0.897962 0.905667 0.856596 0.821436 0.797549 0.850434
0 0.821639 0.582867 0.886024 0.5484 0.828432 0.440817 0.764046 0.475284
0 0.402965 0.621628 0.459814 0.60672 0.433742 0.507301 0.376894 0.522209
0 0.0335417 0.485299 0.11905 0.367247 0.0419295 0.311387 -0.0435783 0.429439
0 0.619529 0.187131 0.625238 0.0822275 0.509162 0.0759111 0.503453 0.180814
0 0.889964 0.93934 0.979583 0.92868 0.96112 0.773472 0.871501 0.784132
0 0.864372 0.793335 0.952804 0.792618 0.951983 0.691518 0.863552 0.692235
0 0.837172 0.288292 0.941898 0.206792 0.836847 0.0718021 0.73212 0.153303
0 0.45308 0.607482 0.515277 0.595385 0.49581 0.495294 0.433613 0.507391
0 0.349676 0.806096 0.404998 0.80218 0.396766 0.685873 0.341445 0.689789
0 0.0528175 0.953412 0.13029 0.951122 0.127324 0.850764 0.0498511 0.853053
0 0.566458 0.400534 0.567649 0.264705 0.411164 0.263333 0.409973 0.399163
0 0.522935 0.749269 0.575255 0.742468 0.562392 0.643504 0.510072 0.650305
0 0.755465 0.716894 0.850871 0.669237 0.824547 0.616538 0.72914 0.664195
0 0.630546 0.736932 0.637705 0.641719 0.563526 0.636142 0.556367 0.731355
0 0.632805 0.780087 0.712258 0.70455 0.666546 0.656468 0.587093 0.732005
0 0.510797 0.93823 0.565592 0.933333 0.556708 0.833921 0.501913 0.838818
0 0.573 0.118267 0.612488 0.0205323 0.514272 -0.0191502 0.474784 0.0785841
0 0.0806626 0.668119 0.0931322 0.584643 0.0033455 0.571231 -0.00912406 0.654707
0 0.427425 0.0558257 0.433212 -0.00209911 0.316093 -0.0137987 0.310306 0.0441261
0 0.703385 0.638059 0.784183 0.563179 0.745332 0.521258 0.664535 0.596138
0 0.309582 0.784378 0.35161 0.781319 0.344959 0.689928 0.302932 0.692986
0 0.767864 0.496901 0.833539 0.437251 0.783624 0.382294 0.717949 0.441945
0 0.583423 0.240621 0.670005 0.194335 0.642615 0.143098 0.556032 0.189384
0 0.804424 0.845382 0.863999 0.814271 0.828704 0.746682 0.769129 0.777792
0 0.87514 0.121594 0.937654 0.0807579 0.881696 -0.00490557 0.819182 0.0359305
0 0.258297 0.276202 0.315276 0.273233 0.306716 0.108959 0.249737 0.111928
0 0.420023 0.256311 0.428206 0.12156 0.298613 0.11369 0.29043 0.24844
0 -0.00585781 0.967572 0.0542896 0.966799 0.0526655 0.84042 -0.00748192 0.841193
0 0.890075 0.179594 0.981156 0.117092 0.946474 0.066552 0.855393 0.129054
0 -0.00780541 0.84026 0.0296932 0.838369 0.0245564 0.736498 -0.0129422 0.738389
0 1.01161 0.511542 1.08146 0.37821 0.958315 0.313695 0.888466 0.447027
0 0.687938 1.00473 0.778491 0.999733 0.777422 0.980356 0.686869 0.985352
0 0.301504 0.536558 0.313059 0.468806 0.234792 0.455458 0.223237 0.52321
0 0.862319 1.00035 0.951539 0.996764 0.950654 0.974767 0.861434 0.978356
0 0.80696 1.00453 0.880418 0.997604 0.878535 0.977627 0.805076 0.984552
0 0.696418 1.00204 0.696691 0.984472 0.622018 0.98331 0.621745 1.00088
0 1.00139 1.00056 1.00181 0.941854 0.950364 0.941485 0.949943 1.00019
0 0.0282309 0.379307 0.0447628 0.295125 -0.0118225 0.284013 -0.0283543 0.368195
0 0.689396 0.606703 0.73085 0.518146 0.660636 0.485279 0.619182 0.573836
0 0.0403931 0.60462 0.0422433 0.528595 -0.00223863 0.527512 -0.00408881 0.603537
0 0.738957 1.00398 0.806931 0.997338 0.805358 0.981244 0.737384 0.98789
0 0.394412 0.208776 0.395226 0.135887 0.325985 0.135114 0.325171 0.208003
0 0.980917 0.131795 1.023 0.090416 0.968982 0.0354881 0.926903 0.076867
0 0.49442 0.0567691 0.495528 -0.00204553 0.420964 -0.00345076 0.419856 0.0553639
0 0.350667 0.9522 0.416708 0.947976 0.410226 0.846645 0.344186 0.850869
0 0.984283 0.0717786 1.01303 0.0102455 0.942539 -0.0226902 0.91379 0.0388429
0 0.719161 0.452025 0.829616 0.315068 0.687024 0.200067 0.576568 0.337024
0 0.000557413 0.367456 0.054006 0.366829 0.0526864 0.254297 -0.000762178 0.254924
0 0.567505 1.00121 0.617744 1.00075 0.617599 0.985134 0.56736 0.985601
0 0.480948 0.205676 0.518481 0.192182 0.495188 0.12739 0.457654 0.140884
