0 0.340419 0.789454 0.358998 0.6568 0.243632 0.640643 0.225054 0.773297
0 0.578922 0.152496 0.584222 0.0599559 0.498744 0.05506 0.493444 0.1476
0 0.298239 0.543549 0.304929 0.435974 0.217977 0.430566 0.211287 0.538141
0 0.501817 0.592257 0.512188 0.453155 0.425571 0.446697 0.4152 0.5858
0 0.193747 0.993977 0.197331 0.88605 0.0843006 0.882297 0.0807172 0.990224
0 0.20241 0.535385 0.211867 0.419078 0.120665 0.411663 0.111209 0.527969
0 0.85444 0.435161 0.860753 0.322008 0.716112 0.313938 0.709799 0.42709
0 0.227342 0.759855 0.23687 0.643143 0.15998 0.636866 0.150451 0.753577
0 0.298788 0.120492 0.300414 0.0433863 0.234937 0.0420049 0.23331 0.11911
0 0.565469 0.327301 0.570376 0.228406 0.470509 0.223451 0.465602 0.322346
0 0.434636 0.148491 0.444078 0.0841099 0.336698 0.0683619 0.327256 0.132743
0 0.156707 0.75225 0.164094 0.643405 0.0760639 0.637431 0.0686771 0.746276
0 0.363971 0.556518 0.374904 0.436008 0.303436 0.429525 0.292503 0.550034
0 0.323687 0.367755 0.328311 0.28922 0.18646 0.280867 0.181836 0.359402
0 0.304617 1.0052 0.308385 0.896245 0.194338 0.892301 0.19057 1.00126
0 0.712497 0.815778 0.71818 0.701092 0.586369 0.694559 0.580685 0.809245
0 0.956142 0.447467 0.958995 0.391107 0.904863 0.388367 0.90201 0.444727
0 0.192568 0.352536 0.197351 0.249755 0.0970084 0.245086 0.0922259 0.347867
0 0.476573 0.729176 0.479768 0.643605 0.401006 0.640665 0.397811 0.726235
0 0.579926 0.233807 0.584703 0.145248 0.484339 0.139834 0.479562 0.228394
0 0.399109 0.376654 0.403584 0.281334 0.316097 0.277227 0.311623 0.372547
0 0.554648 0.396343 0.559777 0.323928 0.451044 0.316226 0.445915 0.388641
0 0.285934 0.248902 0.289832 0.178067 0.22161 0.174313 0.217712 0.245147
0 0.450069 0.0866546 0.455875 -0.00027122 0.375348 -0.00564997 0.369542 0.0812759
0 0.583283 0.796966 0.587612 0.658059 0.464498 0.654222 0.460169 0.793129
0 0.291991 0.184105 0.294553 0.115848 0.227421 0.113328 0.224859 0.181585
0 0.110065 0.521384 0.117836 0.404317 0.0400426 0.399154 0.0322718 0.516221
0 0.746233 0.571884 0.751057 0.480951 0.664731 0.476371 0.659907 0.567304
0 0.585192 0.56566 0.592837 0.464211 0.510264 0.457989 0.502619 0.559438
0 0.412466 0.285068 0.418321 0.234415 0.327645 0.223934 0.32179 0.274586
0 0.755509 1.01886 0.760944 0.958994 0.593173 0.943763 0.587738 1.00363
0 0.428411 0.236684 0.433813 0.136559 0.318654 0.130345 0.313251 0.23047
0 0.0726877 0.743297 0.0765286 0.627808 0.000336105 0.625274 -0.00350478 0.740763
0 0.710138 0.41886 0.728886 0.334107 0.683712 0.324114 0.664964 0.408867
0 0.396893 1.0127 0.403721 0.915087 0.304002 0.908112 0.297174 1.00573
0 0.842667 0.567448 0.854337 0.505052 0.750229 0.48558 0.738558 0.547976
0 0.916045 0.726209 0.956461 0.645596 0.841515 0.587967 0.801099 0.668581
0 0.156306 0.0958276 0.158224 0.0295475 0.0817587 0.0273346 0.0798406 0.0936147
0 0.878488 0.777057 0.910752 0.726178 0.806009 0.659756 0.773745 0.710635
0 0.613452 0.0642142 0.615672 -0.00304638 0.508616 -0.00658058 0.506395 0.06068
0 0.463378 0.790763 0.467949 0.726136 0.395837 0.721036 0.391266 0.785663
0 0.661609 0.576184 0.673651 0.471721 0.590852 0.462177 0.578811 0.56664
0 0.904099 0.44422 0.908115 0.391508 0.844653 0.386672 0.840637 0.439384
0 0.0732896 0.97761 0.0763235 0.874756 0.00238129 0.872575 -0.00065265 0.975429
0 0.380145 0.0589478 0.381448 -0.00182701 0.327006 -0.00299346 0.325704 0.0577814
0 0.671645 0.397556 0.690992 0.311842 0.56484 0.283367 0.545493 0.36908
0 0.892833 0.369911 0.968443 0.31302 0.928695 0.260195 0.853085 0.317085
0 0.104041 0.324853 0.106312 0.223434 0.00426297 0.221149 0.00199165 0.322568
0 1.00183 0.455851 1.00362 0.406778 0.964606 0.405359 0.962821 0.454432
0 0.43251 1.00617 0.438802 0.922592 0.396559 0.919411 0.390267 1.00299
0 0.0428962 0.498296 0.046374 0.399978 -0.00305656 0.39823 -0.00653431 0.496547
0 0.842374 1.01101 0.846306 0.97199 0.758072 0.9631 0.754141 1.00212
0 0.163739 0.244924 0.175689 0.0878644 0.11233 0.0830437 0.100381 0.240103
0 0.925722 1.01095 0.928648 0.979147 0.841844 0.97116 0.838918 1.00296
0 0.597986 1.00866 0.600179 0.953693 0.433854 0.947057 0.431661 1.00202
0 0.988204 0.560441 0.992604 0.513698 0.835668 0.498923 0.831268 0.545667
0 0.318047 0.0432622 0.319666 -0.00219628 0.249873 -0.0046807 0.248255 0.0407777
0 0.106691 0.237108 0.108974 0.208624 0.011678 0.200825 0.00939482 0.229309
0 0.977587 0.639682 0.994793 0.546989 0.853267 0.520718 0.836061 0.613411
0 1.00153 0.403641 1.00898 0.335931 0.970902 0.331746 0.96346 0.399456
0 0.170419 0.0346899 0.17151 -0.00129079 0.0992944 -0.00348116 0.0982031 0.0324995
0 0.0792333 0.0445227 0.0807006 -0.0022194 0.0126618 -0.0043553 0.0111945 0.0423867
0 0.248998 0.0419511 0.250754 -0.00398439 0.168882 -0.0071152 0.167125 0.0388203
0 0.869729 0.152614 1.03633 0.0861348 0.981628 -0.050941 0.81503 0.0155386
0 0.795593 0.0571482 0.796452 0.00111729 0.721484 -3.19779e-05 0.720625 0.0559989
0 1.00007 0.317995 1.02947 0.259323 0.959937 0.224482 0.930537 0.283154
0 0.996989 1.00875 0.999108 0.984868 0.925634 0.978348 0.923515 1.00223
0 0.361162 0.628832 0.36276 0.548782 0.284961 0.54723 0.283363 0.627279
0 0.961814 0.781118 1.00177 0.780904 1.00119 0.672328 0.961232 0.672542
0 0.114331 0.191705 0.115332 0.0803147 -0.00358833 0.0792461 -0.00458925 0.190637
0 0.0550946 1.0007 0.0552538 0.972164 0.00348984 0.971876 0.00333064 1.00041
0 0.0136176 0.0449378 0.0140177 -0.00381962 0.000409292 -0.00393129 9.19311e-06 0.0448261
0 0.700439 0.0700429 0.701238 -0.000168815 0.613379 -0.0011689 0.61258 0.0690429
0 0.977222 0.183018 1.03507 0.115551 0.97994 0.0682819 0.922093 0.135748
0 0.725887 0.0784143 0.72783 8.51676e-05 0.650804 -0.00182552 0.648861 0.0765036
0 0.833817 0.0647801 0.835251 0.00922037 0.787184 0.00797972 0.78575 0.0635394
0 0.25659 0.272005 0.259066 0.243844 0.188181 0.23761 0.185705 0.265771
