0 0.19779 0.282201 0.378628 0.271134 0.374032 0.19603 0.193193 0.207097
0 0.250021 0.172437 0.2521 0.0428891 0.141619 0.041116 0.13954 0.170664
0 0.833078 0.296119 0.835249 0.177184 0.709124 0.174882 0.706953 0.293817
0 0.143055 0.163367 0.145782 0.0388702 0.0689075 0.0371863 0.0661803 0.161683
0 0.534005 0.411721 0.534006 0.345816 0.459139 0.345814 0.459138 0.41172
0 0.254222 0.614236 0.265245 0.369556 0.16659 0.365111 0.155566 0.609791
0 0.544325 0.560554 0.719388 0.459616 0.669175 0.372529 0.494112 0.473467
0 0.77944 0.482876 0.905452 0.46079 0.895823 0.405853 0.769811 0.427939
0 0.149209 0.44655 0.191214 0.345481 0.0130253 0.271424 -0.0289799 0.372493
0 0.145787 0.663023 0.155877 0.530896 0.0694543 0.524296 0.059364 0.656423
0 0.72801 0.127033 0.940493 0.104257 0.930522 0.0112369 0.71804 0.0340128
0 0.143748 0.664832 0.258964 0.66415 0.258571 0.597731 0.143355 0.598413
0 0.108117 0.474772 0.118167 0.411845 -0.00336935 0.392433 -0.0134199 0.455361
0 0.860362 0.429132 0.863432 0.341605 0.774075 0.338471 0.771004 0.425997
0 0.684711 0.142706 0.745078 0.123815 0.717743 0.0364682 0.657376 0.05536
0 0.798306 0.656237 0.883884 0.638034 0.872221 0.583198 0.786642 0.601402
0 0.392162 0.155842 0.456874 0.154904 0.455566 0.064706 0.390855 0.0656442
0 0.455227 0.152333 0.523962 0.151718 0.5233 0.0777374 0.454566 0.0783522
0 0.204496 0.335308 0.21951 0.23438 0.0556458 0.210002 0.0406311 0.31093
0 0.973231 0.2667 0.975836 0.158158 0.906426 0.156492 0.903821 0.265034
0 0.834468 0.294833 0.923871 0.283185 0.908043 0.161694 0.81864 0.173342
0 0.995912 0.456709 0.997004 0.268349 0.905115 0.267816 0.904023 0.456177
0 0.0667348 0.569346 0.0715735 0.510243 0.0036274 0.504681 -0.00121131 0.563783
0 0.331126 0.661047 0.468537 0.609588 0.44288 0.541077 0.30547 0.592536
0 -0.00263808 0.847967 0.120957 0.847194 0.120637 0.79588 -0.00295883 0.796652
0 0.437457 0.262017 0.672984 0.242319 0.667523 0.177023 0.431996 0.19672
0 0.353202 0.46555 0.363041 0.394853 0.25912 0.38039 0.249281 0.451087
0 0.757009 0.347708 0.89639 0.340094 0.893924 0.294944 0.754543 0.302559
0 0.340354 0.593144 0.425221 0.545372 0.385488 0.474787 0.300621 0.522558
0 0.864824 0.651343 0.991502 0.620784 0.975282 0.553545 0.848603 0.584104
0 0.349536 0.521113 0.350673 0.450879 0.260088 0.449412 0.258951 0.519646
0 0.00453768 0.133411 0.0619767 0.133028 0.061111 0.00318146 0.00367198 0.00356441
0 0.0640549 0.641345 0.0687641 0.54907 -0.000860269 0.545517 -0.00556954 0.637792
0 0.259614 0.592869 0.315754 0.592399 0.315119 0.516497 0.25898 0.516967
0 0.713976 0.761139 0.872238 0.713687 0.835429 0.590923 0.677167 0.638375
0 0.280121 0.356942 0.284352 0.264496 0.193169 0.260324 0.188939 0.352769
0 0.140295 0.0515104 0.140552 -0.000492573 0.0771645 -0.000805762 0.0769076 0.0511972
0 0.452152 0.0833595 0.514988 0.0830719 0.514645 0.00815146 0.451809 0.00843911
0 0.656098 0.0791256 0.656213 0.00705859 0.511819 0.00682831 0.511704 0.0788953
0 0.821608 0.720405 1.00713 0.666088 0.991192 0.611652 0.80567 0.665969
0 0.712951 0.508196 0.779214 0.502318 0.760377 0.28998 0.694113 0.295859
0 0.962379 0.140328 1.0027 0.140105 1.00219 0.0479193 0.961868 0.0481428
0 0.515248 0.155432 0.671558 0.148057 0.667772 0.0678146 0.511462 0.0751898
0 0.327004 0.666316 0.32755 0.612568 0.25261 0.611806 0.252064 0.665555
0 0.658304 0.0251649 0.77056 0.0247565 0.770462 -0.00197013 0.658207 -0.00156175
0 0.24177 0.0243342 0.331895 0.0229124 0.331515 -0.00118381 0.24139 0.000237984
0 0.395517 0.158262 0.396335 0.0652957 0.337406 0.0647776 0.336588 0.157744
0 0.614038 0.400414 0.688595 0.393774 0.680237 0.29992 0.60568 0.30656
0 0.249491 0.169412 0.358546 0.168832 0.357967 0.059899 0.248912 0.0604791
0 0.972017 0.27338 1.0021 0.272463 1.00019 0.209769 0.970107 0.210685
0 0.975935 0.661845 1.01439 0.657254 0.999732 0.534469 0.961275 0.53906
0 0.161763 0.52156 0.178416 0.438022 0.107419 0.42387 0.0907661 0.507407
0 0.457137 0.610167 0.570129 0.535531 0.490184 0.4145 0.377192 0.489136
0 0.539869 0.472511 0.541804 0.403614 0.460993 0.401343 0.459058 0.47024
0 0.903385 0.0291381 0.903525 -0.00346242 0.769876 -0.00403891 0.769735 0.0285616
0 0.0808093 1.01877 0.213693 0.948581 0.11748 0.766426 -0.0154041 0.836615
0 0.406158 0.0139536 0.406256 0.000175712 0.339339 -0.000301855 0.339241 0.0134761
0 0.361268 0.369926 0.361942 0.279184 0.276308 0.278548 0.275634 0.36929
0 0.0255946 0.330462 0.0281174 0.231412 -0.00274532 0.230626 -0.00526817 0.329675
0 0.0609528 0.98504 0.0877441 0.921241 0.00798435 0.887747 -0.018807 0.951547
0 0.467048 0.356455 0.67215 0.337287 0.658669 0.193049 0.453568 0.212218
0 0.691839 0.674222 0.811215 0.646495 0.799979 0.59812 0.680603 0.625847
0 0.16281 0.423111 0.167269 0.353403 0.110168 0.34975 0.105708 0.419458
0 0.215309 0.166798 0.260725 0.16392 0.252975 0.04162 0.207559 0.0444979
0 0.060229 0.967444 0.0827948 0.933768 0.0168073 0.889551 -0.0057585 0.923226
0 0.863219 0.88229 1.00882 0.793303 0.976365 0.740207 0.830768 0.829194
0 0.588573 0.773169 0.651696 0.744313 0.593611 0.617248 0.530488 0.646104
0 0.916638 0.0622627 1.00395 0.0610638 1.00304 -0.0052793 0.915727 -0.00408044
0 0.662683 0.0200098 0.662735 -0.000597624 0.603838 -0.000746964 0.603786 0.0198605
0 0.632527 0.308064 0.683716 0.305998 0.67949 0.20127 0.628301 0.203336
