0 0.171442 0.603191 0.173422 0.511188 0.0482139 0.509672 0.0462334 0.601675
0 0.575413 1.00148 0.579652 0.949894 0.505649 0.946473 0.50141 0.998062
0 0.410748 0.332231 0.427237 0.25206 0.330554 0.240875 0.314065 0.321046
0 0.664129 0.789902 0.672442 0.728509 0.562647 0.720146 0.554333 0.781539
0 0.612774 0.927039 0.626685 0.844307 0.537308 0.835854 0.523397 0.918585
0 0.426352 0.195833 0.43977 0.117875 0.334479 0.107681 0.321061 0.185639
0 0.0687248 0.688345 0.19399 0.688199 0.1938 0.596413 0.068535 0.596559
0 0.254168 0.954527 0.256245 0.858244 0.131139 0.856726 0.129062 0.953008
0 0.148998 0.514353 0.150008 0.420276 0.0264374 0.41953 0.0254278 0.513607
0 0.865173 0.43272 0.87832 0.362418 0.7827 0.35236 0.769553 0.422662
0 0.210416 0.777773 0.213452 0.68393 0.0931943 0.681742 0.0901585 0.775585
0 0.5034 0.351908 0.516737 0.272466 0.415356 0.262892 0.402018 0.342334
0 0.623959 0.643039 0.638628 0.55915 0.533443 0.548805 0.518774 0.632693
0 0.707893 0.94574 0.717197 0.87939 0.609784 0.870917 0.60048 0.937267
0 0.711648 0.668666 0.727385 0.58524 0.62991 0.574897 0.614173 0.658323
0 -0.000632996 0.424946 0.13476 0.424176 0.133729 0.322217 -0.00166398 0.322987
0 0.686045 0.387406 0.695001 0.318179 0.599124 0.311202 0.590168 0.380429
0 0.790808 0.97287 0.812616 0.89604 0.730417 0.882916 0.70861 0.959746
0 0.797415 0.687871 0.81091 0.607922 0.717052 0.599011 0.703558 0.678961
0 0.187582 0.281306 0.235589 0.208506 0.161798 0.181134 0.11379 0.253934
0 0.592821 0.363617 0.597997 0.30062 0.516683 0.296863 0.511508 0.359859
0 -0.00442237 0.327919 0.103672 0.327172 0.102385 0.222425 -0.00571018 0.223173
0 0.260667 0.772584 0.375722 0.772151 0.37523 0.698652 0.260175 0.699085
0 0.777586 0.412221 0.781668 0.347651 0.698056 0.344677 0.693974 0.409247
0 0.292819 0.45711 0.293309 0.368737 0.191435 0.368419 0.190944 0.456792
0 0.759936 0.818356 0.775852 0.746391 0.681175 0.734613 0.66526 0.806577
0 0.499468 0.906092 0.499688 0.833215 0.412657 0.833067 0.412437 0.905944
0 0.529063 0.622627 0.547847 0.531432 0.459027 0.521141 0.440243 0.612336
0 0.230824 0.864813 0.232465 0.768982 0.106393 0.767768 0.104752 0.863599
0 0.318273 0.920408 0.420154 0.920282 0.419989 0.845775 0.318108 0.845902
0 0.888012 0.989638 0.899145 0.914925 0.800977 0.906696 0.789844 0.981409
0 0.80786 0.0635315 0.895218 0.0623301 0.893657 -0.00151992 0.806299 -0.000318483
0 0.956781 0.337744 0.97469 0.267047 0.878184 0.253296 0.860275 0.323993
0 0.767035 0.541849 0.884159 0.541783 0.884087 0.470672 0.766963 0.470739
0 0.955884 0.857231 0.95712 0.803528 0.872318 0.802431 0.871083 0.856134
0 0.473438 0.756232 0.47364 0.6862 0.373324 0.686037 0.373121 0.756068
0 0.959704 0.536722 0.96045 0.47851 0.879861 0.477929 0.879114 0.536141
0 0.717993 0.0755253 0.808798 0.0753926 0.808624 0.00837974 0.717819 0.0085125
0 0.297894 0.283821 0.310568 0.214337 0.218494 0.20489 0.20582 0.274374
0 0.853785 0.836821 0.861327 0.767128 0.75681 0.760765 0.749268 0.830459
0 0.934224 0.694206 1.01617 0.670259 0.981984 0.60446 0.90004 0.628407
0 0.877764 0.30972 0.889286 0.242615 0.784755 0.232519 0.773232 0.299624
0 0.663671 0.512534 0.696672 0.424844 0.613588 0.407256 0.580587 0.494946
0 0.284692 0.164106 0.341264 0.0856807 0.258426 0.0520686 0.201854 0.130494
0 0.566014 0.488735 0.576705 0.434109 0.487274 0.424264 0.476584 0.47889
0 0.900817 0.946141 0.99303 0.944735 0.991158 0.875699 0.898945 0.877105
0 0.149878 1.00524 0.278365 1.00394 0.277295 0.944495 0.148808 0.945795
0 0.770945 0.535752 0.788876 0.444332 0.679595 0.432275 0.661664 0.523695
0 0.558553 0.774841 0.562358 0.71757 0.486497 0.714735 0.482692 0.772005
0 0.189229 0.121913 0.283186 0.0641847 0.225546 0.0114146 0.131589 0.0691427
0 0.504693 0.999871 0.50488 0.943735 0.447241 0.943627 0.447054 0.999763
0 0.411153 0.0866773 0.498756 0.0112599 0.430876 -0.0330923 0.343273 0.042325
0 0.814311 0.700922 0.919146 0.70067 0.918809 0.621758 0.813973 0.622011
0 0.744943 0.208927 0.957448 0.178231 0.935496 0.0927473 0.72299 0.123444
0 -0.00206254 0.173247 0.0651411 0.172409 0.0636443 0.104901 -0.00355933 0.10574
0 0.324041 0.609997 0.425925 0.609551 0.425354 0.536214 0.32347 0.536661
0 0.917779 1.001 0.999465 1.00062 0.999016 0.94589 0.91733 0.946267
0 0.0745718 0.22556 0.0749466 0.167375 0.00148553 0.167109 0.00111079 0.225294
0 0.536839 0.239332 0.708713 0.217401 0.693719 0.151303 0.521845 0.173234
0 0.941324 0.178485 0.983 0.176636 0.975817 0.0855477 0.934142 0.0873962
0 0.482273 0.227792 0.506197 0.143903 0.434116 0.13234 0.410192 0.216229
0 0.295337 0.46309 0.403266 0.449087 0.375898 0.330431 0.267969 0.344434
0 0.495503 0.117668 0.699631 0.0969942 0.681754 -0.00229296 0.477627 0.0183804
0 0.334843 0.616637 0.337079 0.566299 0.269 0.564599 0.266765 0.614936
0 0.961903 0.173904 1.01213 0.171509 1.00376 0.0727024 0.953525 0.0750983
0 0.955535 0.843631 1.00499 0.84258 1.00216 0.767509 0.9527 0.76856
0 0.932921 0.0552803 1.00021 0.0539856 0.998434 0.00215036 0.931148 0.00344501
0 0.578022 0.43929 0.59173 0.383185 0.498014 0.370304 0.484306 0.426409
0 0.476004 0.471959 0.494132 0.415159 0.418941 0.40166 0.400813 0.458461
0 0.644285 0.727384 0.653378 0.687206 0.594212 0.679674 0.585119 0.719852
0 0.393599 0.0483488 0.395458 -0.00442397 0.288962 -0.00653428 0.287103 0.0462385
0 1.00021 0.36944 1.00838 0.297367 0.965608 0.294637 0.95743 0.36671
0 0.0551471 0.112621 0.0582462 0.0573267 -0.00491115 0.0553355 -0.00801026 0.11063
0 -0.000512963 0.995029 0.0885414 0.99501 0.0884886 0.850742 -0.000565812 0.85076
0 0.596065 0.715548 0.611292 0.67448 0.501938 0.651673 0.486712 0.69274
0 0.00205036 0.872014 0.0333559 0.871669 0.0314711 0.775371 0.000165577 0.775715
0 -0.00168288 0.745862 0.0343808 0.745503 0.0331773 0.677645 -0.00288639 0.678005
0 0.607066 0.0487879 0.687008 0.0466832 0.684748 -0.00158579 0.604807 0.000518957
0 0.718436 0.0197995 0.801727 0.0185573 0.801221 -0.000552333 0.717929 0.000689787
0 0.596779 0.130412 0.682604 0.0789711 0.619577 0.0198219 0.533752 0.0712632
