0 0.524554 0.583104 0.531302 0.443387 0.404009 0.437239 0.39726 0.576955
0 0.538331 0.711736 0.544798 0.568252 0.404623 0.561934 0.398156 0.705418
0 0.430278 0.293444 0.537563 0.293218 0.537369 0.200938 0.430084 0.201164
0 0.212197 0.40275 0.318552 0.381572 0.303638 0.306675 0.197283 0.327852
0 0.231418 0.218347 0.315406 0.197165 0.276513 0.0429522 0.192526 0.064134
0 0.433006 0.211302 0.53703 0.211214 0.536947 0.112146 0.432923 0.112234
0 0.426569 0.641319 0.429177 0.563045 0.355264 0.560583 0.352656 0.638856
0 0.548133 0.431728 0.549583 0.338512 0.442516 0.336846 0.441066 0.430062
0 0.298694 0.151192 0.35944 0.134101 0.328286 0.023366 0.267539 0.0404564
0 0.692551 0.84094 0.696101 0.750769 0.601339 0.747038 0.597789 0.837209
0 0.281811 0.320986 0.358629 0.307109 0.339121 0.199115 0.262303 0.212991
0 0.250494 1.0004 0.388829 1.0004 0.388828 0.877289 0.250493 0.87729
0 0.0988488 0.270685 0.108446 0.164561 -0.000649946 0.154695 -0.0102472 0.260819
0 0.336784 0.134975 0.424821 0.134585 0.424379 0.034724 0.336341 0.035114
0 0.422766 0.869968 0.428724 0.757936 0.355591 0.754046 0.349633 0.866079
0 0.441473 0.349009 0.555575 0.347416 0.55486 0.296231 0.440758 0.297824
0 0.364151 0.650963 0.383274 0.51809 0.266392 0.501269 0.24727 0.634142
0 0.526045 0.112758 0.526348 -0.00305958 0.40523 -0.00337667 0.404927 0.112441
0 0.941704 0.490753 0.999729 0.488702 0.995139 0.358834 0.937114 0.360885
0 0.378118 0.98554 0.427423 0.979375 0.41234 0.85874 0.363035 0.864904
0 0.667648 0.883777 0.736987 0.855238 0.719407 0.812526 0.650068 0.841065
0 0.0881037 0.349528 0.0959723 0.266371 -0.000200564 0.257271 -0.00806916 0.340428
0 0.00678245 0.0384745 0.101563 0.0209254 0.0945866 -0.0167512 -0.000193585 0.000797874
0 0.00220968 0.754078 0.100001 0.753056 0.0989617 0.653652 0.00117022 0.654674
0 0.502417 0.797264 0.503909 0.700772 0.418979 0.699459 0.417487 0.795951
0 0.0669406 0.668851 0.0681961 0.591009 -0.0014389 0.589886 -0.00269442 0.667728
0 1.00319 0.902287 1.00388 0.829437 0.966755 0.829084 0.966062 0.901934
0 0.108584 0.220288 0.166411 0.206168 0.13428 0.0745661 0.0764522 0.0886852
0 0.97442 0.947262 1.00177 0.94704 1.00135 0.895805 0.974004 0.896028
0 1.0017 0.653829 1.00187 0.553818 0.981362 0.553785 0.981198 0.653795
