0 0.692455 0.27452 0.830376 0.18487 0.76919 0.090741 0.63127 0.180392
0 0.365391 0.512632 0.504299 0.41341 0.437996 0.320588 0.299088 0.41981
0 0.481874 0.437576 0.608162 0.338727 0.535346 0.245697 0.409058 0.344547
0 0.442184 0.724803 0.584035 0.653906 0.548671 0.583149 0.40682 0.654047
0 0.905898 0.354062 0.988843 0.293628 0.881445 0.146225 0.798499 0.20666
0 0.601236 0.354565 0.721638 0.259654 0.652963 0.172536 0.532562 0.267447
0 0.174748 0.841022 0.288563 0.80748 0.267892 0.737336 0.154076 0.770878
0 0.281519 0.132424 0.402161 0.0286332 0.303081 -0.0865328 0.182439 0.0172579
0 0.25183 0.114138 0.303824 0.0864622 0.24379 -0.0263216 0.191795 0.00135469
0 0.407829 0.74024 0.474648 0.695233 0.431061 0.630521 0.364242 0.675528
0 0.0506917 0.315273 0.0958339 0.199127 -0.0107663 0.157694 -0.0559085 0.273841
0 0.80642 0.0923423 0.829426 -0.00558258 0.699119 -0.0361971 0.676112 0.0617277
0 0.0614314 0.624845 0.0642556 0.506602 -0.0239094 0.504496 -0.0267336 0.622739
0 0.337401 0.0452967 0.433422 0.0411257 0.431413 -0.00512317 0.335392 -0.000952189
0 0.0876933 0.640952 0.0902947 0.464138 -0.000137418 0.462807 -0.00273886 0.639621
0 0.988789 0.295457 1.08477 0.236265 0.986816 0.0774374 0.890837 0.136629
0 -0.00314473 0.318927 0.116583 0.318375 0.115663 0.118663 -0.00406546 0.119215
