0 0.23277 0.982187 0.372577 0.962627 0.356695 0.898773 0.216889 0.918333
0 0.75651 0.43782 1.0218 0.403191 1.00284 0.321508 0.737555 0.356137
0 0.719478 0.557889 0.970906 0.530152 0.956757 0.458014 0.70533 0.485751
0 0.452982 0.643341 0.690544 0.604665 0.666509 0.521622 0.428947 0.560298
0 0.474995 0.940891 0.579671 0.940465 0.579203 0.875878 0.474527 0.876305
0 0.809006 0.866126 0.964879 0.864156 0.963615 0.807889 0.807742 0.809859
0 0.239501 0.98795 0.239782 0.924634 0.141692 0.924389 0.141411 0.987705
0 0.454143 0.660112 0.456045 0.575445 0.340744 0.573988 0.338842 0.658656
0 0.00661352 0.698439 0.155278 0.677054 0.139549 0.615546 -0.00911547 0.63693
0 0.179753 0.566242 0.250304 0.479367 0.142509 0.430126 0.071958 0.517001
0 0.130764 0.690368 0.245829 0.689674 0.244919 0.604873 0.129854 0.605567
0 0.106651 0.567568 0.108315 0.483408 -0.00347374 0.482165 -0.00513712 0.566325
0 0.834525 0.241114 1.05008 0.180104 1.01102 0.102478 0.795465 0.163488
0 0.354058 0.679898 0.355436 0.587653 0.233267 0.586627 0.23189 0.678872
0 0.632025 0.460707 0.794251 0.436172 0.774869 0.364087 0.612643 0.388622
0 0.793789 0.722506 1.02163 0.693362 1.00435 0.617398 0.776515 0.646542
0 0.57133 0.93086 0.721394 0.916583 0.711417 0.857594 0.561353 0.87187
0 0.0123289 1.01078 0.153383 0.99955 0.143768 0.931584 0.00271317 0.94281
0 0.361646 0.961442 0.487127 0.944164 0.471572 0.880621 0.346092 0.897898
0 0.207629 0.403306 0.455238 0.32794 0.411446 0.24701 0.163837 0.322377
0 0.136101 0.271639 0.267523 0.0623367 0.182905 0.03245 0.0514833 0.241752
0 0.47389 0.485106 0.658656 0.449085 0.639408 0.39355 0.454642 0.429571
0 0.0446155 0.310703 0.0609178 0.236645 -0.0207253 0.226536 -0.0370276 0.300594
0 0.78364 0.173657 1.04472 0.0968552 1.00141 0.0140517 0.740336 0.0908535
0 0.607612 0.26403 0.83661 0.171729 0.776397 0.087699 0.5474 0.18
0 0.111956 0.248647 0.17819 0.19007 0.116291 0.1507 0.0500562 0.209277
0 0.458889 0.639259 0.521998 0.626831 0.496066 0.55276 0.432957 0.565188
0 0.852147 0.663151 0.863699 0.571592 0.760405 0.564261 0.748853 0.65582
0 0.586595 0.718219 0.732458 0.685811 0.700821 0.605715 0.554958 0.638124
0 0.748586 0.607976 0.839394 0.605866 0.83671 0.540904 0.745902 0.543015
0 0.174761 0.194062 0.210292 0.13432 0.13757 0.109992 0.102039 0.169733
0 0.219946 0.142864 0.249932 0.066644 0.172529 0.0495151 0.142543 0.125735
0 0.0571 0.283585 0.114218 0.252381 0.0544517 0.190843 -0.00266632 0.222046
0 0.740662 0.0943401 0.944185 0.0115042 0.898526 -0.0515985 0.695002 0.0312374
0 0.326391 0.514441 0.327149 0.432705 0.223556 0.432165 0.222798 0.513901
0 0.000637521 1.00017 0.0168113 0.999961 0.0156615 0.950629 -0.000512295 0.950841
0 0.501244 0.333747 0.63392 0.245975 0.552243 0.176527 0.419567 0.2643
