0 0.378319 0.812337 0.399322 0.738967 0.341064 0.72229 0.320061 0.79566
0 0.549029 0.960963 0.549863 0.85249 0.438924 0.851636 0.43809 0.960109
0 0.890283 0.58211 0.900159 0.497067 0.834192 0.489407 0.824316 0.574449
0 0.644317 0.627152 0.644915 0.538114 0.558408 0.537533 0.55781 0.626571
0 0.555165 0.611244 0.560678 0.531807 0.478528 0.526107 0.473015 0.605544
0 0.763471 0.95072 0.76381 0.837718 0.659928 0.837407 0.659589 0.950408
0 0.115667 0.882017 0.119568 0.778847 0.00731597 0.774603 0.00341489 0.877772
0 0.39284 0.729459 0.407584 0.62725 0.315275 0.613935 0.300532 0.716144
0 0.751872 0.582679 0.83213 0.582656 0.832105 0.496776 0.751848 0.496798
0 0.470873 0.593092 0.494909 0.512734 0.446516 0.498259 0.42248 0.578617
0 0.339177 0.544806 0.43101 0.443674 0.359878 0.379083 0.268045 0.480215
0 0.220504 0.984971 0.320972 0.958221 0.286225 0.827719 0.185756 0.854469
0 0.563749 0.792417 0.568018 0.708418 0.44757 0.702298 0.443302 0.786296
0 0.977746 0.850258 0.97977 0.739723 0.867719 0.737671 0.865694 0.848206
0 1.00117 0.0769547 1.0018 0.00260206 0.918972 0.00189931 0.918342 0.0762519
0 0.669683 0.102585 0.674219 0.0447531 0.448478 0.0270471 0.443942 0.084879
0 0.654755 0.954425 0.65477 0.823736 0.54087 0.823722 0.540854 0.954412
0 0.301774 0.953438 0.380372 0.951549 0.377952 0.850859 0.299354 0.852748
0 0.220976 0.704479 0.223146 0.608029 0.124214 0.605803 0.122044 0.702254
0 0.0451733 1.00021 0.155547 0.999087 0.154482 0.894627 0.0441085 0.895752
0 0.812207 0.941858 0.877414 0.936365 0.868608 0.831828 0.803401 0.83732
0 -0.00427603 0.727403 0.0738034 0.726008 0.0719171 0.620427 -0.00616224 0.621821
0 0.407087 0.583241 0.460899 0.491784 0.402052 0.45716 0.34824 0.548617
0 0.378879 0.96371 0.448974 0.958377 0.44063 0.848713 0.370536 0.854046
0 0.654147 0.811087 0.749585 0.791286 0.723075 0.663511 0.627637 0.683312
0 1.0066 0.937452 1.00664 0.841467 0.912407 0.841427 0.912366 0.937412
0 0.165424 0.347243 0.256434 0.225822 0.171752 0.162349 0.0807417 0.28377
0 0.869821 0.187128 0.875818 0.0820535 0.759461 0.0754121 0.753464 0.180487
0 0.105182 0.559691 0.200209 0.517793 0.131223 0.361331 0.0361961 0.40323
0 0.652914 0.62161 0.709802 0.606716 0.683798 0.507395 0.62691 0.522289
0 0.703032 0.607289 0.765257 0.595194 0.745866 0.495425 0.683641 0.507519
0 0.599695 0.806058 0.654984 0.802154 0.646774 0.685873 0.591485 0.689777
0 0.816691 0.40066 0.817874 0.264556 0.661032 0.263194 0.659849 0.399298
0 4.03523e-05 0.995179 0.0583598 0.995109 0.0582835 0.931844 -3.59006e-05 0.931914
0 0.176569 0.867974 0.298733 0.83638 0.273939 0.740508 0.151775 0.772101
0 0.216242 0.411867 0.29563 0.321364 0.258156 0.288493 0.178768 0.378995
0 0.280474 0.483684 0.369747 0.375882 0.295895 0.314723 0.206621 0.422525
0 0.773054 0.749231 0.82527 0.742378 0.812273 0.643353 0.760057 0.650206
0 0.334597 0.66571 0.343304 0.578415 0.248698 0.568979 0.239992 0.656275
0 0.880571 0.737001 0.887715 0.641636 0.813505 0.636077 0.806361 0.731441
0 0.760939 0.938068 0.815553 0.933118 0.806556 0.833865 0.751942 0.838815
0 0.795032 0.123709 0.865994 0.041375 0.788903 -0.0250694 0.71794 0.0572645
0 0.882815 0.780299 0.962022 0.705379 0.91602 0.656745 0.836813 0.731665
0 0.157409 0.235098 0.166097 0.149164 0.0850816 0.140974 0.0763942 0.226908
0 0.677472 0.0558961 0.683286 -0.00209463 0.566182 -0.0138346 0.560369 0.0441561
0 0.0501914 0.624287 0.0506522 0.547893 -0.00501721 0.547557 -0.0054781 0.623951
0 0.833599 0.240538 0.919842 0.194186 0.892352 0.143038 0.806109 0.18939
0 0.22589 0.625516 0.291413 0.562165 0.247856 0.517115 0.182334 0.580466
0 0.559573 0.784194 0.601518 0.781168 0.594927 0.689812 0.552982 0.692838
0 0.182147 0.386363 0.280711 0.288369 0.241557 0.248987 0.142993 0.346981
0 0.0453236 0.920039 0.138389 0.897076 0.128406 0.85662 0.0353413 0.879584
0 0.180135 0.789512 0.252113 0.73578 0.205262 0.673019 0.133284 0.726752
0 0.957082 0.63877 1.02883 0.565872 0.98725 0.524944 0.9155 0.597842
0 -0.00284549 0.788984 0.0943254 0.788158 0.0936969 0.714193 -0.00347396 0.715018
0 0.50827 0.276545 0.564909 0.273572 0.556273 0.109039 0.499634 0.112012
0 0.00327399 0.366115 0.0947876 0.334451 0.0348452 0.161209 -0.0566684 0.192873
0 0.669986 0.256114 0.67815 0.121665 0.548866 0.113815 0.540702 0.248264
0 0.198177 0.584199 0.252846 0.520133 0.20955 0.483187 0.15488 0.547253
0 1.00602 0.146081 1.00669 0.0688834 0.936779 0.0682763 0.936108 0.145474
0 -0.0029271 0.55559 0.0351822 0.554832 0.032722 0.431201 -0.00538739 0.431959
0 0.942848 0.998832 1.00853 0.998413 1.00842 0.979696 0.942729 0.980114
0 0.551679 0.536483 0.562962 0.468545 0.484475 0.45551 0.473191 0.523448
0 0.946206 1.00211 0.946459 0.984243 0.875028 0.983232 0.874775 1.0011
0 0.96735 0.665546 1.00322 0.665295 1.00292 0.622261 0.96705 0.622512
0 0.939165 0.607419 0.982026 0.519978 0.910956 0.485141 0.868095 0.572582
0 0.644403 0.208704 0.645176 0.13591 0.576065 0.135176 0.575291 0.20797
0 0.744233 0.0568072 0.745356 -0.00187976 0.671041 -0.00330137 0.669918 0.0553855
0 0.600717 0.95229 0.666788 0.948035 0.660251 0.846519 0.594181 0.850773
0 0.962757 0.487754 1.00429 0.487083 1.00318 0.418324 0.961648 0.418994
0 0.986187 0.426395 1.02981 0.287502 0.893251 0.244607 0.849624 0.383499
0 0.96546 0.192242 1.00419 0.191402 1.00285 0.129404 0.964115 0.130244
0 0.819291 1.00103 0.868079 1.00086 0.86802 0.984475 0.819232 0.984652
0 0.731036 0.205777 0.768551 0.192297 0.745216 0.127354 0.707701 0.140834
