0 0.456491 0.849831 0.460954 0.710996 0.330657 0.706807 0.326193 0.845642
0 0.513213 0.185661 0.515981 0.053095 0.371785 0.0500836 0.369017 0.18265
0 0.238375 0.251778 0.340839 0.250875 0.339915 0.146085 0.237451 0.146988
0 0.464196 0.306746 0.464442 0.175816 0.33716 0.175577 0.336914 0.306507
0 0.700004 0.665367 0.701922 0.552454 0.575921 0.550313 0.574002 0.663226
0 0.79092 0.999388 0.793312 0.857742 0.665107 0.855577 0.662716 0.997223
0 0.146246 0.218452 0.147724 0.112368 0.0502619 0.11101 0.0487839 0.217094
0 0.449701 0.96458 0.451393 0.848319 0.341131 0.846714 0.339439 0.962976
0 0.578014 0.672309 0.578032 0.56096 0.45353 0.56094 0.453512 0.672289
0 0.865421 0.529325 0.951659 0.502078 0.902419 0.34623 0.816181 0.373476
0 0.824241 0.864158 0.826767 0.740082 0.732981 0.738172 0.730455 0.862249
0 0.684792 0.075487 0.687051 0.00666774 0.551151 0.00220649 0.548892 0.0710258
0 0.790293 0.760109 0.792698 0.635112 0.670857 0.632767 0.668452 0.757764
0 0.231562 0.434623 0.23271 0.356153 0.138229 0.354771 0.137081 0.43324
0 0.141813 0.44084 0.143935 0.367148 0.0678634 0.364958 0.0657416 0.438649
0 0.808812 0.386328 0.88949 0.381078 0.876602 0.183015 0.795923 0.188265
0 0.324198 1.00318 0.443393 1.00054 0.442548 0.962316 0.323353 0.964951
0 0.0619944 0.294265 0.0628332 0.163154 -0.00126572 0.162744 -0.00210445 0.293855
0 0.0570282 0.41661 0.0577567 0.279764 -0.00157029 0.279449 -0.00229875 0.416295
0 0.558694 0.0393341 0.559093 -0.00112131 0.51727 -0.00153387 0.516871 0.0389216
0 0.987089 0.364724 1.09159 0.266903 0.944538 0.109808 0.840036 0.207629
0 0.368437 1.03235 0.430652 1.00947 0.401653 0.930594 0.339437 0.953467
0 0.0279956 0.676688 0.0285893 0.583568 0.00138919 0.583394 0.000795518 0.676515
0 0.0693982 0.251754 0.14237 0.25023 0.141493 0.208224 0.0685212 0.209747
0 0.566218 0.0143654 0.68427 0.013857 0.684196 -0.00325218 0.566145 -0.00274383
0 0.00330588 0.448644 0.0531441 0.447602 0.0516085 0.374113 0.00177028 0.375154
