0 0.135836 0.811463 0.331532 0.787062 0.316648 0.719918 0.120952 0.744319
0 0.0818883 0.685061 0.262876 0.659875 0.246702 0.594496 0.0657143 0.619682
0 0.00332918 0.445281 0.175135 0.425387 0.161829 0.360752 -0.00997607 0.380646
0 0.0643841 0.6201 0.23883 0.598765 0.225857 0.539102 0.0514118 0.560438
0 0.0240576 0.509025 0.208259 0.482397 0.191496 0.41717 0.00729463 0.443798
0 0.048869 0.563985 0.215394 0.542897 0.202621 0.486164 0.0360965 0.507252
0 0.316881 0.150274 0.490444 0.093342 0.455165 0.0328434 0.281602 0.089776
0 0.626334 0.464503 0.632113 0.351995 0.47089 0.347337 0.465111 0.459844
0 0.118413 0.74791 0.311574 0.721676 0.294608 0.651404 0.101446 0.677638
0 -0.00154995 0.383823 0.130641 0.367592 0.117015 0.30517 -0.0151758 0.321401
0 0.930093 0.552053 0.931689 0.455663 0.810194 0.454532 0.808598 0.550921
0 0.823881 0.681825 0.953237 0.680794 0.951968 0.591234 0.822612 0.592265
0 0.44142 0.292385 0.587492 0.249039 0.545522 0.169482 0.39945 0.212828
0 0.683059 0.932435 0.688493 0.794357 0.529351 0.790834 0.523918 0.928913
0 0.367725 0.226595 0.543062 0.17667 0.501535 0.0946318 0.326198 0.144556
0 0.000470951 0.324233 0.116117 0.307102 0.0997189 0.244834 -0.0159268 0.261964
0 0.105526 0.951962 0.107388 0.869025 -0.00130341 0.867652 -0.00316535 0.95059
0 0.444226 0.35878 0.619808 0.328823 0.596468 0.251875 0.420886 0.281832
0 0.163772 0.86486 0.327002 0.846659 0.314735 0.784776 0.151505 0.802977
0 0.921488 0.388485 0.924244 0.29018 0.771369 0.287768 0.768613 0.386073
0 0.864264 0.303574 0.864384 0.235707 0.76725 0.235611 0.76713 0.303477
0 0.324929 0.979387 0.41035 0.962366 0.368286 0.84362 0.282865 0.860641
0 -0.00110623 0.258139 0.0961842 0.258032 0.0960265 0.177181 -0.00126401 0.177288
0 1.00682 0.946652 1.00872 0.836006 0.846998 0.834444 0.845098 0.945091
0 0.490894 0.938897 0.565547 0.920652 0.519542 0.814764 0.444889 0.833008
0 0.832186 0.769158 0.988175 0.767595 0.98654 0.675889 0.830552 0.677453
0 0.350938 0.405096 0.427547 0.390681 0.415871 0.355778 0.339262 0.370193
0 1.00321 0.381162 1.00421 0.273395 0.929511 0.273007 0.928516 0.380774
0 0.0813729 0.181296 0.0822834 0.1181 -0.00091266 0.117425 -0.00182317 0.180622
0 0.0775449 0.879567 0.0776843 0.801214 -0.00994758 0.801127 -0.0100869 0.87948
0 0.224794 1.00185 0.329432 0.976808 0.269896 0.836864 0.165257 0.861904
0 0.911235 0.598805 0.911789 0.546445 0.823794 0.545921 0.82324 0.598282
0 0.488279 0.647211 0.670795 0.647002 0.670689 0.594756 0.488173 0.594966
0 0.665045 0.742969 0.666612 0.636721 0.498568 0.635326 0.497001 0.741575
0 0.672367 0.783279 0.673418 0.719887 0.507682 0.718343 0.506632 0.781734
0 -0.0042656 0.809602 0.0556638 0.80952 0.0554515 0.722844 -0.00447793 0.722927
0 0.415523 0.963928 0.49736 0.945011 0.448301 0.825632 0.366465 0.844549
0 0.841766 0.850069 0.959967 0.848868 0.958424 0.763475 0.840224 0.764676
0 0.883442 0.249552 0.883877 0.146161 0.725968 0.145787 0.725533 0.249179
0 0.510906 0.605513 0.667635 0.591024 0.652442 0.498585 0.495713 0.513075
0 1.00174 0.531815 1.00238 0.4473 0.932678 0.447001 0.932032 0.531515
0 0.107309 0.0884463 0.142463 0.0068802 0.0295757 -0.020487 -0.00557805 0.0610791
0 0.938399 0.22498 1.04414 0.209567 1.00787 0.0695813 0.902125 0.0849939
0 0.110703 1.01793 0.131021 0.951068 0.0228191 0.932573 0.00250047 0.999438
0 0.945309 0.65685 1.00432 0.65669 1.00399 0.587521 0.944976 0.587681
0 0.335608 0.0773606 0.448901 0.030757 0.403952 -0.0307083 0.290659 0.0158953
0 0.000471952 0.730857 0.0366445 0.730613 0.0358831 0.66719 -0.000289418 0.667435
0 0.89658 0.210213 0.949236 0.202928 0.925113 0.104859 0.872457 0.112145
0 0.128477 0.0666174 0.223339 0.0650981 0.221423 -0.00221294 0.12656 -0.000693661
0 0.218194 0.0339821 0.298975 0.0323486 0.2976 -0.00588177 0.21682 -0.00424825
0 0.546818 1.01163 0.691284 1.00207 0.688289 0.976623 0.543823 0.986186
0 -0.00036207 0.0797708 0.0229071 0.0795182 0.0215581 0.00963009 -0.00171101 0.00988272
0 0.818739 0.215256 0.895851 0.214582 0.894887 0.152554 0.817775 0.153228
0 -0.0022904 0.67456 0.0215338 0.674406 0.0209324 0.622003 -0.00289181 0.622157
0 0.0190545 0.656284 0.0193069 0.606223 -0.00261454 0.606161 -0.00286691 0.656222
