0 0.296966 0.392963 0.297472 0.310906 0.198783 0.310297 0.198277 0.392354
0 0.404231 1.00235 0.520217 0.947 0.489819 0.883294 0.373833 0.93864
0 0.554745 0.149578 0.579799 0.0887835 0.479933 0.0476269 0.454879 0.108422
0 0.825152 0.821836 0.920886 0.821127 0.920306 0.742754 0.824572 0.743462
0 0.097456 0.548082 0.132366 0.439737 0.0688962 0.419286 0.0339858 0.527631
0 0.510111 0.506389 0.603319 0.468971 0.551933 0.340968 0.458725 0.378385
0 0.313251 0.52813 0.420383 0.527874 0.420139 0.425592 0.313007 0.425848
0 0.862404 0.537319 0.866397 0.445111 0.772752 0.441055 0.768759 0.533263
0 0.529863 0.252415 0.53499 0.145037 0.441665 0.140582 0.436538 0.247959
0 0.635615 0.142525 0.743416 0.105324 0.713908 0.0198184 0.606108 0.0570198
0 0.860108 0.871809 0.941841 0.85664 0.932179 0.804581 0.850446 0.81975
0 0.414496 0.633059 0.42212 0.556071 0.304645 0.544437 0.297021 0.621425
0 0.424642 0.115834 0.430559 0.0282211 0.352094 0.0229222 0.346178 0.110535
0 0.275463 0.5424 0.27955 0.438468 0.165802 0.433995 0.161715 0.537927
0 0.72537 0.280904 0.794842 0.255258 0.745515 0.121639 0.676043 0.147286
0 0.0782392 0.377366 0.147416 0.377168 0.147087 0.261974 0.0779098 0.262172
0 0.121195 0.192835 0.146733 0.110735 0.0757148 0.0886438 0.0501767 0.170744
0 0.947431 0.361734 1.01757 0.344243 0.986668 0.22034 0.916532 0.23783
0 0.524524 0.933539 0.613724 0.894275 0.588427 0.836806 0.499227 0.87607
0 0.73205 0.652634 0.74854 0.587416 0.670901 0.567786 0.654412 0.633004
0 0.166494 0.0748425 0.169398 -0.00245623 0.0912378 -0.00539265 0.0883337 0.0719061
0 0.571643 0.101538 0.609019 0.0424218 0.521611 -0.0128419 0.484234 0.0462747
0 0.382518 0.767171 0.398768 0.667 0.273673 0.646707 0.257423 0.746878
0 0.344579 0.270908 0.362689 0.211386 0.260754 0.180372 0.242644 0.239894
0 0.193207 0.718552 0.218352 0.620907 0.110721 0.59319 0.0855757 0.690836
0 0.87772 0.989684 0.95791 0.988894 0.956755 0.871775 0.876565 0.872566
0 0.866919 0.652182 0.898479 0.579274 0.827763 0.548663 0.796203 0.621571
0 0.751653 0.470321 0.862934 0.420573 0.795728 0.27024 0.684446 0.319988
0 0.0655604 0.163461 0.0761659 0.0815464 0.0122689 0.0732735 0.00166338 0.155188
0 0.182674 1.01605 0.248691 0.92682 0.161269 0.862142 0.0952514 0.951374
0 0.303037 0.126725 0.305957 0.0414599 0.213956 0.0383099 0.211037 0.123575
0 0.301222 0.892779 0.326259 0.821644 0.258468 0.797784 0.233431 0.868919
0 0.53045 0.384554 0.551374 0.289159 0.458649 0.268821 0.437725 0.364216
0 0.896113 0.203176 0.969674 0.168213 0.918073 0.0596456 0.844512 0.0946085
0 0.313918 1.03808 0.410082 1.00134 0.38612 0.938618 0.289956 0.975355
0 0.675492 0.885063 0.711943 0.834912 0.660274 0.797358 0.623823 0.847509
0 0.705725 0.908473 0.797211 0.843798 0.742241 0.76604 0.650754 0.830715
0 0.443545 0.33979 0.547397 0.338872 0.546643 0.253576 0.442791 0.254494
0 0.588863 0.057559 0.709488 0.0253468 0.694987 -0.0289561 0.574362 0.0032562
0 0.598769 1.00894 0.664932 1.00809 0.664315 0.959924 0.598152 0.960772
0 0.963308 0.489985 1.00488 0.489246 1.00279 0.371774 0.961219 0.372513
0 -0.00576448 0.0277856 0.0782561 0.0276721 0.0782158 -0.00219274 -0.00580479 -0.00207934
0 0.652651 0.887486 0.762005 0.845159 0.738951 0.785597 0.629596 0.827924
0 0.786942 0.807323 0.837713 0.806282 0.836578 0.75094 0.785807 0.751981
0 0.0160541 0.665845 0.0593766 0.581442 0.003289 0.552653 -0.0400335 0.637056
0 0.696658 1.01838 0.815136 0.999839 0.808963 0.960405 0.690486 0.978949
0 0.104649 0.3867 0.108541 0.246311 0.0169905 0.243773 0.0130988 0.384162
0 0.0271005 0.597747 0.0280819 0.546672 -0.00131459 0.546107 -0.00229594 0.597182
0 0.956146 0.0645285 1.00169 0.0629974 0.999598 0.000643185 0.95405 0.00217433
0 0.620281 0.591407 0.66533 0.503838 0.58786 0.463984 0.542811 0.551553
0 0.655857 0.480411 0.693289 0.441758 0.644868 0.394868 0.607437 0.433521
0 0.0332981 0.142552 0.0370029 0.0607972 -0.00460617 0.0589116 -0.008311 0.140667
0 -0.00112742 0.877095 0.0244707 0.876825 0.0238485 0.817867 -0.00174962 0.818137
0 0.754522 0.456379 0.852572 0.419515 0.825236 0.346808 0.727186 0.383672
0 0.115424 1.02408 0.120577 0.94577 0.0332547 0.940024 0.0281022 1.01833
0 0.558606 0.201513 0.566565 0.152396 0.474926 0.137548 0.466968 0.186665
0 0.50397 1.00541 0.558338 1.00429 0.557539 0.965309 0.503171 0.966424
0 0.965064 0.429877 1.00457 0.428853 1.00303 0.369329 0.963522 0.370353
0 0.0468473 0.803223 0.0744614 0.731221 0.0084826 0.705917 -0.0191315 0.777919
0 0.0230068 0.314919 0.0388681 0.239446 -0.0018352 0.230892 -0.0176964 0.306365
0 0.770471 0.620037 0.821238 0.596769 0.797335 0.544618 0.746568 0.567886
