0 0.693096 0.258208 0.698738 0.134527 0.589991 0.129566 0.584349 0.253247
0 0.538686 0.38944 0.543242 0.268152 0.466271 0.265261 0.461716 0.386549
0 0.680183 0.398406 0.685487 0.249245 0.579582 0.245479 0.574278 0.394641
0 0.535329 0.548953 0.53688 0.444768 0.394179 0.442644 0.392628 0.546829
0 0.356496 0.320133 0.467426 0.212342 0.40398 0.147048 0.29305 0.254839
0 0.803596 0.708734 0.806392 0.614824 0.715681 0.612123 0.712886 0.706034
0 0.936588 0.251856 0.949633 0.123393 0.825191 0.110756 0.812146 0.23922
0 0.814503 0.813332 0.816411 0.708088 0.709787 0.706155 0.707879 0.811399
0 0.260032 0.901148 0.340447 0.796077 0.275453 0.746335 0.195039 0.851406
0 0.200349 0.832324 0.286152 0.750242 0.2363 0.698131 0.150498 0.780214
0 0.892668 0.137968 0.895977 0.0306467 0.789997 0.0273793 0.786689 0.134701
0 0.345238 0.574995 0.34936 0.474578 0.264766 0.471105 0.260643 0.571522
0 0.650214 0.802585 0.651735 0.714448 0.544529 0.712598 0.543008 0.800734
0 0.102279 0.743041 0.182304 0.652652 0.111622 0.590074 0.0315971 0.680462
0 0.662517 0.679267 0.666478 0.593552 0.558064 0.588542 0.554102 0.674257
0 0.326798 0.667884 0.336527 0.570652 0.229887 0.559982 0.220157 0.657214
0 0.103479 0.290902 0.17405 0.217998 0.133013 0.178273 0.0624413 0.251177
0 0.467915 0.796128 0.478749 0.684294 0.386018 0.675312 0.375185 0.787146
0 0.950493 0.799993 0.950879 0.702962 0.848938 0.702555 0.848551 0.799587
0 0.644487 0.948677 0.647979 0.865754 0.553078 0.861757 0.549585 0.94468
0 0.728904 0.543753 0.863937 0.543333 0.86362 0.441439 0.728587 0.441859
0 0.794334 0.615872 0.795948 0.536513 0.724672 0.535064 0.723058 0.614423
0 0.648811 0.869724 0.651103 0.798223 0.552712 0.795069 0.55042 0.86657
0 0.492429 0.639452 0.494598 0.582908 0.392183 0.578981 0.390015 0.635524
0 0.673163 0.598958 0.677051 0.464618 0.545047 0.460797 0.541159 0.595137
0 0.489105 0.692508 0.493193 0.635871 0.394643 0.628759 0.390556 0.685396
0 0.655679 0.7228 0.658631 0.672899 0.558857 0.666997 0.555905 0.716898
0 0.990342 0.909006 0.991064 0.793884 0.876054 0.793163 0.875332 0.908285
0 0.590455 0.394687 0.597035 0.297659 0.541647 0.293902 0.535067 0.39093
0 0.817138 0.711837 0.916016 0.711205 0.91539 0.613272 0.816512 0.613904
0 0.464662 0.396 0.466357 0.323115 0.410857 0.321824 0.409161 0.394709
0 0.15626 0.790946 0.23708 0.706511 0.183865 0.655574 0.103045 0.740009
0 0.0865559 0.932939 0.108182 0.835509 0.0196702 0.815862 -0.00195621 0.913293
0 0.289724 0.137151 0.355172 0.0641704 0.287835 0.0037849 0.222388 0.076766
0 0.763066 0.472075 0.844851 0.41431 0.781155 0.324127 0.69937 0.381893
0 0.478281 0.225972 0.52283 0.133949 0.440249 0.0939715 0.3957 0.185995
0 0.891695 0.624384 0.892935 0.538244 0.808239 0.537025 0.806999 0.623165
0 0.370894 1.00118 0.462509 0.902464 0.339082 0.787921 0.247468 0.886641
0 0.253624 0.454911 0.349781 0.332773 0.261526 0.26329 0.165368 0.385429
0 0.550425 0.14645 0.571946 0.0572217 0.486672 0.036655 0.465152 0.125884
0 0.713541 0.972445 0.805341 0.972036 0.805073 0.911784 0.713273 0.912193
0 0.88044 0.368478 1.0329 0.293583 0.989686 0.205608 0.837223 0.280503
0 0.935924 0.506771 1.03411 0.449363 0.989521 0.373109 0.891338 0.430517
0 0.171258 0.223178 0.285393 0.109504 0.234338 0.0582414 0.120203 0.171915
0 0.476973 0.850346 0.54295 0.757207 0.483579 0.71515 0.417602 0.80829
0 0.0436578 0.232748 0.133579 0.148529 0.0288278 0.0366843 -0.0610939 0.120903
0 0.703228 0.918327 0.813028 0.917324 0.8123 0.837624 0.7025 0.838628
0 0.184318 0.47524 0.229632 0.441843 0.163717 0.352408 0.118403 0.385805
0 0.422025 1.0222 0.503274 0.931069 0.451843 0.885217 0.370594 0.976349
0 0.902187 1.00511 1.00636 1.00349 1.0049 0.908898 0.900719 0.910515
0 0.147898 0.494846 0.165562 0.416469 0.0876909 0.398919 0.070027 0.477296
0 0.694193 0.141308 0.70271 0.0593242 0.634885 0.0522786 0.626368 0.134262
0 0.342207 0.0736604 0.426574 0.0073095 0.388595 -0.040982 0.304228 0.0253689
0 0.802808 0.863108 0.804847 0.820519 0.71099 0.816026 0.708951 0.858614
0 0.708704 1.00188 0.807575 1.00042 0.807105 0.968532 0.708234 0.969988
0 0.0192447 0.399044 0.125648 0.281903 0.0828154 0.242996 -0.0235879 0.360137
0 0.588803 0.570763 0.594701 0.469772 0.537246 0.466416 0.531348 0.567407
0 0.884726 0.0334813 0.88545 -0.00160259 0.767106 -0.00404456 0.766382 0.0310393
0 0.468292 1.03805 0.539229 0.96622 0.499735 0.927218 0.428799 0.999047
0 1.01422 0.564932 1.02704 0.476721 0.94017 0.464099 0.927352 0.55231
0 0.967665 0.632758 1.00377 0.631204 1.00145 0.577236 0.965342 0.578789
0 0.0295971 0.625619 0.0726233 0.535493 -0.000486495 0.500591 -0.0435126 0.590717
0 0.703516 0.0451536 0.704032 -0.00801156 0.642835 -0.00860477 0.64232 0.0445604
0 0.243204 0.614337 0.268155 0.530088 0.179987 0.503977 0.155036 0.588226
0 0.262558 1.0538 0.302605 0.98245 0.20133 0.925606 0.161283 0.996956
0 0.0295278 0.68642 0.0516009 0.631966 -0.00322528 0.609742 -0.0252984 0.664196
0 0.916921 0.0584869 1.00303 0.0566154 1.00162 -0.00835884 0.915509 -0.00648735
0 0.980967 0.682062 1.00197 0.682036 1.0019 0.627239 0.9809 0.627265
0 0.2308 0.0644039 0.254748 0.0109907 0.210747 -0.0087372 0.186799 0.044676
0 0.508813 1.0039 0.569114 1.0038 0.569045 0.96371 0.508744 0.963813
0 0.101512 0.855428 0.132672 0.817877 0.0825049 0.776249 0.0513454 0.8138
0 0.0287805 0.421258 0.0301778 0.364481 -0.000427825 0.363728 -0.0018251 0.420505
0 0.542863 0.893849 0.569578 0.826967 0.499542 0.798993 0.472827 0.865875
0 0.961435 0.593912 1.00415 0.592201 1.00211 0.541323 0.959396 0.543034
0 0.756201 0.0349945 0.804617 0.0337111 0.80363 -0.00354266 0.755213 -0.00225927
0 0.487046 1.00001 0.576798 0.99706 0.574955 0.941039 0.485204 0.94399
0 0.185599 0.0539878 0.196836 -0.00851087 0.135372 -0.0195621 0.124135 0.0429366
0 0.226682 0.0434094 0.294471 0.0388366 0.291238 -0.00907912 0.22345 -0.00450633
0 0.136753 1.01003 0.139982 0.968866 0.0587262 0.962492 0.0554972 1.00366
