0 0.936604 0.999787 0.938294 0.846067 0.811946 0.843598 0.810257 0.997319
0 0.388873 0.443737 0.400301 0.329024 0.335542 0.317556 0.324114 0.432269
0 0.144332 0.503107 0.144785 0.383759 0.0582242 0.383175 0.0577712 0.502522
0 0.786611 0.739242 0.926836 0.737393 0.926086 0.636336 0.785862 0.638185
0 0.263255 0.934103 0.263591 0.783703 0.16008 0.783291 0.159744 0.933692
0 0.251902 0.44362 0.332144 0.443561 0.332096 0.328765 0.251854 0.328824
0 0.791176 0.646411 0.927321 0.634374 0.922661 0.540682 0.786517 0.552719
0 0.477993 0.799802 0.479817 0.653131 0.367607 0.650651 0.365784 0.797323
0 0.506186 0.919335 0.507222 0.78991 0.412867 0.788567 0.411831 0.917992
0 0.889876 0.558758 0.890664 0.412648 0.760578 0.411401 0.75979 0.55751
0 0.579998 0.693138 0.580318 0.602079 0.514316 0.601667 0.513996 0.692726
0 0.0407356 0.939455 0.154768 0.939235 0.15458 0.765237 0.0405473 0.765457
0 0.572006 0.440316 0.635923 0.393503 0.576663 0.249661 0.512746 0.296474
0 0.154181 0.748015 0.249624 0.7218 0.223268 0.551218 0.127826 0.577434
0 0.311844 0.922286 0.378002 0.915095 0.369484 0.775771 0.303325 0.782963
0 0.317633 0.201907 0.318539 0.0196757 0.160742 0.0182807 0.159836 0.200512
0 0.797221 0.847502 0.934657 0.84556 0.933746 0.730952 0.79631 0.732893
0 0.640026 0.91844 0.729306 0.904445 0.711177 0.698852 0.621897 0.712848
0 0.588624 0.913192 0.64818 0.874098 0.60651 0.761243 0.546954 0.800337
0 0.609035 0.570881 0.680411 0.534063 0.636041 0.381144 0.564665 0.417963
0 0.149305 0.488654 0.207784 0.470908 0.186019 0.343406 0.127541 0.361152
0 0.202864 0.476383 0.26514 0.460429 0.24594 0.327192 0.183664 0.343146
0 0.612903 0.723838 0.703873 0.723326 0.703442 0.587403 0.612473 0.587915
0 0.100162 0.742171 0.15488 0.736776 0.146206 0.580359 0.0914884 0.585753
0 0.0590735 0.477762 0.0605738 0.373024 -0.00200579 0.37143 -0.00350608 0.476169
0 0.272986 0.665733 0.325338 0.656577 0.312333 0.524385 0.259981 0.533542
0 0.505389 0.622548 0.600973 0.559049 0.574703 0.48875 0.479119 0.55225
0 0.38034 0.649402 0.387736 0.522355 0.313666 0.514689 0.30627 0.641736
0 0.934526 0.245279 1.02221 0.181699 0.947007 -0.00268556 0.859322 0.0608944
0 0.859343 0.29135 0.938613 0.215395 0.859549 0.0687022 0.780279 0.144658
0 0.382777 0.706792 0.462211 0.606088 0.416525 0.542024 0.337091 0.642728
0 0.260754 0.91756 0.31563 0.911009 0.306729 0.778462 0.251853 0.785014
0 0.75305 0.353714 0.85487 0.204687 0.752139 0.0799046 0.650318 0.228932
0 0.453399 0.517371 0.533964 0.417924 0.495089 0.361935 0.414524 0.461382
0 1.00371 0.409054 1.00655 0.336977 0.965854 0.334127 0.963014 0.406203
0 -0.00237401 0.944534 0.0521835 0.943845 0.0511596 0.799584 -0.00339796 0.800273
0 0.517208 0.329282 0.583838 0.250147 0.534532 0.176344 0.467902 0.255479
0 0.554867 0.795809 0.61503 0.754998 0.58097 0.665736 0.520807 0.706547
0 0.839123 0.445196 0.860061 0.31294 0.754982 0.283366 0.734044 0.415622
0 0.058239 0.711187 0.101399 0.707021 0.0947798 0.585115 0.0516197 0.589281
0 0.0686978 0.712034 0.0698904 0.581982 0.00158518 0.580868 0.00039249 0.71092
0 0.0530084 0.378929 0.0606268 0.289161 -0.000182583 0.279986 -0.00780095 0.369754
0 0.916936 0.560935 1.00103 0.558379 0.99959 0.474013 0.915494 0.476569
0 0.437746 1.00638 0.5298 0.999641 0.528729 0.973604 0.436675 0.980338
0 0.611242 1.00041 0.702099 0.995478 0.701198 0.965935 0.61034 0.970865
0 0.556861 1.00594 0.630222 0.99682 0.628361 0.970204 0.554999 0.979327
0 0.446382 1.00272 0.446658 0.9793 0.371999 0.977737 0.371723 1.00116
0 0.469027 0.258478 0.564141 0.0851719 0.431037 -0.0446938 0.335924 0.128613
0 0.439952 0.475562 0.48061 0.357082 0.410049 0.314036 0.369392 0.432516
0 0.485196 1.00554 0.556897 0.996541 0.555366 0.974863 0.483665 0.983865
0 0.699562 1.00299 0.762493 1.00138 0.761387 0.924873 0.698457 0.92649
0 0.100843 0.936244 0.166884 0.930369 0.160121 0.795207 0.0940793 0.801082
0 0.317467 1.00158 0.367807 1.00095 0.367663 0.980199 0.317323 0.98082
0 1.00884 0.123612 1.01202 0.00489699 0.954395 0.00215032 0.951212 0.120866
0 0.961809 0.163453 1.00908 0.161109 1.00598 0.0500738 0.958712 0.0524172
0 0.949805 0.0294402 0.997162 0.0291578 0.997057 -0.0020518 0.9497 -0.00176944
