0 0.711738 0.593296 0.733867 0.447557 0.591515 0.435399 0.569386 0.581137
0 0.4589 0.647208 0.485136 0.529106 0.369496 0.514656 0.34326 0.632758
0 0.262525 0.161237 0.279991 0.0658544 0.168764 0.0543977 0.151298 0.14978
0 0.57023 0.320262 0.583875 0.257831 0.462691 0.242933 0.449046 0.305364
0 0.552973 0.382774 0.564491 0.310618 0.422235 0.297844 0.410717 0.37
0 0.193631 0.416134 0.207728 0.327568 0.0789741 0.31604 0.064877 0.404606
0 0.495389 0.537105 0.509061 0.455851 0.39218 0.444788 0.378508 0.526043
0 0.230034 0.345758 0.257325 0.267731 0.120765 0.240864 0.093474 0.318891
0 0.683672 0.93766 0.718733 0.792877 0.6191 0.779306 0.584039 0.924088
0 0.248144 0.259418 0.263595 0.153829 0.135346 0.143272 0.119895 0.248862
0 0.992646 0.5757 1.00475 0.513443 0.812598 0.492422 0.80049 0.554679
0 0.636573 0.131855 0.648972 0.0525657 0.524732 0.0416371 0.512332 0.120926
0 0.240265 0.666917 0.252459 0.599407 0.0032446 0.574085 -0.00895002 0.641595
0 0.613197 0.219321 0.623867 0.122339 0.475919 0.113184 0.46525 0.210165
0 0.530894 0.462794 0.541096 0.375092 0.409516 0.366483 0.399314 0.454184
0 0.525695 0.113384 0.536579 0.0318741 0.413168 0.0226045 0.402284 0.104114
0 0.659885 0.750005 0.678813 0.633142 0.533012 0.619859 0.514084 0.736722
0 0.634259 0.784852 0.64365 0.742636 0.506023 0.725415 0.496632 0.767631
0 0.750317 0.95167 0.785825 0.802219 0.716479 0.792951 0.680971 0.942402
0 0.314822 0.0740122 0.324941 -0.00399224 0.189208 -0.013897 0.179089 0.0641074
0 0.586242 0.262474 0.596822 0.2135 0.473317 0.198491 0.462737 0.247465
0 0.150545 0.537674 0.175666 0.41911 0.0545609 0.404677 0.0294405 0.523241
0 0.970862 0.645993 0.981013 0.585884 0.787374 0.567489 0.777223 0.627598
0 0.880299 0.978249 0.917925 0.828044 0.847435 0.818112 0.809809 0.968316
0 0.909039 0.247002 0.920855 0.167662 0.71088 0.150071 0.699063 0.229411
0 0.103277 0.0616115 0.107899 0.000579664 0.00588987 -0.00376579 0.00126787 0.057266
0 0.808288 0.962476 0.846808 0.824817 0.78147 0.814533 0.74295 0.952191
0 0.21086 0.736101 0.225527 0.66998 -0.00931075 0.640679 -0.0239777 0.7068
0 0.956365 0.0617356 0.967661 -0.003303 0.86259 -0.0135682 0.851294 0.0514704
0 0.409368 0.107067 0.422278 0.0132024 0.315279 0.00492417 0.302369 0.0987885
0 0.925193 0.807231 0.937275 0.686903 0.73283 0.675356 0.720749 0.795684
0 0.162642 0.582806 0.169433 0.52555 0.0218057 0.515701 0.0150151 0.572958
0 0.940768 0.987185 0.980034 0.848722 0.912872 0.838009 0.873606 0.976472
0 0.0803061 0.113886 0.0876812 0.0536013 0.00101434 0.0476373 -0.00636078 0.107922
0 0.749822 0.475443 0.814635 0.226037 0.6678 0.204574 0.602988 0.45398
0 0.366306 0.19194 0.37959 0.104551 0.29436 0.0972633 0.281075 0.184652
0 0.948 0.700093 0.959626 0.641038 0.764549 0.619436 0.752923 0.678491
0 0.890294 0.17004 0.902599 0.106936 0.746279 0.0897909 0.733975 0.152895
0 1.00469 0.513182 1.01448 0.435446 0.834224 0.422688 0.824443 0.500424
0 0.0721537 0.181929 0.0740163 0.114409 -0.0029915 0.113214 -0.00485411 0.180734
0 0.0489866 0.250989 0.0530191 0.1824 -0.00440085 0.180501 -0.00843334 0.249091
0 0.410145 0.813369 0.420792 0.769218 0.269266 0.748666 0.25862 0.792816
0 0.999682 1.00073 1.03297 0.8627 0.970944 0.854285 0.937652 0.992317
0 0.864439 0.0395588 0.865497 -0.00635799 0.724162 -0.00818953 0.723104 0.0377273
0 0.0408437 0.780204 0.043694 0.715648 -0.00421433 0.714458 -0.00706465 0.779015
0 1.01732 0.245691 1.03001 0.124153 0.938895 0.118804 0.926209 0.240341
0 0.909261 0.808259 0.924266 0.740949 0.739227 0.717745 0.724222 0.785055
0 0.997393 0.403071 1.0048 0.341368 0.874345 0.332556 0.866935 0.394259
0 0.164902 0.448407 0.171989 0.410894 0.0640288 0.399422 0.0569421 0.436935
0 0.370593 0.974285 0.386912 0.887861 0.136699 0.861285 0.120381 0.947709
0 1.00064 0.464501 1.00782 0.388354 0.851575 0.380068 0.844396 0.456215
0 1.00007 0.351448 1.00839 0.282241 0.894197 0.274522 0.88588 0.343729
0 0.936182 0.750275 0.948087 0.691679 0.745582 0.668537 0.733677 0.727132
0 0.349465 0.577805 0.361453 0.516299 0.303469 0.509942 0.291481 0.571447
0 0.674228 1.00954 0.676124 0.959043 0.564111 0.956677 0.562215 1.00717
0 0.394581 0.367348 0.404866 0.296511 0.327204 0.290168 0.316919 0.361006
0 0.0753568 1.00066 0.0755591 0.97422 -0.00187511 0.973887 -0.00207738 1.00033
0 0.994533 0.078739 0.999789 0.00191993 0.944796 -0.00019655 0.93954 0.0766226
0 0.550353 1.00697 0.552987 0.977571 0.42618 0.971181 0.423546 1.00058
0 0.38961 0.898116 0.412446 0.805042 0.00607116 0.748955 -0.0167657 0.842029
0 1.00056 0.0826277 1.0019 -0.000159644 0.964683 -0.000496879 0.963349 0.0822905
0 0.159426 0.765307 0.166991 0.7288 0.057208 0.716003 0.0496431 0.752511
