0 0.300911 0.471916 0.335754 0.310505 0.202683 0.28178 0.16784 0.443191
0 0.350922 0.283406 0.366087 0.134477 0.242526 0.121894 0.22736 0.270824
0 0.069297 0.244075 0.118276 0.0502814 0.0451234 0.0317932 -0.00385527 0.225587
0 0.550642 0.376619 0.610486 0.22031 0.500349 0.178144 0.440506 0.334453
0 0.341382 0.861063 0.438286 0.666738 0.351666 0.623544 0.254762 0.817868
0 0.27221 0.522446 0.284738 0.455823 0.157735 0.431942 0.145208 0.498565
0 0.296733 0.988503 0.334076 0.9029 0.163003 0.828273 0.12566 0.913876
0 0.098101 0.481905 0.109971 0.410845 0.00383741 0.393116 -0.00803298 0.464176
0 0.561899 0.0852018 0.569877 0.000793989 0.479573 -0.00774202 0.471594 0.0766658
0 0.222898 0.768329 0.238571 0.644876 0.099065 0.627165 0.0833923 0.750618
0 0.0655235 0.584824 0.0998235 0.479622 0.0351864 0.458548 0.000886453 0.563749
0 0.109575 0.433417 0.166965 0.282306 0.0797323 0.249176 0.0223427 0.400287
0 0.738952 0.550132 0.854138 0.325464 0.720387 0.256891 0.605202 0.481559
0 0.115297 0.977943 0.175291 0.809009 0.0666948 0.770443 0.00670063 0.939376
0 0.410062 0.32445 0.452221 0.162836 0.379427 0.143847 0.337268 0.305461
0 0.454858 0.332053 0.491277 0.181271 0.439939 0.16887 0.403519 0.319653
0 0.570006 0.448245 0.674215 0.258595 0.604861 0.220487 0.500653 0.410137
0 0.24174 0.649218 0.257489 0.510036 0.126121 0.495171 0.110372 0.634353
0 0.0345695 0.680723 0.0602391 0.563882 0.00217919 0.551127 -0.0234904 0.667967
0 0.176578 0.280003 0.211015 0.0937764 0.100494 0.0733391 0.0660577 0.259566
0 0.255615 1.05146 0.28282 0.967479 0.15921 0.927436 0.132005 1.01141
0 0.461919 1.05031 0.49035 0.983166 0.35854 0.927352 0.330109 0.994495
0 0.831761 0.189054 0.877379 0.0416083 0.766271 0.00723239 0.720653 0.154678
0 0.453215 0.662985 0.522653 0.541076 0.33694 0.435297 0.267503 0.557206
0 0.524233 0.54549 0.57356 0.419774 0.458451 0.374608 0.409124 0.500324
0 0.0353374 0.179203 0.0474096 0.0334993 -0.00555096 0.0291112 -0.0176232 0.174815
0 0.99803 0.294862 1.04977 0.208275 0.845957 0.0864836 0.794216 0.173071
0 0.274588 0.809947 0.295756 0.727741 0.220789 0.708437 0.199621 0.790643
0 0.485372 0.0474047 0.486096 -0.00538288 0.371111 -0.00695999 0.370387 0.0458276
0 0.0400556 0.398601 0.0525463 0.336106 0.00349511 0.326302 -0.00899557 0.388797
0 1.00616 0.214223 1.05698 0.136323 0.894716 0.0304705 0.843898 0.10837
0 0.516513 0.539427 0.567406 0.423195 0.50185 0.394491 0.450957 0.510723
0 0.745599 0.132284 0.761731 0.0160591 0.563981 -0.0113894 0.547848 0.104836
0 0.0731406 0.952832 0.115542 0.79801 0.0580271 0.782259 0.0156259 0.937081
0 0.869632 0.111284 0.900111 0.0252984 0.77996 -0.0172906 0.749481 0.0686948
0 0.766025 0.6348 0.80276 0.537994 0.728106 0.509665 0.691371 0.60647
0 0.0216129 0.809389 0.021916 0.725354 -0.00205577 0.725268 -0.0023589 0.809303
