0 0.550353 0.879122 0.55163 0.814372 0.491723 0.81319 0.490446 0.87794
0 0.487271 0.588533 0.516236 0.472506 0.459403 0.458318 0.430438 0.574345
0 0.609196 0.993489 0.612831 0.939889 0.545947 0.935354 0.542312 0.988953
0 0.431617 0.540455 0.47167 0.418004 0.317424 0.367551 0.277371 0.490002
0 0.872783 0.614323 0.873243 0.538547 0.781684 0.537992 0.781224 0.613767
0 0.459913 0.47677 0.479627 0.388025 0.323063 0.353246 0.30335 0.441991
0 0.69031 0.956901 0.694695 0.893039 0.610963 0.887291 0.606579 0.951153
0 0.685901 1.00462 0.687946 0.948878 0.607639 0.945931 0.605594 1.00167
0 0.704276 0.810869 0.718302 0.669015 0.59188 0.656514 0.577853 0.798369
0 0.711904 0.803224 0.722912 0.683231 0.663943 0.677822 0.652935 0.797814
0 0.776772 0.654399 0.792106 0.55105 0.737059 0.542882 0.721725 0.646232
