0 0.783806 0.593293 0.800399 0.447559 0.693632 0.435402 0.677039 0.581137
0 0.594201 0.647195 0.613858 0.529151 0.527096 0.514703 0.507439 0.632747
0 0.447101 0.160948 0.459788 0.0657049 0.37651 0.054612 0.363823 0.149855
0 0.67765 0.320239 0.68789 0.257833 0.597048 0.242926 0.586808 0.305332
0 0.186817 0.639492 0.200332 0.528777 0.100433 0.516583 0.0869185 0.627298
0 0.664706 0.38274 0.673303 0.31057 0.566671 0.297868 0.558074 0.370038
0 0.394971 0.415791 0.405483 0.327637 0.309027 0.316136 0.298516 0.40429
0 0.621556 0.537135 0.631816 0.455862 0.544118 0.44479 0.533857 0.526063
0 0.422596 0.345364 0.442412 0.267029 0.340282 0.241193 0.320466 0.319529
0 0.762752 0.93765 0.789048 0.792886 0.714315 0.779311 0.688019 0.924075
0 0.994485 0.575699 1.00356 0.513445 0.859448 0.492425 0.850368 0.554679
0 0.727427 0.131848 0.736718 0.0525696 0.643546 0.0416496 0.634254 0.120928
0 0.436459 0.259382 0.447633 0.153642 0.3515 0.143484 0.340327 0.249224
0 0.709904 0.219316 0.717876 0.122323 0.606954 0.113206 0.598982 0.210199
0 0.648176 0.462761 0.655805 0.375075 0.557116 0.366489 0.549488 0.454174
0 0.644252 0.113347 0.652366 0.0318304 0.559857 0.0226216 0.551743 0.104138
0 0.0658894 0.702797 0.0746538 0.636226 -0.00408264 0.62586 -0.012847 0.692431
0 0.430741 0.666928 0.440094 0.599083 0.250589 0.572956 0.241235 0.640801
0 0.409271 0.741093 0.422624 0.671376 0.24373 0.637112 0.230377 0.706829
0 0.125381 0.432162 0.13575 0.345398 0.00807306 0.33014 -0.00229521 0.416905
0 0.130044 0.872393 0.142214 0.797361 -0.00628121 0.773274 -0.0184521 0.848305
0 0.141013 0.805723 0.180909 0.652394 0.0696822 0.623452 0.0297857 0.776782
0 0.744908 0.750008 0.759111 0.633175 0.649727 0.619877 0.635523 0.73671
0 0.122661 0.5254 0.135504 0.43756 -0.0042452 0.417128 -0.0170878 0.504968
0 0.725693 0.78484 0.732733 0.742628 0.629489 0.72541 0.622449 0.767622
0 0.812737 0.951674 0.839369 0.802222 0.787357 0.792954 0.760726 0.942406
0 0.237098 0.451857 0.245707 0.377304 0.112953 0.361975 0.104345 0.436528
0 0.486235 0.0741652 0.493777 -0.0041037 0.391879 -0.0139226 0.384337 0.0643463
0 0.689676 0.262455 0.697604 0.213488 0.605025 0.1985 0.597097 0.247467
0 0.211812 0.541066 0.222284 0.441446 0.125329 0.431254 0.114857 0.530874
0 0.361525 0.537948 0.380016 0.42214 0.289401 0.407671 0.27091 0.52348
0 0.97815 0.645992 0.985763 0.585886 0.840531 0.567492 0.832919 0.627598
0 0.910223 0.97825 0.938443 0.828043 0.885576 0.818111 0.857356 0.968317
0 0.931779 0.247001 0.940641 0.167662 0.783161 0.150072 0.7743 0.229412
0 0.856216 0.962475 0.885104 0.824818 0.836102 0.814534 0.807214 0.952191
0 0.329147 0.061417 0.331493 -0.00342004 0.22442 -0.00729402 0.222075 0.0575431
0 0.557014 0.107151 0.566676 0.0132621 0.486304 0.00499063 0.476642 0.09888
0 0.24082 0.914704 0.281123 0.73333 0.218865 0.719495 0.178562 0.900869
0 0.967274 0.0617357 0.975746 -0.00330273 0.896943 -0.0135685 0.88847 0.0514699
0 0.943897 0.807231 0.952957 0.6869 0.799622 0.675355 0.790561 0.795685
0 0.371453 0.583303 0.376854 0.526428 0.264596 0.515768 0.259195 0.572644
0 0.955576 0.987178 0.985024 0.848726 0.934654 0.838013 0.905206 0.976465
0 0.812365 0.475445 0.860976 0.226048 0.750852 0.204584 0.702242 0.453981
0 0.524734 0.191909 0.534493 0.104766 0.470596 0.0976111 0.460838 0.184754
0 0.961 0.700093 0.96972 0.641038 0.823412 0.619436 0.814692 0.67849
0 0.917717 0.170039 0.926946 0.106934 0.80971 0.0897895 0.800482 0.152895
0 1.00352 0.513183 1.01086 0.435445 0.875671 0.422689 0.868335 0.500427
0 0.0356787 0.776157 0.039126 0.697642 -0.00234901 0.695821 -0.00579622 0.774336
0 0.311871 0.118365 0.316899 0.0527205 0.225126 0.0456922 0.220098 0.111337
0 0.373774 0.447668 0.379132 0.411356 0.297907 0.39937 0.292548 0.435681
0 0.557575 0.813343 0.56553 0.769035 0.45182 0.74862 0.443865 0.792928
0 0.999763 1.00073 1.02473 0.8627 0.978208 0.854285 0.95324 0.992317
0 0.898332 0.0395563 0.899127 -0.0063639 0.793112 -0.0081983 0.792317 0.0377219
0 1.01299 0.245688 1.02251 0.124157 0.954174 0.118804 0.944655 0.240336
0 0.931946 0.808259 0.9432 0.74095 0.804429 0.717748 0.793175 0.785057
0 0.214637 0.0525034 0.223923 -0.00639828 0.0750518 -0.0298681 0.0657659 0.0290335
0 0.99805 0.403075 1.00361 0.341368 0.905757 0.332556 0.9002 0.394263
0 1.00048 0.464498 1.00586 0.38835 0.888683 0.380065 0.883299 0.456212
0 0.155212 0.752554 0.181389 0.662225 0.0837361 0.633926 0.05756 0.724256
0 1.00005 0.351443 1.00629 0.282246 0.920647 0.274527 0.91441 0.343724
0 0.952136 0.750275 0.961065 0.69168 0.809187 0.668536 0.800258 0.727132
0 0.546021 0.367443 0.553832 0.296523 0.49556 0.290105 0.487749 0.361025
0 0.755674 1.00954 0.757091 0.959027 0.673083 0.956671 0.671666 1.00718
0 0.512034 0.577924 0.521106 0.51636 0.477624 0.509953 0.468552 0.571517
0 0.541947 0.894514 0.557304 0.807911 0.253141 0.753974 0.237784 0.840577
0 0.306644 1.0099 0.309044 0.965963 0.1916 0.959545 0.189199 1.00348
0 0.995899 0.0787428 0.999841 0.00191831 0.958598 -0.0001982 0.954655 0.0766263
0 0.662657 1.00695 0.66462 0.977796 0.569754 0.971408 0.567791 1.00057
0 0.527454 0.972338 0.540681 0.887515 0.237793 0.840282 0.224565 0.925106
0 0.529673 0.975178 0.543185 0.888644 0.341673 0.857179 0.328161 0.943713
0 1.00042 0.0826278 1.00142 -0.000159822 0.973512 -0.000496998 0.972512 0.0822906
