0 0.0818785 0.934605 0.263279 0.909765 0.247435 0.844681 0.0660349 0.86952
0 0.00334186 0.695221 0.175054 0.675425 0.161808 0.610795 -0.00990415 0.63059
0 0.0647317 0.869779 0.238535 0.84892 0.225788 0.789176 0.0519846 0.810035
0 0.0240313 0.758984 0.208206 0.732535 0.191531 0.667218 0.00735587 0.693667
0 0.0487264 0.813707 0.215243 0.793025 0.202739 0.736395 0.0362221 0.757077
0 0.626364 0.714498 0.632163 0.60194 0.470919 0.597267 0.465121 0.709826
0 -0.0016284 0.633698 0.130485 0.617588 0.116974 0.555264 -0.0151385 0.571373
0 0.930105 0.802061 0.931751 0.705601 0.810197 0.704434 0.808551 0.800895
0 0.441416 0.542174 0.587099 0.499297 0.545504 0.419798 0.39982 0.462674
0 0.120303 0.997732 0.304153 0.973198 0.287678 0.903757 0.103828 0.928291
0 0.824048 0.931755 0.953104 0.930664 0.951763 0.841407 0.822707 0.842498
0 0.317806 0.400555 0.489638 0.342714 0.45357 0.282441 0.281738 0.340282
0 0.36853 0.476815 0.543245 0.42645 0.501251 0.344507 0.326537 0.394872
0 0.000229999 0.573982 0.115796 0.557097 0.0997168 0.495198 -0.0158489 0.512083
0 0.444186 0.60865 0.619667 0.578981 0.596518 0.501964 0.421036 0.531634
0 0.921479 0.638528 0.924279 0.540228 0.771174 0.537775 0.768374 0.636075
0 0.864084 0.55352 0.864086 0.485595 0.767087 0.485593 0.767084 0.553518
0 -0.00113646 0.508198 0.0961561 0.508045 0.0959311 0.427267 -0.00136148 0.427419
0 0.0495625 0.342167 0.154814 0.294814 0.0897573 0.213476 -0.0154943 0.26083
0 0.350931 0.655102 0.427551 0.640706 0.415879 0.605763 0.33926 0.620159
0 1.00322 0.631231 1.0042 0.523452 0.929487 0.52307 0.928507 0.630849
0 0.0810824 0.431492 0.0824316 0.368671 -0.000827027 0.367665 -0.00217622 0.430487
0 0.669921 0.897275 0.670491 0.840548 0.485374 0.839502 0.484804 0.896229
0 0.911748 0.848805 0.912374 0.796257 0.823644 0.795663 0.823018 0.84821
0 0.0694124 0.158333 0.242288 0.127336 0.223077 0.0670691 0.0502021 0.0980654
0 0.829793 1.00146 0.995257 0.998799 0.993232 0.928114 0.827769 0.93078
0 0.883702 0.499328 0.884019 0.395399 0.72583 0.395128 0.725513 0.499056
0 0.137907 0.323966 0.241307 0.298487 0.196595 0.196424 0.0931955 0.221903
0 0.666307 0.987759 0.667219 0.887606 0.498999 0.886745 0.498087 0.986897
0 0.354054 0.351053 0.446575 0.251503 0.272877 0.160697 0.180356 0.260247
0 0.50775 0.85361 0.666667 0.841755 0.654534 0.75027 0.495617 0.762126
0 1.00168 0.781507 1.00235 0.697337 0.932717 0.697024 0.932046 0.781195
0 0.936789 0.474884 1.04264 0.460165 1.00776 0.319096 0.901915 0.333815
0 0.226654 0.286079 0.300452 0.268212 0.267488 0.191627 0.193691 0.209494
0 0.189727 0.125113 0.258773 0.0753991 0.131789 -0.0238062 0.062743 0.0259076
0 0.944971 0.905957 1.00317 0.905666 1.00258 0.838987 0.944378 0.839278
0 0.512757 1.00226 0.671573 1.00197 0.671444 0.96149 0.512627 0.961775
0 -0.0065998 0.166465 0.0756169 0.164851 0.0724467 0.0739727 -0.00977001 0.0755859
0 -0.00393755 0.999568 0.047756 0.999195 0.0474278 0.973676 -0.00426572 0.97405
0 -0.000564598 0.982267 0.0417215 0.982077 0.0412184 0.918934 -0.00106766 0.919123
0 0.89578 0.459971 0.948937 0.452924 0.925804 0.354771 0.872647 0.361818
0 0.108652 0.0452792 0.10983 -0.00836225 0.00176877 -0.00969657 0.000591239 0.0439449
0 0.336449 1.00567 0.428769 0.998521 0.42593 0.977888 0.33361 0.985034
0 0.202509 1.01241 0.324562 0.998849 0.317066 0.960892 0.195012 0.974451
0 0.139104 1.00685 0.279821 0.998427 0.277433 0.97597 0.136716 0.984388
0 -0.000244689 0.330425 0.022757 0.329937 0.0199106 0.254466 -0.0030911 0.254954
0 0.818947 0.465338 0.896005 0.464394 0.894653 0.402275 0.817595 0.403218
0 -0.00226793 0.924802 0.0218609 0.924657 0.0213027 0.872335 -0.00282608 0.87248
0 0.0190681 0.906627 0.0193517 0.856725 -0.0025245 0.856655 -0.00280806 0.906557
