0 0.297367 0.176552 0.33885 0.0454449 0.284346 0.0281995 0.242863 0.159306
0 0.659991 0.280122 0.704976 0.164155 0.627738 0.134193 0.582753 0.25016
0 0.576697 0.835746 0.596808 0.792234 0.50259 0.748688 0.48248 0.7922
0 0.229853 0.703238 0.245526 0.61099 0.111902 0.588287 0.0962288 0.680535
0 0.510989 0.214808 0.525696 0.102938 0.435369 0.0910627 0.420662 0.202933
0 0.473337 0.350058 0.499793 0.230647 0.402446 0.209079 0.375991 0.328491
0 0.690447 0.828074 0.705368 0.770584 0.603828 0.744231 0.588907 0.801721
0 0.323223 0.361127 0.333282 0.30992 0.251085 0.293773 0.241026 0.344981
0 0.549215 0.886496 0.573477 0.830337 0.477099 0.788699 0.452837 0.844859
0 0.414095 0.578047 0.432032 0.485105 0.325902 0.464623 0.307965 0.557565
0 0.795117 0.405551 0.888039 0.248548 0.797031 0.194685 0.704109 0.351688
0 0.0674453 0.57505 0.122342 0.475068 0.075799 0.449512 0.0209019 0.549494
0 0.297954 0.438057 0.323994 0.362152 0.277074 0.346055 0.251034 0.42196
0 0.121969 0.601862 0.169134 0.49855 0.11494 0.473809 0.067775 0.57712
0 0.270373 0.513502 0.302887 0.427738 0.245657 0.406042 0.213143 0.491805
0 0.450421 0.390852 0.461221 0.341408 0.373897 0.322332 0.363096 0.371777
0 0.644835 0.402864 0.677473 0.314906 0.589576 0.282291 0.556939 0.370249
0 0.667822 0.0631081 0.674902 -0.0002474 0.609995 -0.00750063 0.602915 0.0558549
0 0.173285 0.469963 0.217309 0.391618 0.176477 0.368674 0.132453 0.447019
0 0.592545 0.245594 0.61811 0.140838 0.579931 0.131521 0.554366 0.236277
0 0.444677 0.800466 0.461512 0.717506 0.363398 0.697596 0.346563 0.780556
0 0.0262175 0.5502 0.0772911 0.449509 0.0287186 0.424871 -0.0223551 0.525562
0 0.545428 0.952322 0.569884 0.892299 0.443924 0.840977 0.419468 0.900999
0 0.587911 0.790676 0.61249 0.734271 0.523387 0.695444 0.498808 0.751849
0 0.34005 0.731876 0.37794 0.604097 0.296276 0.579881 0.258385 0.70766
0 0.08626 0.675387 0.092962 0.594322 0.00211761 0.586812 -0.00458446 0.667876
0 0.457139 0.605748 0.466494 0.547329 0.411808 0.538572 0.402454 0.596991
0 0.500882 0.645168 0.57441 0.51051 0.514472 0.477782 0.440944 0.61244
0 0.471652 0.738151 0.497672 0.670772 0.375518 0.623599 0.349498 0.690978
0 0.505293 0.642613 0.548461 0.555806 0.486912 0.525199 0.443744 0.612006
0 0.560304 0.231295 0.587746 0.12497 0.534889 0.111328 0.507447 0.217653
0 0.42333 0.482608 0.438487 0.381161 0.347422 0.367555 0.332265 0.469002
0 0.868905 0.144947 0.920667 0.0142522 0.839987 -0.0177019 0.788224 0.112993
0 0.253164 0.622703 0.274612 0.540294 0.151601 0.508279 0.130153 0.590687
0 0.120222 0.965576 0.137619 0.769617 -0.00456034 0.756994 -0.0219577 0.952953
0 0.255836 0.178064 0.292497 0.0219243 0.0783685 -0.0283517 0.0417079 0.127788
0 0.0783447 0.31649 0.0977007 0.27137 0.00430283 0.231304 -0.0150531 0.276424
0 0.34304 0.301125 0.369624 0.210398 0.309919 0.192903 0.283334 0.283631
0 0.550479 0.564913 0.571141 0.499427 0.505715 0.478784 0.485053 0.544269
0 0.141876 0.452735 0.218708 0.309718 0.128067 0.261023 0.0512345 0.40404
0 0.0719462 0.262705 0.090658 0.212547 0.0048023 0.180518 -0.0139095 0.230676
0 0.590647 0.493496 0.634311 0.412717 0.505384 0.343027 0.46172 0.423806
0 0.503014 0.982615 0.522283 0.936483 0.422605 0.894848 0.403336 0.94098
0 0.677335 0.324632 0.752992 0.19129 0.707462 0.165457 0.631804 0.298799
0 0.874761 0.137676 0.897151 0.0628987 0.810032 0.0368122 0.787641 0.111589
0 0.379806 0.201688 0.409742 0.0757697 0.326257 0.0559217 0.296321 0.18184
0 0.032314 0.36523 0.0419066 0.28591 -0.00877576 0.27978 -0.0183684 0.3591
0 0.483436 1.0236 0.501827 0.971411 0.433105 0.947192 0.414714 0.999378
0 0.285955 0.92254 0.332254 0.795517 0.251438 0.76606 0.205139 0.893082
0 0.0318146 0.090311 0.0374347 0.0299801 -0.00699048 0.0258417 -0.0126106 0.0861726
0 0.0918133 0.199826 0.104736 0.121263 0.0288624 0.108783 0.0159394 0.187346
0 0.315475 0.718814 0.345172 0.597182 0.290779 0.583902 0.261082 0.705534
0 0.62137 0.907364 0.63349 0.854609 0.580013 0.842323 0.567893 0.895078
0 0.613263 0.0390729 0.6144 -0.003731 0.517924 -0.00629398 0.516787 0.03651
0 0.811344 0.108669 0.839937 -0.00644938 0.67943 -0.0463147 0.650838 0.0688035
0 1.00264 0.224637 1.05571 0.14145 0.900513 0.0424428 0.847443 0.12563
0 0.0963278 0.677401 0.10757 0.615659 0.0693507 0.6087 0.0581085 0.670441
0 0.226591 1.00552 0.227092 0.966988 0.155601 0.966058 0.1551 1.00459
0 0.12327 1.00468 0.12487 0.973115 0.0496354 0.9693 0.0480347 1.00087
0 0.0974195 0.677533 0.105227 0.607732 0.0382228 0.600237 0.0304152 0.670038
0 0.907357 0.0797093 0.928841 0.0223719 0.838266 -0.0115663 0.816782 0.0457711
0 0.0599116 0.047006 0.0648561 -0.00164269 0.0018918 -0.00804218 -0.00305269 0.0406065
0 0.123504 0.46119 0.221698 0.30602 0.176471 0.277399 0.0782769 0.432569
0 0.052684 0.999589 0.0528076 0.967785 6.29578e-05 0.96758 -6.0555e-05 0.999384
0 0.208678 0.475896 0.25253 0.391075 0.221156 0.374855 0.177305 0.459676
0 0.0601448 0.982794 0.0674539 0.916042 0.00491762 0.909195 -0.00239146 0.975947
0 0.992641 0.139034 1.02568 0.0875298 0.921754 0.0208541 0.888711 0.0723581
0 0.129399 0.992511 0.134226 0.94176 0.0558679 0.934306 0.0510403 0.985057
0 0.56781 0.440873 0.597033 0.372281 0.500004 0.330944 0.470782 0.399536
0 0.0324013 0.547987 0.0412069 0.508453 -0.00257979 0.4987 -0.0113853 0.538234
0 0.326763 0.316976 0.339861 0.270902 0.248814 0.245018 0.235715 0.291093
0 0.140071 0.445803 0.180426 0.361579 0.127049 0.336004 0.0866937 0.420228
0 0.37416 0.210896 0.381755 0.166635 0.330488 0.157837 0.322892 0.202098
