0 0.296958 0.642973 0.297485 0.560947 0.198801 0.560312 0.198274 0.642339
0 0.55448 0.399027 0.579265 0.337875 0.480128 0.297694 0.455343 0.358846
0 0.496356 0.212846 0.498744 0.136741 0.403951 0.133766 0.401564 0.209872
0 0.0975184 0.79798 0.132261 0.689636 0.068798 0.669285 0.034055 0.777629
0 -0.00277999 0.270721 0.0761344 0.269431 0.0745751 0.173995 -0.00433924 0.175284
0 0.510142 0.756476 0.603407 0.719078 0.552021 0.590925 0.458755 0.628322
0 0.313216 0.778118 0.420292 0.777882 0.420068 0.675626 0.312991 0.675862
0 0.862535 0.787322 0.866463 0.695096 0.772728 0.691104 0.7688 0.783329
0 0.530338 0.502159 0.535284 0.394514 0.441689 0.390214 0.436743 0.497859
0 0.166065 0.324404 0.16973 0.245279 0.0938781 0.241766 0.090213 0.320891
0 0.425387 0.365291 0.430149 0.276252 0.348324 0.271876 0.343561 0.360914
0 0.636669 0.392775 0.744366 0.354465 0.714019 0.269156 0.606323 0.307467
0 0.41501 0.882855 0.422423 0.805803 0.304396 0.794448 0.296983 0.8715
0 0.725377 0.531146 0.795042 0.505316 0.745422 0.371485 0.675756 0.397315
0 0.275408 0.792269 0.279621 0.688627 0.166075 0.684011 0.161862 0.787654
0 0.851282 0.266415 0.95859 0.185292 0.914951 0.127567 0.807643 0.20869
0 0.121838 0.44222 0.146394 0.360863 0.0747407 0.339237 0.0501851 0.420593
0 0.576709 0.342193 0.601218 0.274133 0.507412 0.240353 0.482903 0.308414
0 0.732177 0.902655 0.748303 0.837117 0.670509 0.817977 0.654384 0.883514
0 0.0779177 0.627556 0.147518 0.627327 0.147138 0.51191 0.0775382 0.512139
0 0.947263 0.611851 1.01755 0.594423 0.986735 0.470124 0.916444 0.487552
0 0.406374 0.21665 0.411609 0.131123 0.352316 0.127494 0.347081 0.213021
0 0.109257 0.133484 0.127177 0.0429625 0.00602646 0.0189797 -0.0118931 0.109501
0 0.868128 0.901381 0.897822 0.827754 0.82666 0.799053 0.796965 0.87268
0 0.301715 0.207701 0.319324 0.118757 0.1499 0.0852154 0.132291 0.174159
0 0.38108 1.02056 0.399914 0.917247 0.283804 0.89608 0.26497 0.999387
0 0.344483 0.520759 0.362401 0.46115 0.261341 0.430771 0.243422 0.49038
0 0.595743 0.306576 0.705397 0.269438 0.688084 0.218318 0.578429 0.255456
0 0.752065 0.720591 0.863512 0.67047 0.79587 0.520064 0.684423 0.570185
0 0.192966 0.970793 0.220225 0.873105 0.110711 0.842546 0.0834516 0.940235
0 0.0656977 0.413242 0.0759824 0.33199 0.0120981 0.323904 0.00181335 0.405155
0 0.896314 0.45463 0.971228 0.419507 0.918255 0.306519 0.84334 0.341641
0 0.532555 0.633218 0.550502 0.536381 0.456687 0.518994 0.43874 0.615831
0 0.302258 0.386148 0.305112 0.291073 0.212993 0.288306 0.210138 0.383382
0 0.638804 0.252902 0.686923 0.198298 0.629937 0.14808 0.581818 0.202683
0 0.443786 0.591695 0.547384 0.590813 0.546643 0.503733 0.443045 0.504615
0 0.577255 0.265999 0.688756 0.216439 0.659253 0.150064 0.547752 0.199624
0 0.962919 0.740531 1.00495 0.739753 1.00276 0.621669 0.960732 0.622447
0 0.0985471 1.01778 0.0992486 0.944634 0.000540467 0.943687 -0.000160986 1.01683
0 0.951205 0.305253 1.00479 0.30336 1.00125 0.203124 0.947664 0.205017
0 0.0230221 0.915429 0.0571513 0.828963 0.000963435 0.806785 -0.0331657 0.893251
0 0.822881 1.01002 0.923181 1.00122 0.921079 0.977277 0.820779 0.986084
0 0.106542 0.636922 0.11046 0.496654 0.0169997 0.494043 0.0130812 0.634311
0 0.622472 0.840652 0.662162 0.756823 0.583071 0.719377 0.543381 0.803206
0 0.0275891 0.848004 0.0285441 0.796407 -0.00125559 0.795856 -0.00221055 0.847453
0 0.0327042 0.391959 0.0370574 0.309141 -0.00515907 0.306922 -0.00951234 0.38974
0 0.754201 0.706363 0.852758 0.669682 0.825639 0.596818 0.727082 0.633498
0 0.656068 0.730575 0.693455 0.69147 0.644715 0.644872 0.607328 0.683977
0 0.773473 0.87186 0.822192 0.84541 0.794302 0.794039 0.745584 0.820489
0 0.29606 0.179364 0.312245 0.119568 0.169522 0.0809364 0.153336 0.140732
0 0.345019 0.207808 0.352858 0.129015 0.318758 0.125623 0.310918 0.204415
0 0.964999 0.67961 1.00461 0.678578 1.00306 0.619449 0.963458 0.620481
0 0.0229146 0.564585 0.0387301 0.489899 -0.00172333 0.481333 -0.0175389 0.556019
