0 0.693096 0.344279 0.698739 0.179369 0.589989 0.172754 0.584347 0.337665
0 0.538685 0.519241 0.543242 0.35754 0.466268 0.353684 0.461711 0.515384
0 0.680197 0.531217 0.685507 0.332322 0.579582 0.327295 0.574273 0.52619
0 0.535306 0.732094 0.536916 0.592835 0.394195 0.589902 0.392585 0.72916
0 0.356499 0.426846 0.467423 0.283122 0.403977 0.19607 0.293053 0.339793
0 0.802956 0.943399 0.805817 0.8195 0.715783 0.815804 0.712922 0.939703
0 0.936584 0.33581 0.94963 0.164519 0.825192 0.147669 0.812145 0.31896
0 0.892663 0.183956 0.895972 0.0408579 0.789998 0.0365009 0.786689 0.179599
0 0.662506 0.906098 0.666203 0.790705 0.55755 0.784516 0.553853 0.899909
0 0.345469 0.766523 0.349265 0.632658 0.264452 0.628382 0.260656 0.762247
0 0.103479 0.38787 0.174051 0.290654 0.133009 0.237688 0.0624375 0.334905
0 0.728935 0.725082 0.863932 0.724513 0.86361 0.588546 0.728613 0.589114
0 0.794522 0.821272 0.796079 0.715228 0.724574 0.713362 0.723017 0.819406
0 0.673558 0.798424 0.677426 0.619242 0.544243 0.614132 0.540375 0.793314
0 0.327736 0.89012 0.336828 0.760142 0.229103 0.746745 0.220011 0.876723
0 0.492768 0.852679 0.494875 0.776703 0.391779 0.771619 0.389672 0.847596
0 0.590451 0.526248 0.597053 0.396892 0.541661 0.391866 0.535059 0.521222
0 0.464665 0.527986 0.466355 0.430851 0.410858 0.429135 0.409168 0.526269
0 0.490244 0.920401 0.49226 0.846592 0.389508 0.841602 0.387492 0.915411
0 0.764416 0.629583 0.845372 0.54968 0.779884 0.431722 0.698928 0.511625
0 0.289724 0.182868 0.355172 0.0855632 0.287837 0.00504653 0.222389 0.102351
0 0.81667 0.949341 0.916078 0.948489 0.915446 0.8174 0.816038 0.818252
0 0.478275 0.301297 0.522832 0.1786 0.440257 0.125289 0.3957 0.247986
0 0.891713 0.832537 0.892967 0.717158 0.808043 0.715517 0.806788 0.830896
0 0.484882 1.00967 0.486846 0.912002 0.380885 0.908214 0.378921 1.00589
0 0.253865 0.606651 0.349748 0.443489 0.261261 0.351046 0.165378 0.514209
0 0.65716 0.96351 0.659328 0.89637 0.558417 0.890577 0.556249 0.957717
0 0.550417 0.195274 0.57195 0.0763043 0.486682 0.0488678 0.465149 0.167837
0 0.880427 0.491314 1.0329 0.391445 0.989683 0.274151 0.837211 0.37402
0 0.935714 0.67542 1.03405 0.599274 0.989789 0.497652 0.891451 0.573798
0 0.171258 0.297571 0.285391 0.146001 0.234332 0.0776485 0.120198 0.229218
0 0.102806 0.992241 0.183652 0.868877 0.111735 0.785089 0.0308889 0.908453
0 0.043654 0.310331 0.133578 0.198043 0.0288309 0.0489134 -0.0610934 0.161201
0 0.71159 1.00526 0.811371 1.00465 0.811131 0.934516 0.71135 0.935123
0 0.184384 0.633825 0.229776 0.589156 0.16367 0.469732 0.118278 0.514402
0 0.148152 0.660107 0.165684 0.554956 0.0874377 0.531763 0.0699061 0.636914
0 0.694193 0.188411 0.702709 0.0790928 0.634885 0.0696998 0.626369 0.179018
0 0.342206 0.0982137 0.426575 0.00974774 0.388598 -0.0546402 0.304229 0.0338257
0 0.657584 1.00615 0.658202 0.953103 0.550541 0.950872 0.549922 1.00392
0 0.0192699 0.532036 0.125641 0.37586 0.0828112 0.324 -0.02356 0.480176
0 0.835293 1.0124 0.956388 1.00768 0.954724 0.931809 0.83363 0.93653
0 0.58879 0.761163 0.594683 0.626368 0.537266 0.621906 0.531374 0.756701
0 0.884726 0.0446514 0.88545 -0.00214119 0.767106 -0.00539822 0.766382 0.0413944
0 1.01624 0.75148 1.02563 0.633024 0.937893 0.62067 0.92851 0.739125
0 0.149326 1.05455 0.238112 0.943641 0.186568 0.870283 0.0977825 0.981187
0 0.0344396 0.833212 0.071677 0.708833 -0.00567681 0.667662 -0.0429142 0.792041
0 0.967109 0.84583 1.00346 0.843636 1.00091 0.768526 0.964559 0.77072
0 0.703521 0.0602029 0.704037 -0.0106864 0.642838 -0.0114776 0.642322 0.0594117
0 0.916921 0.0779834 1.00304 0.0754879 1.00162 -0.0111555 0.915509 -0.00865994
0 0.23079 0.0858742 0.254751 0.0146592 0.210758 -0.0116553 0.186797 0.0595597
0 0.98116 0.908775 1.00064 0.908722 1.00053 0.833476 0.981045 0.833529
0 0.0342733 0.911621 0.0492926 0.83571 -0.00525707 0.816523 -0.0202763 0.892433
0 0.0288853 0.561753 0.0302505 0.485928 -0.000412749 0.484946 -0.00177795 0.560772
0 0.184769 0.999462 0.277829 0.995505 0.275982 0.918279 0.182922 0.922236
0 0.243001 0.819378 0.268085 0.70609 0.17974 0.671315 0.154656 0.784602
0 0.96077 0.79325 1.00408 0.790846 1.0019 0.721224 0.958596 0.723628
0 0.257438 1.03889 0.270839 0.952685 0.203455 0.934063 0.190054 1.02027
0 0.756201 0.046657 0.804618 0.0449458 0.80363 -0.00472301 0.755213 -0.00301182
0 0.185599 0.0719844 0.196836 -0.0113476 0.135375 -0.0260816 0.124138 0.0572504
0 0.476106 1.0083 0.528763 1.00747 0.528345 0.960526 0.475688 0.961357
0 0.226681 0.057874 0.294466 0.0517806 0.291236 -0.0121014 0.223451 -0.00600798
