0 0.0779725 0.269186 0.0793724 0.159088 -0.000792906 0.157276 -0.00219283 0.267374
0 0.511851 0.245009 0.516707 0.0589888 0.397567 0.0534592 0.392711 0.23948
0 0.42988 0.724778 0.537834 0.724338 0.537551 0.600847 0.429597 0.601286
0 0.121169 0.151576 0.244022 0.130685 0.236081 0.0476689 0.113229 0.0685591
0 0.231528 0.62526 0.315315 0.597421 0.276199 0.388133 0.192412 0.415973
0 0.212376 0.870631 0.318796 0.842041 0.303679 0.742008 0.197259 0.770598
0 0.528881 0.481726 0.530175 0.31166 0.401488 0.309919 0.400194 0.479985
0 0.535681 0.613079 0.536955 0.484013 0.431871 0.482169 0.430597 0.611235
0 0.926624 0.166011 0.929008 0.00018623 0.803746 -0.00301523 0.801362 0.16281
0 0.243496 0.305292 0.307786 0.282712 0.27652 0.124449 0.212229 0.147029
0 0.299302 0.536585 0.360091 0.51369 0.328265 0.363465 0.267476 0.386361
0 0.367943 0.251688 0.423971 0.227193 0.389293 0.0861783 0.333265 0.110673
0 0.54785 0.909994 0.549513 0.784471 0.442271 0.781945 0.440609 0.907469
0 0.923971 0.245211 1.00097 0.243983 1.00019 0.157005 0.923191 0.158233
0 0.281594 0.761709 0.359154 0.742578 0.33909 0.597974 0.26153 0.617105
0 0.101389 0.692294 0.107961 0.55046 -0.00241325 0.541368 -0.00898512 0.683202
0 0.101096 0.0822928 0.253074 0.0534091 0.244332 -0.0283682 0.0923535 0.00051549
0 -0.00679897 0.172142 0.0572407 0.171939 0.0570551 0.0679421 -0.00698451 0.0681452
0 0.16855 0.337884 0.24819 0.30525 0.20453 0.115834 0.12489 0.148468
0 0.7197 0.134064 0.720282 0.0140587 0.631352 0.0132912 0.63077 0.133297
0 0.768488 0.258217 0.768977 0.116608 0.634541 0.115781 0.634051 0.25739
0 0.0160774 0.401084 0.110109 0.350195 0.0772807 0.242357 -0.0167504 0.293245
0 0.441245 0.799122 0.554668 0.796906 0.553899 0.726966 0.440476 0.729183
0 0.311808 0.286887 0.373606 0.261477 0.336372 0.100488 0.274574 0.125898
0 0.994675 0.0787996 0.995826 0.0131872 0.933753 0.0112513 0.932602 0.0768636
0 0.352498 0.526297 0.431852 0.499402 0.404511 0.355987 0.325157 0.382881
0 0.508835 0.050472 0.510368 -0.00645865 0.384053 -0.0125072 0.38252 0.0444234
0 -0.000506677 0.0734958 0.0416597 0.0732627 0.0414313 -0.000185036 -0.000735033 4.80301e-05
0 0.0881061 0.800038 0.0961551 0.689163 4.09214e-05 0.676759 -0.00800805 0.787634
0 0.949149 0.976282 0.999366 0.972495 0.992747 0.81647 0.94253 0.820258
0 0.533863 1.00842 0.535242 0.924216 0.407892 0.92051 0.406514 1.00472
0 0.822091 0.226368 0.894477 0.214935 0.888867 0.151789 0.816481 0.163221
0 0.109097 0.628842 0.167019 0.609642 0.13347 0.429719 0.0755485 0.44892
0 0.710929 0.0215869 0.711126 0.000298408 0.634318 -0.000967335 0.63412 0.0203212
0 0.997335 0.0176849 0.997466 0.000460075 0.929606 -0.000456513 0.929475 0.0167684
