0 0.948822 0.453644 0.959554 0.348475 0.833768 0.341255 0.823036 0.446424
0 0.927069 0.541285 0.933382 0.444721 0.808548 0.44013 0.802235 0.536694
0 0.738097 0.156198 0.749266 0.0693413 0.644138 0.0617366 0.632968 0.148593
0 0.977795 0.357805 0.989405 0.288133 0.856121 0.27564 0.844511 0.345312
0 0.801615 0.311305 0.832524 0.197428 0.736562 0.182777 0.705653 0.296654
0 0.869242 0.209889 0.891933 0.0948117 0.768423 0.0811128 0.745732 0.19619
0 0.58226 0.1849 0.650409 0.0394147 0.486013 -0.00390264 0.417863 0.141582
0 0.780598 0.427959 0.816067 0.306187 0.702176 0.287527 0.666707 0.409299
0 0.497815 0.887183 0.49957 0.822468 0.415265 0.821182 0.41351 0.885897
0 0.710566 0.99404 0.716831 0.880444 0.600618 0.876838 0.594352 0.990434
0 0.886716 0.787701 0.88792 0.7111 0.768734 0.710047 0.76753 0.786647
0 0.763834 0.837487 0.896529 0.837182 0.896315 0.784877 0.76362 0.785182
0 0.654661 0.364901 0.690078 0.231388 0.603861 0.218523 0.568444 0.352036
0 0.763196 0.908001 0.910082 0.907645 0.909762 0.833321 0.762876 0.833677
0 0.512889 0.958392 0.516449 0.907858 0.361697 0.901726 0.358138 0.95226
0 0.741351 0.551843 0.780611 0.416636 0.662398 0.397327 0.623138 0.532534
0 0.325924 0.75589 0.463658 0.755598 0.463406 0.688667 0.325672 0.688959
0 0.302571 0.812915 0.305044 0.703008 0.138963 0.700906 0.13649 0.810814
0 0.325944 0.892951 0.326444 0.820996 0.221321 0.820585 0.220821 0.89254
0 0.756791 0.957477 0.892822 0.956638 0.892218 0.901543 0.756187 0.902382
0 0.323366 0.485523 0.348619 0.396164 0.214997 0.374922 0.189744 0.464282
0 0.0978269 0.447335 0.10566 0.373163 0.000258184 0.366902 -0.00757488 0.441074
0 0.983227 0.610918 0.98724 0.548016 0.828338 0.542313 0.824324 0.605215
0 0.530123 0.410365 0.544948 0.335616 0.484409 0.328862 0.469584 0.403611
0 0.7243 0.883869 0.725873 0.73476 0.582062 0.733906 0.580488 0.883016
0 0.59431 0.536275 0.654839 0.349866 0.566861 0.333797 0.506332 0.520205
0 0.167319 0.459364 0.186037 0.390918 0.103331 0.378196 0.0846128 0.446642
0 0.370768 0.41877 0.399724 0.365828 0.259536 0.3227 0.23058 0.375642
0 0.230628 0.388846 0.23954 0.288956 0.115075 0.28271 0.106163 0.3826
0 0.29922 0.255627 0.355911 0.0998997 0.266626 0.0816165 0.209935 0.237344
0 0.276535 0.290323 0.285928 0.237354 0.214802 0.230259 0.205409 0.283228
0 -0.0013618 0.121379 0.0634462 0.120717 0.0618334 0.0319598 -0.0029746 0.0326222
0 0.0628596 0.58542 0.101991 0.520014 0.0500274 0.502526 0.0108959 0.567932
0 0.474725 0.517477 0.482682 0.419183 0.369092 0.414011 0.361135 0.512305
0 0.377295 0.902447 0.431359 0.892343 0.410033 0.828161 0.35597 0.838265
0 0.329112 0.585129 0.369641 0.504752 0.171803 0.448639 0.131274 0.529016
0 0.723373 0.779084 0.726438 0.726628 0.601705 0.722529 0.59864 0.774985
0 0.133391 0.832017 0.133407 0.779606 0.058136 0.779593 0.0581201 0.832004
0 0.749272 0.581008 0.755084 0.534567 0.627794 0.525606 0.621982 0.572047
0 0.219719 0.697742 0.221719 0.629777 0.136089 0.62836 0.134089 0.696324
0 0.428134 1.00444 0.431705 0.953006 0.351669 0.94988 0.348098 1.00132
0 0.978773 0.266403 1.06845 0.084094 0.97629 0.0585938 0.886613 0.240903
0 0.0361589 0.662043 0.0828683 0.575172 0.0108905 0.553402 -0.0358188 0.640274
0 0.756212 0.735345 0.762562 0.555119 0.599937 0.551896 0.593588 0.732122
0 0.59514 0.873285 0.597948 0.772442 0.551296 0.771711 0.548488 0.872554
0 0.762618 0.99778 0.878057 0.997188 0.877689 0.95676 0.76225 0.957352
0 1.00658 0.299503 1.01673 0.257737 0.875597 0.238449 0.865449 0.280215
0 1.00111 0.55085 1.00355 0.507183 0.966369 0.506017 0.963935 0.549684
0 -0.000811222 0.16378 0.0649819 0.163218 0.0642503 0.115025 -0.00154291 0.115587
0 0.217093 0.618699 0.253443 0.554425 0.14149 0.51881 0.10514 0.583084
0 0.200095 0.915478 0.234063 0.857464 0.159337 0.832852 0.125368 0.890866
0 0.066964 0.504633 0.0736588 0.439197 -0.00288946 0.434792 -0.00958426 0.500228
0 0.133599 0.711456 0.142288 0.652161 0.0540189 0.644885 0.0453293 0.704179
0 0.0505769 0.885054 0.0979701 0.858556 0.0595493 0.819902 0.0121561 0.8464
0 0.000624537 0.987604 0.0697398 0.987265 0.0692567 0.931967 0.000141501 0.932307
0 0.213303 0.388801 0.224133 0.323927 0.122171 0.314352 0.111341 0.379225
0 0.0255735 0.942722 0.0784463 0.897624 0.00681135 0.850383 -0.0460614 0.895482
0 0.681164 0.268972 0.709308 0.189643 0.628007 0.173419 0.599863 0.252748
0 0.466602 0.681112 0.551324 0.680826 0.550779 0.590277 0.466057 0.590563
0 0.12932 1.01093 0.213842 0.968067 0.145737 0.892519 0.0612149 0.935378
0 0.13067 0.79106 0.131577 0.720924 0.0297494 0.720183 0.0288417 0.790319
0 0.962008 0.0531736 1.00072 0.0525412 0.999023 -0.00596955 0.960309 -0.00533716
0 0.632693 0.430992 0.64982 0.350991 0.568756 0.341229 0.551628 0.42123
0 0.212281 0.836908 0.312052 0.826989 0.306907 0.79788 0.207136 0.807799
0 0.465701 0.7065 0.552091 0.70628 0.551824 0.647463 0.465434 0.647684
0 0.346561 0.608169 0.399629 0.526635 0.249138 0.471539 0.19607 0.553073
0 0.567347 0.600883 0.571796 0.516263 0.47545 0.513413 0.471001 0.598033
0 0.0733093 0.996676 0.0740431 0.949479 0.00193675 0.948848 0.00120302 0.996046
0 0.340926 0.60971 0.377554 0.525203 0.293535 0.504718 0.256907 0.589225
0 0.0398601 0.558998 0.0412809 0.498224 -0.0130008 0.49751 -0.0144216 0.558284
0 0.239259 0.143076 0.241694 0.0760542 0.157541 0.0743343 0.155106 0.141356
0 0.270992 0.683857 0.274198 0.620835 0.209856 0.618994 0.20665 0.682016
0 0.0315453 0.690793 0.0330258 0.645261 -0.00344354 0.644594 -0.00492402 0.690126
0 0.406184 0.668191 0.427572 0.587404 0.346366 0.575311 0.324978 0.656098
0 0.416646 0.379103 0.44869 0.31051 0.318847 0.276389 0.286802 0.344982
0 0.472923 0.382934 0.480475 0.323954 0.410255 0.318896 0.402703 0.377876
0 0.0675928 0.999684 0.0679034 0.96763 0.00568059 0.967291 0.00537003 0.999345
0 0.590569 0.777631 0.591129 0.726583 0.547779 0.726316 0.54722 0.777364
0 0.321379 0.365784 0.357924 0.282876 0.293644 0.266938 0.257099 0.349846
0 0.123302 1.00222 0.191926 1.00069 0.191011 0.97764 0.122387 0.979172
0 0.358579 0.496574 0.389252 0.419319 0.334576 0.407108 0.303903 0.484363
0 0.351147 0.684977 0.359321 0.631013 0.25419 0.622056 0.246016 0.676019
0 0.0411963 0.166104 0.14346 0.16575 0.143025 0.0952981 0.0407617 0.0956529
0 0.116865 1.00164 0.190049 0.999895 0.188115 0.954261 0.114932 0.956005
0 -0.00133954 0.881757 0.0274837 0.881562 0.0267942 0.824473 -0.00202912 0.824669
0 0.673752 1.00331 0.674351 0.987333 0.571826 0.985173 0.571228 1.00115
0 1.00181 0.0679108 1.00315 0.0257218 0.962298 0.0249919 0.960957 0.0671809
