0 0.539714 0.185559 0.544283 0.0241265 0.466021 0.0201883 0.461451 0.181621
0 0.535299 0.398556 0.536866 0.259484 0.394273 0.256628 0.392706 0.3957
0 0.803626 0.611622 0.806409 0.486443 0.715679 0.482858 0.712897 0.608036
0 0.814504 0.751113 0.816411 0.610793 0.709788 0.608217 0.70788 0.748537
0 0.260036 0.868194 0.340447 0.728104 0.275455 0.661783 0.195043 0.801873
0 0.200346 0.776439 0.286145 0.666992 0.236291 0.597514 0.150493 0.706961
0 0.679995 0.195879 0.685516 0.00256336 0.577094 -0.00294127 0.571573 0.190375
0 0.345244 0.433294 0.34933 0.2995 0.264771 0.294909 0.260685 0.428704
0 0.650211 0.73678 0.651731 0.619264 0.544528 0.616798 0.543008 0.734315
0 0.102289 0.657387 0.182318 0.53685 0.111625 0.453408 0.0315951 0.573945
0 0.326848 0.557144 0.336494 0.427493 0.229864 0.413389 0.220219 0.54304
0 0.662538 0.572332 0.66648 0.458029 0.558029 0.45138 0.554086 0.565683
0 0.467924 0.728164 0.478757 0.579051 0.386026 0.567074 0.375193 0.716187
0 0.950488 0.733326 0.950875 0.603949 0.848936 0.603407 0.848549 0.732784
0 0.644484 0.93157 0.647977 0.821004 0.553063 0.815673 0.54957 0.92624
0 0.728834 0.391554 0.863902 0.390595 0.86336 0.25478 0.728292 0.255739
0 0.79488 0.487652 0.796348 0.381944 0.724546 0.380171 0.723078 0.485879
0 0.811394 0.282168 0.83795 0.141758 0.737677 0.108042 0.711121 0.248452
0 0.648814 0.826297 0.651107 0.730968 0.552715 0.726761 0.550422 0.822091
0 0.492444 0.519263 0.494613 0.443867 0.392228 0.438632 0.39006 0.514028
0 0.673239 0.465111 0.677051 0.285996 0.544447 0.280979 0.540636 0.460094
0 0.655688 0.630389 0.658624 0.563857 0.558858 0.556029 0.555922 0.622562
0 0.489085 0.589994 0.493168 0.514457 0.394662 0.50499 0.390578 0.580527
0 0.990342 0.878672 0.991063 0.725175 0.876056 0.724214 0.875335 0.877712
0 0.817142 0.615775 0.916034 0.614938 0.915413 0.484371 0.81652 0.485207
0 0.156261 0.721255 0.237078 0.608662 0.183863 0.540758 0.103047 0.653351
0 0.0865619 0.910583 0.108184 0.780676 0.01967 0.754485 -0.00195174 0.884392
0 0.590144 0.192878 0.59722 0.0635667 0.541922 0.0581867 0.534845 0.187498
0 0.464643 0.19448 0.466163 0.0975238 0.410794 0.0959808 0.409274 0.192937
0 0.257504 0.273084 0.348959 0.108758 0.257811 0.018574 0.166356 0.1829
0 0.370898 1.00158 0.46251 0.869952 0.339081 0.71723 0.24747 0.848857
0 0.891769 0.499105 0.892956 0.384159 0.808127 0.382602 0.80694 0.497548
0 0.713538 0.963254 0.805349 0.96271 0.805081 0.882386 0.71327 0.882931
0 0.935042 0.342101 1.03366 0.266355 0.989693 0.164589 0.891075 0.240334
0 0.871649 0.150272 1.02137 0.0807872 0.987967 -0.047188 0.838241 0.0222968
0 0.476973 0.800465 0.542953 0.676275 0.483579 0.620197 0.417599 0.744386
0 0.703231 0.891103 0.813035 0.889766 0.812307 0.7835 0.702503 0.784837
0 0.184325 0.300209 0.229533 0.255755 0.163599 0.136553 0.118391 0.181008
0 0.422027 1.0296 0.503273 0.908092 0.451844 0.846956 0.370598 0.968462
0 0.902182 1.00681 1.00636 1.00465 1.00489 0.87853 0.900714 0.880687
0 0.148197 0.326548 0.165698 0.221934 0.0875708 0.198697 0.0700694 0.303312
0 0.0181055 0.198657 0.126152 0.0432351 0.0828259 -0.0103105 -0.0252205 0.145111
0 0.802808 0.81748 0.804847 0.760693 0.71099 0.7547 0.70895 0.811487
0 0.708698 1.0025 0.807563 1.00056 0.807093 0.958043 0.708228 0.959985
0 0.588823 0.42757 0.594797 0.293273 0.53729 0.288725 0.531316 0.423022
0 0.366194 0.0868576 0.409962 0.0011431 0.360251 -0.0439843 0.316482 0.0417302
0 0.468292 1.05073 0.539228 0.954959 0.499735 0.902957 0.428799 0.99873
0 1.01352 0.420885 1.02754 0.30285 0.940768 0.28453 0.92675 0.402565
0 0.0298046 0.500761 0.072647 0.380236 -0.00079101 0.333828 -0.0436334 0.454352
0 0.967628 0.510352 1.00376 0.508273 1.00143 0.436264 0.965297 0.438343
0 0.24325 0.485668 0.268061 0.373392 0.179901 0.338757 0.15509 0.451033
0 0.262553 1.07173 0.3026 0.976605 0.201329 0.900811 0.161281 0.995937
0 0.0294999 0.581924 0.0516284 0.509302 -0.00323098 0.479584 -0.0253595 0.552206
0 0.0689732 0.052134 0.148481 0.0493438 0.147408 -0.00504462 0.0678996 -0.0022544
0 0.980979 0.57606 1.00196 0.576026 1.00189 0.50297 0.980913 0.503004
0 0.508817 1.00521 0.569117 1.00507 0.569048 0.951612 0.508748 0.951749
0 0.101511 0.807236 0.132671 0.757169 0.0825057 0.701665 0.0513455 0.751732
0 0.0293604 0.22893 0.0306016 0.152582 -0.00028346 0.151689 -0.00152474 0.228037
0 0.81693 0.136075 0.818381 0.00110998 0.706591 -0.00102689 0.70514 0.133938
0 0.542866 0.858466 0.569578 0.769287 0.49954 0.731991 0.472828 0.82117
0 0.96127 0.458583 1.0041 0.456272 1.00204 0.388294 0.959207 0.390605
0 0.342976 0.0384956 0.343283 -0.00493795 0.299381 -0.0054904 0.299073 0.0379432
0 0.487044 1.00002 0.576805 0.996082 0.574963 0.921381 0.485201 0.925317
0 0.136758 1.01337 0.139986 0.958476 0.0587297 0.949981 0.0555017 1.00488
