0 0.128581 0.603191 0.130066 0.511188 0.0361598 0.509673 0.0346751 0.601675
0 0.431584 1.00148 0.434757 0.94989 0.379234 0.946475 0.376061 0.998062
0 0.308056 0.332234 0.320432 0.25206 0.247923 0.240868 0.235548 0.321042
0 0.498236 0.789841 0.504428 0.728522 0.421942 0.720194 0.415751 0.781513
0 0.319759 0.195835 0.329829 0.117879 0.250867 0.107679 0.240797 0.185636
0 0.459552 0.927055 0.470047 0.844327 0.403025 0.835825 0.39253 0.918553
0 0.0515463 0.688348 0.145491 0.688201 0.145348 0.596413 0.0514034 0.596559
0 0.190626 0.954528 0.192183 0.858243 0.0983547 0.856726 0.0967978 0.953011
0 0.11175 0.514355 0.112507 0.420275 0.0198267 0.419529 0.0190694 0.513609
0 0.649348 0.432448 0.658852 0.362247 0.586952 0.352512 0.577447 0.422713
0 0.157812 0.777779 0.160089 0.683932 0.0698921 0.681743 0.0676152 0.775591
0 0.377542 0.351924 0.387572 0.272457 0.311543 0.262861 0.301513 0.342327
0 0.467931 0.643102 0.479065 0.559171 0.400191 0.548708 0.389057 0.63264
0 0.530963 0.945819 0.538071 0.879331 0.457468 0.870715 0.45036 0.937202
0 0.533695 0.668781 0.545703 0.585213 0.472599 0.574709 0.460591 0.658276
0 -0.000474285 0.424948 0.101068 0.424177 0.100294 0.322217 -0.00124829 0.322987
0 0.515585 0.388151 0.524371 0.319635 0.449184 0.309994 0.440398 0.378509
0 0.592726 0.973142 0.60979 0.896634 0.548187 0.882895 0.531124 0.959403
0 0.598135 0.688046 0.608432 0.607906 0.537747 0.598823 0.52745 0.678964
0 0.444618 0.363607 0.448503 0.30055 0.387487 0.296791 0.383603 0.359848
0 0.140685 0.281305 0.17669 0.208503 0.121345 0.181132 0.0853401 0.253933
0 0.583218 0.411514 0.586197 0.347638 0.523599 0.344718 0.52062 0.408594
0 0.888396 0.60736 0.937774 0.525522 0.89843 0.501783 0.849051 0.583621
0 -0.00331444 0.327919 0.0777544 0.327172 0.0767887 0.222425 -0.00428014 0.223173
0 0.195495 0.772582 0.281788 0.772149 0.28142 0.698656 0.195126 0.699089
0 0.568379 0.815953 0.578346 0.747654 0.51126 0.737863 0.501293 0.806162
0 0.219617 0.457109 0.219985 0.368735 0.143576 0.368417 0.143208 0.456791
0 0.374609 0.906096 0.374776 0.833236 0.309498 0.833087 0.309331 0.905946
0 0.173117 0.864813 0.174346 0.768982 0.0798037 0.767769 0.0785741 0.8636
0 0.396786 0.622649 0.410896 0.53141 0.344287 0.521109 0.330177 0.612348
0 0.717329 0.856958 0.717742 0.801304 0.656113 0.800846 0.6557 0.8565
0 0.238705 0.920406 0.315116 0.920279 0.314992 0.845776 0.238581 0.845902
0 0.71998 0.537067 0.720512 0.477652 0.659719 0.477108 0.659188 0.536523
0 0.665488 0.990077 0.674792 0.915362 0.601355 0.906217 0.59205 0.980932
0 0.605895 0.0637919 0.67152 0.0626278 0.670385 -0.00139308 0.604759 -0.00022905
0 0.719705 0.337111 0.732787 0.270427 0.660622 0.256269 0.64754 0.322953
0 0.920942 0.120094 1.00613 0.118721 1.00433 0.00709974 0.919144 0.008472
0 0.663455 0.542096 0.663498 0.470634 0.575239 0.470581 0.575196 0.542043
0 0.355087 0.756228 0.35524 0.686184 0.279994 0.68602 0.279841 0.756064
0 0.723411 0.167708 0.794396 0.166974 0.793575 0.0876327 0.722591 0.0883669
0 0.69795 0.693681 0.76044 0.673816 0.738117 0.603599 0.675628 0.623465
0 0.538346 0.0755867 0.606517 0.0754421 0.606374 0.00818981 0.538203 0.00833443
0 0.883722 0.15178 0.885858 0.0583701 0.783279 0.0560248 0.781144 0.149435
0 0.924988 0.626524 0.972717 0.547047 0.934289 0.523969 0.88656 0.603447
0 0.96146 0.649338 1.00245 0.565213 0.963929 0.546444 0.922939 0.630569
0 0.223421 0.283822 0.232927 0.214336 0.163871 0.204888 0.154365 0.274375
0 0.895308 0.22459 0.895357 0.167275 0.843954 0.167231 0.843904 0.224546
0 0.674934 0.948446 0.743226 0.947488 0.742219 0.875702 0.673927 0.87666
0 0.779332 0.844202 0.783196 0.759973 0.715025 0.756845 0.711161 0.841074
0 0.658316 0.309958 0.667766 0.243324 0.588682 0.232108 0.579232 0.298743
0 0.497685 0.512531 0.522577 0.424808 0.460379 0.407158 0.435486 0.49488
0 0.640596 0.837134 0.646834 0.767841 0.567711 0.760719 0.561473 0.830011
0 0.899162 0.410175 0.90635 0.344139 0.815093 0.334205 0.807905 0.400242
0 0.813065 0.555173 0.878985 0.48173 0.842267 0.448773 0.776347 0.522216
0 0.213517 0.16411 0.255951 0.0856879 0.193822 0.0520693 0.151388 0.130491
0 0.424511 0.488735 0.432531 0.434146 0.365443 0.424289 0.357422 0.478878
0 0.112402 1.00524 0.208773 1.00395 0.207971 0.944496 0.111601 0.945795
0 0.580819 0.533168 0.588961 0.445379 0.504276 0.437525 0.496134 0.525314
0 0.418922 0.774851 0.421756 0.717603 0.364819 0.714784 0.361984 0.772032
0 0.141923 0.121913 0.212389 0.0641831 0.169158 0.0114145 0.0986917 0.0691448
0 0.378532 0.999869 0.37867 0.94372 0.335425 0.943614 0.335286 0.999762
0 0.706281 0.0538924 0.780597 0.0536583 0.780418 -0.00322268 0.706102 -0.00298864
0 0.308333 0.0866765 0.374084 0.0112808 0.323199 -0.0330957 0.257447 0.0422999
0 0.559054 0.209143 0.717704 0.178543 0.701415 0.0940924 0.542765 0.124692
0 0.693947 1.01112 0.821579 0.988905 0.81212 0.934564 0.684487 0.956782
0 0.850242 0.578835 0.902429 0.50516 0.867169 0.480184 0.814982 0.553859
0 0.611753 0.701232 0.690157 0.700606 0.689528 0.621797 0.611124 0.622422
0 0.942239 0.242893 1.01752 0.238744 1.01051 0.111703 0.935236 0.115852
0 -0.00154658 0.173248 0.0488572 0.17241 0.0477345 0.1049 -0.00266936 0.105739
0 0.243028 0.609991 0.319439 0.609541 0.319007 0.536223 0.242597 0.536673
0 0.801178 0.396035 0.852666 0.305393 0.78336 0.266025 0.731872 0.356667
0 0.0559288 0.22556 0.0562111 0.167381 0.0011144 0.167113 0.000832103 0.225293
0 0.704521 0.175576 0.736903 0.173752 0.731938 0.0856081 0.699556 0.0874319
0 0.773183 0.0389245 0.872252 0.0202164 0.864257 -0.0221223 0.765188 -0.00341422
0 0.402629 0.239479 0.531586 0.217598 0.520334 0.151285 0.391377 0.173165
0 1.00358 0.485274 1.01907 0.39741 0.93833 0.383174 0.922838 0.471038
0 0.361692 0.227809 0.379687 0.143844 0.325631 0.13226 0.307636 0.216224
0 0.221501 0.463084 0.302452 0.449083 0.28193 0.33043 0.200979 0.344431
0 0.371728 0.117694 0.524679 0.0970412 0.511271 -0.00225526 0.35832 0.0183972
0 0.251134 0.616636 0.25281 0.566301 0.201756 0.564601 0.20008 0.614936
0 0.993917 0.674524 1.01349 0.581253 0.972551 0.572661 0.952977 0.665932
0 0.433552 0.439307 0.443852 0.383147 0.37346 0.370236 0.363159 0.426396
0 0.483379 0.727394 0.490171 0.687258 0.44558 0.679711 0.438787 0.719848
0 0.356998 0.471959 0.370579 0.415219 0.314179 0.40172 0.300598 0.45846
0 0.968671 0.344071 1.00679 0.34217 1.00233 0.252731 0.964212 0.254632
0 0.943211 0.367188 0.989589 0.318923 0.936329 0.267744 0.88995 0.316009
0 0.295187 0.0483454 0.296581 -0.00443984 0.21673 -0.00654832 0.215336 0.0462369
0 0.813541 0.221383 0.848431 0.220987 0.847915 0.175584 0.813025 0.175981
0 0.999042 0.013421 0.999049 -0.000698148 0.910907 -0.000740152 0.910901 0.013379
0 0.866796 0.294325 0.908966 0.293927 0.908423 0.236225 0.866252 0.236623
0 0.0413604 0.112621 0.0436846 0.0573265 -0.00368334 0.0553355 -0.00600755 0.11063
0 0.794014 0.876713 0.829768 0.874089 0.821406 0.760102 0.785651 0.762725
0 0.447292 0.715697 0.458719 0.674449 0.3764 0.651643 0.364972 0.692891
0 -0.000383753 0.995027 0.066408 0.995009 0.0663694 0.850746 -0.000422422 0.850764
0 0.00153771 0.872008 0.0250147 0.871663 0.0236008 0.775375 0.000123744 0.775719
0 -0.00126286 0.745863 0.0257858 0.745503 0.0248833 0.677645 -0.00216535 0.678005
0 0.4553 0.048814 0.51542 0.0466997 0.513722 -0.0015777 0.453603 0.000536511
0 0.539079 0.0193868 0.601017 0.0181495 0.600645 -0.000519775 0.538706 0.000717522
0 0.570681 0.446139 0.579795 0.410961 0.504428 0.391437 0.495315 0.426614
