0 0.276093 0.46217 0.551524 0.266929 0.436885 0.105206 0.161454 0.300447
0 0.178092 0.308225 0.447297 0.110228 0.330788 -0.0481825 0.0615832 0.149814
0 0.390408 0.622208 0.655102 0.421723 0.534768 0.26285 0.270074 0.463335
0 0.658695 0.29447 0.801877 0.227881 0.667572 -0.0609054 0.52439 0.00568355
0 0.778679 0.357342 0.921396 0.216955 0.834947 0.12907 0.692229 0.269457
0 0.53285 0.883261 0.811217 0.686917 0.699326 0.528284 0.42096 0.724628
0 0.0617682 0.99284 0.359102 0.785315 0.254676 0.635698 -0.0426574 0.843223
0 0.726765 1.1119 0.982769 0.92993 0.878756 0.783599 0.622752 0.965568
0 0.604482 1.01198 0.887631 0.815833 0.787907 0.671877 0.504758 0.868024
0 0.235425 0.582607 0.299211 0.539199 0.184726 0.370967 0.12094 0.414374
0 0.472902 0.6986 0.730555 0.548288 0.667642 0.440448 0.409989 0.59076
0 0.708417 0.0759512 0.873448 0.0741419 0.872619 -0.00144197 0.707588 0.000367322
0 -0.0244781 0.859192 0.216505 0.690725 0.15429 0.60173 -0.0866932 0.770197
0 0.96326 0.498469 1.0664 0.438209 0.954594 0.246847 0.851455 0.307107
0 0.862776 0.0891324 0.99529 0.0866114 0.993633 -0.000519865 0.861118 0.00200115
0 0.00203941 0.77018 0.271294 0.542387 0.124973 0.369434 -0.144281 0.597226
0 0.341889 1.08336 0.44754 0.985097 0.301186 0.827734 0.195534 0.925995
0 -0.00756839 0.483505 0.125229 0.480282 0.11987 0.259523 -0.0129273 0.262747
0 0.0579701 0.485896 0.127058 0.338543 -0.00947077 0.27453 -0.0785587 0.421884
0 0.837392 1.00515 1.00195 0.99954 0.998037 0.884814 0.833481 0.890425
0 0.863662 0.0626963 0.864381 0.000296784 0.784548 -0.00062295 0.783829 0.0617766
0 0.332284 1.00579 0.333069 0.889189 0.12484 0.887787 0.124055 1.00438
