0 0.711878 0.938655 0.720069 0.797119 0.625131 0.78735 0.616939 0.928886
0 0.552887 0.542039 0.562042 0.425478 0.483573 0.414521 0.474418 0.531082
0 0.730221 0.813584 0.742773 0.720514 0.646914 0.697531 0.634362 0.7906
0 0.567714 1.02186 0.584419 0.888476 0.494975 0.868562 0.47827 1.00194
0 0.601294 0.748431 0.624434 0.596548 0.552447 0.57705 0.529307 0.728934
0 0.586003 0.903276 0.611609 0.740725 0.525961 0.716739 0.500354 0.87929
0 0.651256 0.613935 0.669468 0.460056 0.57719 0.44064 0.558978 0.59452
0 0.435609 0.579675 0.487373 0.385173 0.365015 0.327282 0.313251 0.521784
0 0.310314 0.21714 0.325349 0.143791 0.193887 0.0958847 0.178852 0.169233
0 0.0630343 0.19008 0.0655473 0.11435 0.0044516 0.110745 0.00193864 0.186475
0 0.490902 0.818944 0.51407 0.659999 0.450045 0.643409 0.426877 0.802354
0 0.697769 1.01933 0.703846 0.929179 0.608902 0.917801 0.602826 1.00795
0 0.24083 0.979434 0.261057 0.863511 0.163268 0.833177 0.143041 0.9491
0 0.0727907 0.929261 0.0780699 0.830523 0.000251822 0.823126 -0.00502741 0.921865
0 0.397196 0.880915 0.408699 0.781217 0.363581 0.771962 0.352078 0.87166
0 0.790406 1.00692 0.795676 0.947785 0.753531 0.941108 0.748261 1.00024
0 0.278232 0.891417 0.299649 0.821357 0.195017 0.764496 0.173601 0.834556
0 0.126246 0.943193 0.138898 0.8548 0.0771859 0.839096 0.0645333 0.927489
0 0.768523 0.406474 0.801305 0.273341 0.75696 0.253929 0.724178 0.387062
0 0.224309 0.674499 0.26727 0.467322 0.200304 0.442635 0.157344 0.649813
0 0.172492 0.851452 0.178716 0.720293 0.0866155 0.712523 0.0803911 0.843682
0 -0.000944315 0.495419 0.0478262 0.494611 0.0467025 0.374025 -0.00206806 0.374833
0 0.207195 0.720318 0.214178 0.649651 0.161063 0.64032 0.15408 0.710988
0 0.368907 0.308304 0.388243 0.227186 0.301416 0.190389 0.282079 0.271507
0 0.146845 0.102419 0.167984 -0.0107489 0.0968617 -0.0343663 0.0757231 0.078802
0 0.276542 0.259 0.288263 0.200416 0.191912 0.166145 0.180191 0.224729
0 0.763392 0.736266 0.771554 0.682388 0.657213 0.651595 0.649051 0.705473
0 0.763797 0.732772 0.830264 0.436431 0.726052 0.394877 0.659585 0.691218
0 0.938346 0.0635913 0.998693 0.0633518 0.998546 -0.00253765 0.938199 -0.00229807
0 0.055358 0.998567 0.0565772 0.918348 0.000679243 0.916838 -0.000539973 0.997057
0 0.472491 0.914743 0.488823 0.804178 0.427024 0.78795 0.410693 0.898515
0 1.00618 0.257969 1.00675 0.150229 0.927253 0.149488 0.926688 0.257228
0 0.497441 0.7687 0.528407 0.579633 0.465718 0.561379 0.434752 0.750446
0 -0.00123067 0.336744 0.0407193 0.335674 0.0396972 0.26442 -0.00225283 0.265489
0 0.00290787 0.249599 0.0489427 0.249146 0.04857 0.181797 0.00253519 0.18225
0 0.447848 1.02503 0.480877 0.878106 0.415398 0.851937 0.382369 0.998865
0 0.482346 0.381693 0.523725 0.284462 0.386992 0.181014 0.345613 0.278245
0 0.159573 0.851298 0.167483 0.766746 0.0924161 0.754261 0.0845063 0.838813
0 0.505458 0.706065 0.528279 0.579702 0.468407 0.560479 0.445586 0.686842
0 -0.000852363 0.551276 0.0492702 0.550547 0.0487496 0.486896 -0.00137295 0.487625
0 0.212379 1.03655 0.222705 0.960881 0.12503 0.937184 0.114704 1.01285
0 0.358777 1.00265 0.361029 0.890175 0.272054 0.887009 0.269803 0.999487
0 0.411619 0.168205 0.53379 0.0355224 0.486587 -0.0417473 0.364415 0.0909349
0 0.647044 0.172751 0.732172 0.0865847 0.700203 0.0304371 0.615076 0.116603
0 0.0862206 0.0757337 0.0897708 0.000508485 0.023699 -0.00503498 0.0201488 0.0701902
0 0.354637 0.843923 0.360281 0.76548 0.307983 0.75879 0.302339 0.837233
0 0.0681052 0.128522 0.0774751 0.076921 -0.00180381 0.0513282 -0.0111738 0.102929
0 0.309248 0.832686 0.327682 0.747514 0.255328 0.719675 0.236895 0.804847
0 0.269783 0.997014 0.292386 0.893722 0.249149 0.876901 0.226545 0.980193
0 0.540206 0.302109 0.620873 0.214587 0.577969 0.144286 0.497302 0.231808
0 0.0266744 0.0711105 0.0278905 0.00453671 -0.000501516 0.00361471 -0.00171758 0.0701885
0 0.179125 0.523909 0.180968 0.434895 0.118043 0.432579 0.116199 0.521593
0 0.270022 0.527771 0.280232 0.466137 0.119932 0.418928 0.109722 0.480563
0 0.445208 1.01975 0.456196 0.964367 0.396223 0.943214 0.385234 0.998602
0 0.0299262 0.555238 0.107622 0.55485 0.107357 0.460595 0.029662 0.460982
0 0.330464 0.111785 0.33985 0.00203198 0.215401 -0.0168883 0.206015 0.0928645
0 0.241514 0.816893 0.267574 0.710996 0.220292 0.69031 0.194231 0.796207
0 0.595265 0.0653365 0.605581 -0.0179053 0.53661 -0.0331 0.526294 0.0501418
0 0.842925 0.459342 0.887242 0.315404 0.767176 0.249685 0.722859 0.393623
0 0.155743 0.408426 0.161597 0.288599 0.125441 0.285459 0.119588 0.405286
0 0.0940534 0.0372506 0.0957498 -0.00351383 0.0351994 -0.0079934 0.033503 0.0327711
0 0.857445 0.483614 0.895535 0.400364 0.798333 0.321302 0.760244 0.404552
