0 0.782899 0.811362 0.876813 0.775185 0.826449 0.542754 0.732536 0.57893
0 0.813619 0.583096 0.813941 0.419393 0.703584 0.419006 0.703262 0.58271
0 0.259906 0.990489 0.322322 0.959533 0.275035 0.790036 0.21262 0.820992
0 0.495101 0.576252 0.503368 0.422989 0.391791 0.41229 0.383524 0.565553
0 0.0328383 0.174394 0.110063 0.115196 0.0721545 0.0272801 -0.00507029 0.0864776
0 0.51982 0.999863 0.623414 0.952371 0.580835 0.787258 0.477241 0.83475
0 0.649077 0.292354 0.739124 0.25692 0.691718 0.0427452 0.601671 0.0781786
0 0.818685 0.956677 0.92079 0.900515 0.874396 0.750568 0.772292 0.80673
0 0.771165 0.434191 0.774309 0.289441 0.672023 0.285492 0.668879 0.430241
0 0.0365472 0.78708 0.124833 0.719772 0.0815247 0.618783 -0.0067609 0.686091
0 0.097073 0.900496 0.15928 0.858183 0.110056 0.729529 0.0478487 0.771842
0 0.0775232 0.265686 0.119079 0.165605 0.0515629 0.115767 0.0100074 0.215848
0 0.928995 1.01519 0.929761 0.902446 0.836117 0.901315 0.835351 1.01406
0 0.137761 0.550103 0.207479 0.520597 0.165187 0.342939 0.0954683 0.372445
0 0.191897 0.768785 0.265666 0.733351 0.219333 0.561864 0.145564 0.597297
0 0.48442 0.853487 0.57799 0.820558 0.520152 0.528385 0.426582 0.561314
0 0.666166 0.342929 0.754939 0.309856 0.739538 0.236365 0.650765 0.269438
0 -0.000199784 1.00382 0.0469188 1.00296 0.0459854 0.912712 -0.0011332 0.913578
0 0.157697 1.00538 0.195639 0.934936 0.142321 0.883885 0.104379 0.954334
0 0.533195 1.01022 0.631077 1.00367 0.628994 0.948358 0.531112 0.954911
0 0.454316 0.709805 0.545556 0.666603 0.510215 0.533913 0.418975 0.577116
0 -0.00232444 0.957688 0.0228994 0.95754 0.0226259 0.874909 -0.00259792 0.875058
0 0.451693 0.418702 0.465847 0.361933 0.423414 0.343125 0.40926 0.399894
0 -0.0010755 0.0301173 0.0505973 0.0295429 0.0503928 -0.00315867 -0.00127998 -0.00258426
0 0.618135 0.14276 0.710898 0.0954004 0.677148 -0.0221205 0.584385 0.0252392
0 0.173743 0.810819 0.235171 0.760905 0.188793 0.659434 0.127365 0.709349
0 0.00150719 0.623704 0.0529931 0.598019 0.0147128 0.461604 -0.0367731 0.487289
0 0.112231 1.01547 0.157291 0.991215 0.12001 0.868067 0.0749495 0.892318
0 0.00127654 0.626933 0.0561939 0.625619 0.0539526 0.459184 -0.000964722 0.460499
0 0.00432978 0.580309 0.0338038 0.5682 0.00887284 0.460323 -0.0206012 0.472432
0 0.350768 0.0385435 0.409347 0.034609 0.407821 -0.00577638 0.349242 -0.00184185
