0 0.378074 0.60333 0.379744 0.51083 0.287114 0.509158 0.285445 0.601658
0 0.681551 1.00151 0.684743 0.949906 0.629233 0.946472 0.626042 0.998072
0 0.558103 0.33218 0.57035 0.252024 0.497904 0.240955 0.485657 0.321111
0 0.7481 0.789901 0.754341 0.728517 0.671986 0.720144 0.665745 0.781528
0 0.440372 0.954697 0.441832 0.858233 0.348213 0.856815 0.346753 0.95328
0 0.569831 0.195759 0.57976 0.117862 0.500812 0.107799 0.490883 0.185696
0 0.709572 0.927042 0.720017 0.844306 0.65299 0.835844 0.642544 0.918579
0 0.361225 0.514591 0.361943 0.420051 0.269958 0.419353 0.269241 0.513893
0 0.301694 0.687971 0.395433 0.687831 0.395296 0.596379 0.301558 0.596519
0 0.89888 0.43272 0.90874 0.362418 0.837025 0.35236 0.827165 0.422662
0 0.627585 0.351878 0.637563 0.272457 0.561518 0.262903 0.551539 0.342324
0 0.348924 0.425389 0.349389 0.321364 0.246079 0.320903 0.245615 0.424928
0 0.717974 0.643047 0.72898 0.559153 0.650077 0.548802 0.639071 0.632696
0 0.227462 0.326651 0.326586 0.325905 0.325813 0.223157 0.226689 0.223903
0 0.780921 0.945741 0.787902 0.879392 0.707341 0.870916 0.70036 0.937265
0 0.407521 0.7773 0.409728 0.683956 0.320096 0.681837 0.317888 0.77518
0 0.783737 0.668665 0.795539 0.585241 0.72243 0.574899 0.710629 0.658323
0 0.764531 0.387407 0.771252 0.318186 0.699346 0.311204 0.692624 0.380424
0 0.843109 0.972869 0.859463 0.896039 0.797812 0.882916 0.781458 0.959746
0 0.848062 0.687868 0.858181 0.607921 0.787789 0.599011 0.777669 0.678958
0 0.389694 0.281237 0.426616 0.208846 0.372298 0.181142 0.335375 0.253533
0 0.694608 0.363621 0.6985 0.300623 0.637522 0.296856 0.63363 0.359853
0 0.445834 0.772402 0.531697 0.772033 0.531382 0.698899 0.445519 0.699268
0 0.833189 0.412225 0.836251 0.347651 0.773542 0.344678 0.77048 0.409251
0 0.819952 0.818354 0.831887 0.746394 0.76088 0.734616 0.748944 0.806576
0 0.624633 0.906097 0.624787 0.833206 0.559535 0.833069 0.559381 0.905959
0 0.469675 0.457246 0.470044 0.368087 0.393746 0.367771 0.393377 0.456931
0 0.646779 0.622623 0.660905 0.531468 0.594363 0.521156 0.580236 0.612311
0 0.488882 0.920345 0.56511 0.920254 0.565022 0.845963 0.488794 0.846053
0 0.916005 0.989636 0.924355 0.914925 0.850731 0.906697 0.842382 0.981408
0 0.855895 0.0635321 0.921415 0.0623299 0.920243 -0.00152116 0.854723 -0.000318934
0 0.422432 0.865096 0.424205 0.769056 0.330453 0.767325 0.32868 0.863365
0 0.967586 0.337744 0.981019 0.267047 0.908638 0.253295 0.895206 0.323992
0 0.825276 0.541845 0.913108 0.541778 0.913054 0.470674 0.825222 0.470741
0 0.966912 0.857232 0.967839 0.803529 0.904239 0.802431 0.903312 0.856134
0 0.605013 0.75622 0.605193 0.68617 0.530018 0.685977 0.529837 0.756026
0 0.969779 0.536726 0.970338 0.478507 0.909895 0.477926 0.909336 0.536145
0 0.788495 0.0755258 0.856599 0.0753927 0.856468 0.00837929 0.788364 0.00851237
0 0.473575 0.283814 0.482779 0.214285 0.413651 0.205134 0.404447 0.274662
0 0.890341 0.836822 0.895998 0.767127 0.817607 0.760764 0.81195 0.830459
0 0.950667 0.694207 1.01213 0.670258 0.986491 0.604458 0.925028 0.628407
0 0.908323 0.309721 0.916965 0.242614 0.838565 0.232518 0.829923 0.299624
0 0.747753 0.512532 0.772501 0.424843 0.710191 0.407258 0.685444 0.494947
0 0.464635 0.163866 0.505752 0.0848899 0.443023 0.0522318 0.401906 0.131208
0 0.674512 0.488738 0.682542 0.434102 0.615456 0.424242 0.607426 0.478878
0 0.925612 0.946141 0.994772 0.944736 0.99337 0.875703 0.924209 0.877108
0 0.362029 1.00506 0.458243 1.00378 0.457457 0.944525 0.361243 0.945801
0 0.82821 0.535748 0.841656 0.444335 0.759695 0.432279 0.746248 0.523691
0 0.668908 0.77487 0.6718 0.717581 0.614896 0.714708 0.612004 0.771997
0 0.628517 0.999858 0.62865 0.94372 0.585482 0.943617 0.585349 0.999756
0 0.391018 0.121682 0.463378 0.0631517 0.420708 0.0103987 0.348347 0.0689288
0 0.558712 0.0866618 0.623952 0.0110771 0.572759 -0.0331092 0.507519 0.0424755
0 0.217729 0.233183 0.304655 0.231773 0.303616 0.167739 0.21669 0.16915
0 0.860734 0.700922 0.939359 0.700668 0.939105 0.621756 0.860479 0.62201
0 0.808694 0.208933 0.968081 0.178231 0.951615 0.0927492 0.792228 0.123451
0 0.211148 0.181202 0.297564 0.181198 0.297561 0.111294 0.211145 0.111298
0 0.493127 0.609989 0.569376 0.60964 0.569038 0.535961 0.49279 0.53631
0 0.938339 1.001 0.999599 1.00062 0.999262 0.945891 0.938002 0.946268
0 0.0569521 0.20342 0.0569658 0.12412 -0.000713074 0.12411 -0.000726736 0.20341
0 0.501008 0.616506 0.502568 0.566006 0.451859 0.564441 0.4503 0.61494
0 0.652627 0.239323 0.781533 0.217389 0.770288 0.151307 0.641383 0.173241
0 0.955994 0.178484 0.987249 0.176636 0.981863 0.0855516 0.950608 0.0873997
0 0.611698 0.227749 0.629629 0.143889 0.575584 0.132333 0.557653 0.216193
0 0.471434 0.463112 0.552967 0.449162 0.532559 0.329886 0.451026 0.343836
0 0.62162 0.117678 0.774686 0.0969921 0.761268 -0.00229573 0.608202 0.0183902
0 0.971428 0.173904 1.0091 0.171509 1.00282 0.0727049 0.965146 0.0751004
0 0.96665 0.843631 1.00374 0.84258 1.00162 0.767513 0.964524 0.768564
0 0.949691 0.0552843 1.00016 0.0539903 0.998826 0.00215267 0.948362 0.00344663
0 0.683505 0.439281 0.693781 0.383203 0.623544 0.370332 0.613268 0.42641
0 0.606973 0.471887 0.6205 0.415364 0.564183 0.401886 0.550656 0.45841
0 0.733216 0.727392 0.740034 0.687203 0.695651 0.679672 0.688832 0.719861
0 0.545109 0.0484715 0.546535 -0.00436795 0.466539 -0.0065273 0.465112 0.0463121
0 1.00015 0.369441 1.00629 0.297368 0.974207 0.294638 0.968074 0.366711
0 0.697056 0.715555 0.708479 0.674499 0.626433 0.651673 0.61501 0.692729
0 0.705304 0.0487867 0.765251 0.0466828 0.763557 -0.00158744 0.70361 0.000516462
0 0.121941 0.333201 0.162506 0.327968 0.149412 0.226463 0.108847 0.231696
0 0.788828 0.0198 0.851299 0.0185577 0.850919 -0.000552972 0.788448 0.000689275
0 0.283904 0.120317 0.296911 0.0591672 0.240912 0.047256 0.227905 0.108406
0 0.697726 0.130413 0.761948 0.0788823 0.714584 0.0198529 0.650362 0.0713837
0 0.0750364 0.493019 0.0839875 0.393075 -0.00832989 0.384807 -0.017281 0.484751
