0 0.942277 0.25797 0.948093 0.135213 0.839885 0.130086 0.834068 0.252843
0 0.788785 0.389455 0.793352 0.268314 0.716223 0.265407 0.711656 0.386548
0 0.785156 0.549127 0.786797 0.4447 0.644317 0.44246 0.642675 0.546887
0 0.606556 0.320155 0.71746 0.212307 0.653964 0.147011 0.543059 0.25486
0 0.929491 0.39774 0.93513 0.250025 0.829306 0.245986 0.823668 0.3937
0 0.509876 0.901178 0.590568 0.79563 0.525712 0.746048 0.445021 0.851595
0 0.459225 0.832334 0.537245 0.74475 0.48048 0.694183 0.40246 0.781767
0 0.900645 0.802748 0.902335 0.714756 0.79521 0.712699 0.793519 0.80069
0 0.59515 0.575116 0.599345 0.47449 0.514846 0.470967 0.51065 0.571593
0 0.912439 0.679491 0.916516 0.593538 0.808511 0.588414 0.804433 0.674367
0 0.57668 0.668089 0.586792 0.570887 0.479924 0.559769 0.469812 0.656971
0 0.353658 0.290526 0.423939 0.218028 0.383434 0.178761 0.313153 0.251259
0 0.71796 0.796135 0.728811 0.684316 0.636002 0.67531 0.625151 0.787128
0 0.894153 0.948756 0.898357 0.866235 0.802799 0.861367 0.798595 0.943888
0 0.353754 0.743356 0.432269 0.651686 0.360218 0.589974 0.281703 0.681644
0 0.74243 0.639466 0.744591 0.582887 0.642211 0.578975 0.64005 0.635554
0 0.898839 0.870117 0.901409 0.797592 0.802204 0.794077 0.799635 0.866602
0 0.336662 0.932768 0.358369 0.833699 0.268659 0.814042 0.246952 0.913112
0 0.739149 0.692478 0.743204 0.63584 0.644626 0.628783 0.640571 0.685421
0 0.71469 0.396025 0.716384 0.323102 0.660855 0.321811 0.659161 0.394734
0 0.923335 0.598943 0.927272 0.464316 0.794692 0.460439 0.790755 0.595066
0 0.840301 0.394524 0.846893 0.297726 0.791706 0.293968 0.785114 0.390766
0 0.905611 0.722861 0.908604 0.672881 0.808668 0.666897 0.805675 0.716877
0 0.539656 0.137133 0.605149 0.0640843 0.537881 0.00377587 0.472389 0.0768248
0 0.729308 0.225658 0.772555 0.133183 0.689327 0.0942606 0.64608 0.186736
0 0.620934 1.00122 0.712568 0.902434 0.58907 0.787879 0.497435 0.886668
0 0.406322 0.790931 0.487166 0.706054 0.434188 0.655594 0.353345 0.740471
0 0.504236 0.45501 0.599599 0.332469 0.510907 0.263448 0.415544 0.385989
0 0.801183 0.145816 0.821349 0.0566272 0.735961 0.0373214 0.715796 0.12651
0 0.119204 0.791733 0.127164 0.695964 0.0318297 0.68804 0.0238696 0.783809
0 0.301653 0.233622 0.382724 0.133232 0.26163 0.0354419 0.18056 0.135832
0 0.421463 0.223196 0.535131 0.109338 0.484022 0.0583147 0.370354 0.172172
0 0.726976 0.850338 0.792922 0.757102 0.733594 0.715139 0.667648 0.808375
0 0.954211 0.917381 1.00127 0.917117 1.0007 0.814827 0.953638 0.815091
0 0.119585 0.729785 0.15982 0.699698 0.104113 0.625203 0.063878 0.65529
0 0.43434 0.475357 0.479588 0.442048 0.413447 0.3522 0.368198 0.385509
0 0.671934 1.02228 0.753262 0.931037 0.701881 0.885237 0.620553 0.976475
0 0.155451 0.543637 0.170268 0.444911 0.0747686 0.430579 0.0599518 0.529305
0 0.397172 0.495545 0.416212 0.416859 0.338263 0.397997 0.319222 0.476683
0 0.197958 0.496748 0.240152 0.413649 0.15913 0.372509 0.116935 0.455608
0 1.00085 0.974659 1.00113 0.917122 0.955797 0.916902 0.955517 0.974439
0 0.294475 0.61158 0.314212 0.526653 0.220629 0.504904 0.200892 0.589832
0 0.943982 0.141197 0.952325 0.0596035 0.885001 0.0527196 0.876658 0.134313
0 0.130509 0.376778 0.188721 0.322192 0.0934197 0.220561 0.0352078 0.275147
0 0.036605 0.925708 0.108844 0.883988 0.0803379 0.83463 0.00809937 0.876349
0 0.592238 0.0737033 0.676599 0.00731405 0.638577 -0.0410007 0.554216 0.0253886
0 1.00056 0.809918 1.00211 0.708302 0.961929 0.707687 0.960375 0.809304
0 1.00118 0.617218 1.00458 0.554167 0.974427 0.552539 0.971023 0.61559
0 0.268725 0.397233 0.374882 0.282907 0.332563 0.243612 0.226406 0.357938
0 0.204453 0.666589 0.258942 0.631212 0.202012 0.543527 0.147523 0.578904
0 1.00025 0.703807 1.00593 0.615052 0.968378 0.612647 0.962694 0.701402
0 0.840256 0.571068 0.846839 0.469304 0.78661 0.465408 0.780028 0.567172
0 0.240236 0.439196 0.284311 0.376521 0.21631 0.328702 0.172236 0.391377
0 0.71817 1.03815 0.789299 0.966143 0.749842 0.927167 0.678713 0.999174
0 0.0619762 0.422044 0.130031 0.339076 0.067576 0.287846 -0.000479285 0.370814
0 1.00031 0.542689 1.00149 0.44548 0.980494 0.445226 0.979318 0.542435
0 1.00111 0.456787 1.00327 0.343925 0.981879 0.343514 0.979713 0.456376
0 0.160324 0.707148 0.212955 0.667821 0.151518 0.585601 0.0988867 0.624928
0 1.00188 1.00121 1.00192 0.976556 0.955888 0.97647 0.955841 1.00112
0 0.208132 0.36557 0.288354 0.296926 0.171428 0.160277 0.0912059 0.22892
0 0.512967 1.05413 0.553086 0.982907 0.451288 0.925568 0.411168 0.996796
0 0.947385 0.0494964 0.955142 -0.00497494 0.898105 -0.0130974 0.890348 0.0413739
0 0.480792 0.0644563 0.50471 0.0112501 0.46075 -0.0085116 0.436832 0.0446947
0 0.758265 1.00379 0.818892 1.00367 0.818816 0.963672 0.758189 0.963787
0 0.492909 0.614673 0.518285 0.530337 0.430249 0.503848 0.404873 0.588183
0 0.792432 0.894116 0.81987 0.827506 0.750002 0.798726 0.722564 0.865336
0 0.348596 0.857728 0.383841 0.81917 0.335364 0.774858 0.300119 0.813416
0 0.737433 1.0001 0.827193 0.997066 0.825299 0.94098 0.73554 0.94401
0 -0.00964934 0.419304 0.0501025 0.418215 0.0482077 0.314214 -0.0115442 0.315303
0 0.435239 0.0539551 0.447163 -0.00834393 0.385922 -0.0200655 0.373998 0.0422336
0 0.0165368 0.500473 0.0652266 0.427081 0.0158763 0.394341 -0.0328135 0.467733
0 0.00639704 1.00364 0.058647 1.0023 0.0578876 0.972806 0.00563764 0.974152
0 0.998863 0.862911 0.999462 0.80758 0.958555 0.807136 0.957955 0.862467
0 0.999649 0.738752 1.0003 0.700002 0.966462 0.699433 0.965811 0.738183
0 0.47678 0.0435172 0.544466 0.0389182 0.541199 -0.00916094 0.473513 -0.00456187
0 0.0476856 0.994347 0.0541837 0.928162 -0.00282501 0.922565 -0.00932312 0.98875
0 0.0138435 0.622333 0.0718236 0.586467 0.0161681 0.496497 -0.041812 0.532363
0 -0.000216212 0.674035 0.102472 0.671923 0.0984909 0.478403 -0.00419689 0.480515
0 0.00621978 0.65792 0.0911362 0.591319 0.00901659 0.486616 -0.0758998 0.553217
0 0.0289391 0.0412596 0.0303538 0.000609573 0.000534655 -0.000428196 -0.00088005 0.0402218
0 0.387061 1.00899 0.389983 0.969865 0.313103 0.964122 0.310181 1.00325
