0 0.855458 0.602784 0.856431 0.488217 0.741749 0.487243 0.740776 0.60181
0 0.70777 0.217532 0.708279 0.0458564 0.560418 0.0454177 0.559908 0.217093
0 0.953038 0.601348 0.954429 0.48351 0.849257 0.482268 0.847866 0.600106
0 0.709705 0.373561 0.712402 0.217338 0.569745 0.214875 0.567048 0.371098
0 0.907415 0.969999 0.909257 0.82531 0.756369 0.823364 0.754526 0.968053
0 0.40856 1.0046 0.418979 0.838171 0.262039 0.828346 0.251619 0.994772
0 0.122007 0.270831 0.277792 0.268562 0.275485 0.110144 0.1197 0.112413
0 1.00434 0.899095 1.0051 0.753688 0.887504 0.753069 0.886739 0.898476
0 0.371829 0.319029 0.491533 0.317516 0.490437 0.230858 0.370733 0.232372
0 0.376085 0.435121 0.500199 0.434673 0.499756 0.311792 0.375641 0.312239
0 0.410656 0.918542 0.559688 0.917657 0.558873 0.780461 0.40984 0.781346
0 0.488393 1.00152 0.489106 0.904114 0.396836 0.903439 0.396123 1.00084
0 0.60019 0.60622 0.601012 0.509266 0.505339 0.508455 0.504517 0.605409
0 0.25608 1.00497 0.25637 0.888141 0.119785 0.887801 0.119494 1.00463
0 0.480508 0.100241 0.480997 0.0207465 0.352169 0.0199531 0.351679 0.0994474
0 0.263139 0.100913 0.264635 0.0262046 0.136552 0.0236398 0.135056 0.0983486
0 0.362053 0.227616 0.487714 0.226229 0.486986 0.16028 0.361325 0.161667
0 0.506855 0.575981 0.508402 0.422899 0.368434 0.421485 0.366887 0.574567
0 0.473666 0.164657 0.473671 0.0955567 0.352517 0.0955478 0.352512 0.164648
0 1.00094 0.402922 1.005 0.231106 0.928886 0.229307 0.924825 0.401123
0 0.281271 0.622192 0.28239 0.481174 0.140814 0.480052 0.139696 0.621069
0 0.798263 0.0609014 0.800519 0.00146077 0.635654 -0.00479698 0.633397 0.0546437
0 0.155292 0.660408 0.155431 0.510114 0.0103309 0.50998 0.0101923 0.660274
0 0.720511 0.621992 0.737883 0.419053 0.600152 0.407264 0.582781 0.610203
0 0.271104 0.402279 0.274675 0.265846 0.135036 0.262191 0.131465 0.398624
0 0.746847 0.611605 0.750777 0.502354 0.70479 0.5007 0.700861 0.609951
0 1.00571 0.570246 1.00877 0.358231 0.940884 0.357252 0.937825 0.569267
0 -0.00293731 0.247276 0.112065 0.244915 0.108289 0.0610625 -0.00671292 0.0634242
0 0.121766 0.0380061 0.260087 0.0376863 0.259995 -0.0022147 0.121674 -0.0018949
0 0.40432 0.852667 0.405706 0.775306 0.267217 0.772825 0.265831 0.850186
0 0.512693 0.0297496 0.512833 -0.00191482 0.363495 -0.00257421 0.363355 0.0290902
0 0.85131 1.00386 0.851686 0.980012 0.723173 0.977986 0.722797 1.00183
0 0.393077 1.00254 0.393135 0.979632 0.278241 0.979343 0.278183 1.00225
0 0.941834 0.573849 1.00529 0.573171 1.00427 0.477418 0.94081 0.478096
0 0.774658 1.00296 0.774797 0.979976 0.690779 0.979466 0.690639 1.00245
0 0.119324 0.0193452 0.119363 -0.000813084 0.00847882 -0.001025 0.00844029 0.0191333
0 0.466896 0.0217767 0.535498 0.0205861 0.535113 -0.00155703 0.466512 -0.000366421
