0 -0.00422382 0.282331 0.173618 0.273931 0.166724 0.191833 -0.0111171 0.200233
0 0.777439 0.296117 0.780331 0.177176 0.612166 0.174876 0.609275 0.293818
0 0.278938 0.411754 0.378576 0.411726 0.378543 0.345793 0.278905 0.345821
0 0.392363 0.560517 0.625828 0.45961 0.558954 0.372577 0.325489 0.473484
0 0.705948 0.482874 0.873933 0.46079 0.861094 0.405854 0.693109 0.427937
0 0.637356 0.12703 0.920655 0.104254 0.907361 0.0112363 0.624062 0.0340118
0 0.813817 0.429132 0.817912 0.341608 0.698769 0.338473 0.694675 0.425997
0 0.189397 0.155843 0.27576 0.154898 0.274005 0.0646989 0.187642 0.0656444
0 0.579631 0.142695 0.660093 0.123802 0.62363 0.0364498 0.543167 0.0553428
0 0.731077 0.656239 0.845178 0.638037 0.829626 0.583198 0.715525 0.6014
0 0.149632 0.373745 0.150018 0.276724 0.0155632 0.276423 0.0151776 0.373445
0 0.964309 0.2667 0.967776 0.158156 0.875231 0.156493 0.871764 0.265038
0 0.273641 0.152352 0.365244 0.151747 0.364375 0.0777716 0.272772 0.0783768
0 0.102209 0.667248 0.102586 0.607162 0.00295522 0.606811 0.00257836 0.666896
0 0.779289 0.294832 0.898504 0.283178 0.877392 0.161694 0.758178 0.173348
0 0.112252 0.664547 0.292743 0.612463 0.256119 0.541071 0.0756271 0.593154
0 0.143214 0.459608 0.145765 0.386447 0.00544628 0.383695 0.00289579 0.456856
0 0.994559 0.456709 0.996013 0.268341 0.873486 0.267809 0.872032 0.456177
0 0.132228 0.520743 0.133106 0.450733 0.0121398 0.44988 0.011262 0.51989
0 0.108048 0.58869 0.230501 0.554853 0.193454 0.479438 0.0710008 0.513275
0 0.250202 0.261734 0.563846 0.242091 0.556606 0.177064 0.242961 0.196707
0 0.676015 0.347709 0.861854 0.340096 0.858566 0.294946 0.672727 0.302559
0 0.819769 0.651341 0.98867 0.620789 0.967046 0.553543 0.798145 0.584095
0 0.0880811 0.593943 0.0881699 0.517016 0.0128858 0.516967 0.0127969 0.593894
0 0.618644 0.761124 0.829642 0.713693 0.780582 0.590932 0.569584 0.638363
0 0.0018304 0.0989302 0.128853 0.0979529 0.127823 0.0226691 0.000800714 0.0236463
0 0.762103 0.720405 1.0095 0.666087 0.988259 0.611657 0.740858 0.665975
0 0.541816 0.0792272 0.541922 0.00696166 0.349226 0.00680211 0.34912 0.0790677
0 0.269481 0.083306 0.353632 0.0831728 0.353421 0.00809629 0.26927 0.00822951
0 0.617289 0.508204 0.705635 0.502322 0.680504 0.289988 0.592157 0.29587
0 0.949837 0.140335 1.0036 0.140112 1.00292 0.0479038 0.949155 0.0481272
0 0.353921 0.155514 0.561816 0.148077 0.556698 0.0676093 0.348804 0.0750464
0 0.000675644 0.0203429 0.0996301 0.0200632 0.0995187 -0.00210075 0.000564242 -0.00182099
0 0.544459 0.0251212 0.693908 0.0247331 0.693785 -0.00194778 0.544336 -0.00155971
0 0.00506238 0.170908 0.149388 0.169673 0.148236 0.0939788 0.00391066 0.095214
0 0.0372271 0.359537 0.0418739 0.277162 -0.00716768 0.275606 -0.0118145 0.357981
0 0.485445 0.400311 0.584705 0.393661 0.573546 0.299967 0.474286 0.306617
0 0.962693 0.273379 1.0028 0.272463 1.00025 0.209765 0.960147 0.210681
0 0.967913 0.661845 1.01919 0.657253 0.999644 0.534468 0.948365 0.53906
0 0.271745 0.608537 0.42617 0.537013 0.327247 0.416874 0.172822 0.488398
0 0.363326 0.489373 0.404436 0.418842 0.307975 0.387217 0.266865 0.457747
0 -0.00245843 0.455072 0.018223 0.455023 0.0178905 0.376134 -0.00279094 0.376183
0 0.871167 0.0291365 0.871354 -0.00346359 0.693163 -0.00403879 0.692975 0.0285613
0 0.201233 0.150456 0.206864 0.0722657 0.112038 0.068424 0.106407 0.146614
0 0.208222 0.0138707 0.208349 0.000105226 0.119274 -0.000356941 0.119147 0.0134085
0 0.289656 0.356158 0.562455 0.337227 0.544904 0.19496 0.272105 0.213891
0 0.589176 0.674214 0.748278 0.64649 0.733296 0.598125 0.574193 0.625849
0 0.817621 0.882293 1.01176 0.7933 0.968488 0.740207 0.774353 0.8292
0 0.451732 0.773196 0.535506 0.744294 0.457699 0.617434 0.373925 0.646336
0 0.55005 0.0200479 0.550126 -0.000603891 0.471901 -0.000765356 0.471825 0.0198864
0 0.888853 0.0622668 1.00526 0.0610686 1.00405 -0.00527833 0.887639 -0.00408009
0 0.510019 0.308039 0.578258 0.305978 0.57264 0.20134 0.504401 0.203401
