0 0.697341 0.704123 0.828083 0.638048 0.764137 0.566875 0.633395 0.63295
0 0.365863 0.885475 0.503162 0.815468 0.439607 0.745355 0.302308 0.815362
0 0.156732 0.308142 0.281159 0.232385 0.203301 0.160454 0.078874 0.236211
0 0.0366852 0.364512 0.169307 0.292744 0.105949 0.226887 -0.0266719 0.298655
0 0.9024 0.768947 0.990889 0.725286 0.891067 0.611484 0.802578 0.655144
0 0.484206 0.832157 0.611344 0.754421 0.530146 0.679721 0.403008 0.757457
0 0.483578 0.484234 0.620174 0.404576 0.529421 0.317039 0.392825 0.396697
0 0.280404 0.606569 0.399673 0.513702 0.291046 0.435228 0.171777 0.528095
0 0.606828 0.759449 0.712787 0.69437 0.645848 0.633064 0.539889 0.698142
0 0.264385 0.247648 0.392198 0.180443 0.311985 0.094633 0.184172 0.161839
0 0.387016 0.542751 0.500562 0.457521 0.39833 0.38091 0.284784 0.46614
0 0.953658 0.24638 1.07689 0.150048 0.989355 0.0870583 0.866121 0.183391
0 0.456837 1.03791 0.585985 0.990641 0.551242 0.937249 0.422094 0.984519
0 0.764767 0.0967985 0.806301 -0.00458416 0.644677 -0.0418291 0.603143 0.0595536
0 0.845875 0.304023 0.971138 0.228363 0.888902 0.151779 0.76364 0.227439
0 0.985371 0.73267 1.08286 0.686543 0.981753 0.566348 0.884266 0.612474
0 -0.00940799 0.038229 0.0776854 0.035627 0.075674 -0.00224186 -0.0114193 0.000360148
0 0.0594179 0.737678 0.0993323 0.636522 -0.0271916 0.60844 -0.0671059 0.709596
0 0.0861275 0.977536 0.0887507 0.843704 -0.000157593 0.842724 -0.00278079 0.976556
0 0.595267 1.02083 0.663964 0.994933 0.605292 0.907369 0.536595 0.933262
