0 0.424366 0.976363 0.529438 0.950426 0.517561 0.864889 0.412489 0.890826
0 0.789414 0.410369 0.978351 0.374016 0.967894 0.277395 0.778957 0.313748
0 0.817412 0.250238 1.01556 0.204448 1.00144 0.0958261 0.803293 0.141616
0 0.330124 0.421045 0.330803 0.311013 0.248671 0.310111 0.247991 0.420143
0 0.589507 0.524391 0.76786 0.472941 0.74991 0.362322 0.571558 0.413772
0 0.606243 0.921187 0.684744 0.920621 0.684394 0.834511 0.605894 0.835077
0 0.856759 0.8215 0.973639 0.818876 0.972691 0.74385 0.855811 0.746475
0 0.429888 0.983944 0.430131 0.899204 0.356028 0.898826 0.355785 0.983566
0 0.246678 0.601594 0.36573 0.570767 0.353828 0.489053 0.234776 0.51988
0 0.147865 0.637856 0.268328 0.605376 0.255105 0.51819 0.134642 0.550671
0 0.590564 0.546915 0.59201 0.433995 0.505522 0.432026 0.504076 0.544946
0 0.347923 0.587019 0.43435 0.586163 0.433721 0.473176 0.347294 0.474031
0 0.259016 1.01534 0.368754 0.993419 0.358842 0.905197 0.249104 0.927115
0 0.131357 0.1916 0.307686 0.0208063 0.267537 -0.0528839 0.0912077 0.117909
0 0.328102 0.407187 0.438479 0.363434 0.413972 0.253529 0.303596 0.297282
0 0.515396 0.572934 0.516152 0.450023 0.424697 0.449023 0.423941 0.571934
0 0.129007 0.490025 0.269842 0.418542 0.248913 0.345235 0.108077 0.416719
0 0.723477 0.28071 0.845881 0.248678 0.831664 0.152093 0.70926 0.184125
0 0.0406463 0.706874 0.118164 0.704921 0.116372 0.578461 0.0388548 0.580413
0 0.845302 0.630008 1.01623 0.59116 1.00328 0.489852 0.83235 0.5287
0 0.678518 0.907802 0.790989 0.888779 0.783506 0.810133 0.671036 0.829156
0 -0.00435693 0.990015 0.037641 0.989869 0.0375045 0.920046 -0.00449348 0.920192
0 0.406247 0.205209 0.593812 0.0970134 0.5582 -0.0127408 0.370635 0.0954544
0 0.164328 1.01411 0.267393 0.999513 0.262521 0.938365 0.159457 0.952961
0 0.521359 0.948793 0.61535 0.925326 0.60342 0.840375 0.509429 0.863841
0 0.0822858 0.834751 0.102725 0.749624 0.0384887 0.722206 0.01805 0.807333
0 0.0567421 0.543411 0.0573808 0.399129 -0.0190135 0.398528 -0.0196522 0.54281
0 0.605433 0.313361 0.744189 0.2657 0.729803 0.191243 0.591047 0.238904
0 0.0630347 0.75268 0.0655621 0.624285 -0.00596559 0.621782 -0.00849303 0.750177
0 0.594116 0.519147 0.641553 0.502545 0.622081 0.403632 0.574644 0.420233
0 0.889349 0.550093 0.89658 0.429679 0.820172 0.421522 0.812941 0.541936
0 0.689841 0.624171 0.799378 0.581043 0.775737 0.474297 0.666199 0.517426
0 0.811467 0.477151 0.879677 0.474256 0.877613 0.387796 0.809403 0.390691
0 0.27464 0.897007 0.2781 0.761299 0.151497 0.75556 0.148036 0.891267
