0 0.181592 1.00151 0.184755 0.949834 0.129201 0.946433 0.126039 0.998112
0 0.248208 0.78982 0.25427 0.728254 0.1719 0.720145 0.165839 0.781711
0 0.209769 0.926911 0.219977 0.844298 0.152816 0.835999 0.142608 0.918613
0 0.399329 0.432421 0.408816 0.362239 0.336955 0.352525 0.327468 0.422707
0 0.953296 0.56603 0.970656 0.50296 0.819711 0.461412 0.802351 0.524482
0 0.217488 0.643253 0.229144 0.559362 0.150601 0.548449 0.138945 0.63234
0 0.127121 0.353112 0.137714 0.272349 0.0617036 0.262379 0.0511102 0.343142
0 0.280944 0.945797 0.287932 0.879086 0.20744 0.870655 0.200453 0.937366
0 0.283692 0.668751 0.295649 0.585141 0.222607 0.574695 0.21065 0.658305
0 0.348154 0.688044 0.358424 0.607921 0.287703 0.598856 0.277433 0.678979
0 0.265625 0.388347 0.274513 0.319583 0.199233 0.309853 0.190345 0.378617
0 0.777215 0.11674 0.778545 0.00851203 0.671673 0.00719851 0.670343 0.115427
0 0.342908 0.973068 0.359678 0.896527 0.297958 0.883005 0.281188 0.959546
0 0.0576486 0.332634 0.0716178 0.251593 0.00255159 0.239688 -0.0114176 0.320729
0 0.638218 0.607489 0.688125 0.525253 0.648835 0.501409 0.598928 0.583644
0 0.333197 0.411361 0.336143 0.347635 0.273613 0.344745 0.270668 0.408471
0 0.0691053 0.197651 0.0805833 0.118411 0.00744473 0.107816 -0.00403333 0.187057
0 0.194326 0.364155 0.19878 0.300414 0.137825 0.296154 0.133371 0.359895
0 0.318425 0.815861 0.328261 0.747609 0.261186 0.737942 0.25135 0.806195
0 0.146763 0.622611 0.160784 0.531493 0.0941456 0.521239 0.0801242 0.612356
0 0.124904 0.906093 0.124997 0.832679 0.0594346 0.832596 0.0593415 0.90601
0 0.467361 0.856993 0.467758 0.801305 0.406137 0.800866 0.40574 0.856554
0 0.469926 0.537058 0.470472 0.477667 0.409739 0.477108 0.409192 0.536499
0 0.415486 0.990104 0.424796 0.91534 0.351387 0.906199 0.342077 0.980963
0 0.355875 0.0637412 0.421524 0.062582 0.420394 -0.0013984 0.354745 -0.000239142
0 0.92918 0.988329 0.937151 0.846413 0.787521 0.838009 0.77955 0.979925
0 0.469629 0.337083 0.482745 0.270499 0.410683 0.256304 0.397567 0.322888
0 0.029802 0.756533 0.104283 0.756101 0.103877 0.686173 0.0293965 0.686605
0 0.413411 0.54208 0.413463 0.470635 0.325253 0.470571 0.325201 0.542016
0 0.473431 0.167604 0.544373 0.166879 0.543565 0.0877669 0.472622 0.0884922
0 0.447685 0.693585 0.5102 0.6742 0.488325 0.603651 0.425809 0.623036
0 0.288404 0.0755144 0.356501 0.0753965 0.356384 0.00820983 0.288288 0.00832768
0 0.82403 0.21648 0.967227 0.189742 0.950139 0.0982261 0.806942 0.124964
0 0.756532 0.670211 0.793011 0.579526 0.749316 0.561949 0.712837 0.652634
0 1.00498 0.450041 1.01519 0.361308 0.955851 0.354486 0.94565 0.44322
0 0.633183 0.152932 0.636838 0.0586996 0.533933 0.0547081 0.530278 0.148941
0 0.675292 0.626732 0.723093 0.547741 0.684192 0.5242 0.636391 0.603191
0 0.424976 0.948779 0.493208 0.947789 0.492162 0.875736 0.42393 0.876726
0 0.92776 0.430441 0.960689 0.34896 0.898602 0.323868 0.865672 0.405349
0 0.408303 0.309974 0.417761 0.243266 0.338664 0.232052 0.329206 0.29876
0 0.247244 0.51283 0.272997 0.424857 0.211047 0.406722 0.185294 0.494696
0 0.529166 0.844436 0.533185 0.759251 0.465087 0.756038 0.461068 0.841223
0 0.390316 0.837794 0.397532 0.768842 0.318906 0.760614 0.31169 0.829565
0 0.593617 0.224575 0.645491 0.224562 0.645477 0.166665 0.593603 0.166677
0 0.880578 0.708449 0.905816 0.618751 0.861765 0.606357 0.836527 0.696055
0 0.839437 0.699513 0.866785 0.607974 0.821791 0.594532 0.794443 0.686071
0 0.562912 0.555313 0.630036 0.480963 0.593229 0.447733 0.526105 0.522083
0 0.716599 0.648158 0.756308 0.564692 0.714907 0.544996 0.675198 0.628461
0 0.649616 0.410282 0.656609 0.343584 0.564878 0.333966 0.557885 0.400664
0 0.82163 0.246063 0.823285 0.110272 0.693082 0.108685 0.691427 0.244476
0 0.174608 0.488679 0.182353 0.433912 0.115226 0.424419 0.107481 0.479186
0 0.806323 0.505199 0.825911 0.437366 0.756815 0.417414 0.737227 0.485247
0 0.787434 0.865774 0.912161 0.851436 0.906338 0.800788 0.781611 0.815126
0 0.168753 0.774724 0.171447 0.717736 0.114583 0.715048 0.111889 0.772036
0 0.330896 0.533071 0.338841 0.445528 0.254128 0.437841 0.246184 0.525383
0 -0.00223155 0.611611 0.070276 0.611189 0.0698357 0.535496 -0.00267179 0.535918
0 0.923742 0.717692 0.94198 0.630336 0.898959 0.621355 0.880721 0.70871
0 0.945336 0.169894 1.00367 0.168494 1.00182 0.0910932 0.943479 0.092493
0 0.128551 0.99984 0.128672 0.943672 0.0853244 0.943579 0.0852041 0.999747
0 -0.00219255 0.920964 0.0667597 0.920946 0.066741 0.846723 -0.00221123 0.846741
0 0.456106 0.0539243 0.530743 0.0536806 0.530557 -0.00328401 0.45592 -0.00304031
0 0.746099 0.484447 0.768101 0.407894 0.690255 0.385521 0.668253 0.462074
0 0.96964 0.723571 0.98161 0.633734 0.935138 0.627542 0.923169 0.71738
0 0.308904 0.209166 0.46766 0.178526 0.451353 0.0940298 0.292596 0.12467
0 0.0661461 0.0882626 0.125003 0.00653102 0.0626922 -0.0383398 0.0038358 0.0433918
0 0.00125214 0.759733 0.0423358 0.756164 0.0373631 0.698927 -0.00372064 0.702496
0 0.444014 1.01104 0.571606 0.98858 0.56207 0.934413 0.434478 0.956875
0 1.0044 0.579102 1.01077 0.49763 0.964517 0.494017 0.958152 0.575489
0 0.599954 0.578877 0.653289 0.504201 0.618316 0.479223 0.564981 0.553899
0 0.361907 0.701211 0.440242 0.700519 0.439547 0.621836 0.361212 0.622528
0 0.95451 0.946944 1.00534 0.945991 1.00402 0.875807 0.953194 0.87676
0 0.551068 0.396049 0.602753 0.305608 0.53351 0.266038 0.481826 0.356479
0 0.45452 0.175488 0.486919 0.173665 0.481963 0.0855991 0.449564 0.0874225
0 0.52329 0.0391735 0.622472 0.0202119 0.614349 -0.0222774 0.515167 -0.00331579
0 0.152003 0.239449 0.281821 0.217975 0.270898 0.151938 0.141079 0.173413
0 0.853162 0.404798 0.916953 0.322445 0.864605 0.281897 0.800814 0.364249
0 1.00024 0.728385 1.00835 0.639019 0.972964 0.635806 0.96485 0.725172
0 0.111786 0.227814 0.12972 0.144316 0.0753541 0.132639 0.0574203 0.216137
0 0.183666 0.439224 0.193868 0.384244 0.120899 0.370705 0.110697 0.425685
0 0.23338 0.727275 0.240121 0.687299 0.195592 0.679789 0.18885 0.719766
0 0.121663 0.118428 0.273247 0.0970497 0.259261 -0.00211388 0.107677 0.0192648
0 -0.00093933 0.453623 0.0421124 0.453601 0.0420775 0.385518 -0.000974225 0.38554
0 0.107143 0.471029 0.119097 0.41978 0.0641731 0.406969 0.0522192 0.458218
0 0.563571 0.221387 0.598388 0.220965 0.597838 0.175599 0.563022 0.176021
0 0.678821 0.369513 0.736708 0.336539 0.6987 0.269815 0.640813 0.302789
0 0.543934 0.87629 0.579692 0.873823 0.571858 0.760304 0.5361 0.762772
0 0.197469 0.715626 0.208787 0.67429 0.125767 0.65156 0.114449 0.692896
0 0.639821 0.976118 0.782722 0.97546 0.782422 0.910383 0.639522 0.911041
0 0.616113 0.294676 0.658985 0.294663 0.658966 0.236448 0.616095 0.236462
0 0.66341 0.0154123 0.759489 0.0127047 0.759078 -0.00187663 0.662999 0.000831012
0 0.205117 0.0488524 0.265228 0.0467281 0.263521 -0.00156351 0.203411 0.000560785
0 0.042702 0.0410536 0.0442748 -0.00619113 -0.00342225 -0.007779 -0.00499506 0.0394657
0 0.69443 0.815259 0.787566 0.812838 0.786743 0.7812 0.693607 0.783622
0 0.966753 0.249212 1.00292 0.247489 1.00014 0.189113 0.963971 0.190837
0 0.017668 0.171482 0.0194097 0.111793 -0.00127232 0.111189 -0.003014 0.170879
0 0.805752 1.01676 0.952302 1.00569 0.949076 0.962983 0.802526 0.974054
0 0.899968 0.85367 0.941422 0.852278 0.939708 0.801224 0.898254 0.802616
0 0.320751 0.446231 0.329849 0.410985 0.254371 0.391503 0.245273 0.426749
0 0.289128 0.0194371 0.351052 0.0182092 0.350681 -0.000511911 0.288757 0.000716026
0 0.812971 0.0479004 0.901899 0.0474762 0.901668 -0.00111504 0.812739 -0.000690829
