0 0.574424 0.535075 0.585695 0.33037 0.440234 0.32236 0.428962 0.527066
0 0.38918 0.519197 0.393701 0.35429 0.287219 0.351371 0.282698 0.516278
0 0.597212 0.340252 0.601534 0.176726 0.450657 0.172738 0.446335 0.336264
0 0.123447 0.764703 0.127716 0.62878 0.0164326 0.625285 0.0121641 0.761209
0 0.911517 0.341566 0.937254 0.16939 0.774284 0.145029 0.748547 0.317206
0 0.141134 0.432789 0.28744 0.280603 0.200426 0.19695 0.0541198 0.349136
0 0.322627 0.919672 0.324048 0.845635 0.189567 0.843054 0.188146 0.91709
0 0.0959853 0.897354 0.120128 0.765673 -0.0111159 0.74161 -0.0352589 0.873291
0 0.552192 0.908257 0.555527 0.79036 0.410944 0.78627 0.407609 0.904168
0 0.321703 0.849999 0.322495 0.775083 0.189493 0.773677 0.188701 0.848593
0 0.383506 0.734357 0.386198 0.593947 0.19119 0.590207 0.188497 0.730617
0 0.34594 0.208979 0.444354 0.117376 0.369997 0.037491 0.271583 0.129093
0 0.737475 0.937386 0.738929 0.818348 0.619834 0.816893 0.61838 0.935931
0 0.817248 0.730487 0.818027 0.585098 0.639714 0.584141 0.638934 0.72953
0 0.281937 0.305829 0.366874 0.191297 0.272242 0.121118 0.187305 0.23565
0 0.453721 0.524897 0.458562 0.391383 0.388045 0.388826 0.383204 0.52234
0 0.312369 1.00648 0.315181 0.913712 0.179006 0.909585 0.176194 1.00235
0 0.729777 0.819417 0.729847 0.715105 0.632087 0.71504 0.632018 0.819352
0 0.28785 0.529396 0.290716 0.430086 0.215083 0.427903 0.212217 0.527214
0 0.883564 0.95512 0.890197 0.820016 0.757511 0.813502 0.750878 0.948606
0 0.542802 0.964915 0.543781 0.898196 0.405941 0.896174 0.404963 0.962893
0 0.841249 0.488936 1.04246 0.393777 0.984672 0.271573 0.783456 0.366732
0 0.694769 0.629588 0.80191 0.543395 0.714042 0.434172 0.606901 0.520365
0 0.854424 0.829225 0.854606 0.718132 0.742962 0.717948 0.74278 0.829042
0 0.56307 0.804725 0.571519 0.622058 0.406497 0.614425 0.398048 0.797092
0 0.749181 1.00348 0.749517 0.932176 0.619597 0.931564 0.619261 1.00287
0 0.4536 0.764281 0.458368 0.621821 0.383078 0.619301 0.37831 0.761761
0 0.59711 0.185231 0.604287 0.0704511 0.504818 0.0642315 0.497641 0.179011
0 0.856916 0.188732 0.863357 0.0374149 0.718205 0.0312363 0.711764 0.182553
0 0.0448325 0.183455 0.146919 0.0791011 0.0657761 -0.000279238 -0.0363108 0.104075
0 0.907288 0.671434 1.05024 0.606087 1.00087 0.498087 0.857917 0.563434
0 0.540395 1.00305 0.540863 0.958486 0.395406 0.956958 0.394938 1.00152
0 0.122398 0.10299 0.233878 0.00562469 0.164525 -0.0737828 0.0530443 0.0235829
0 0.787337 1.01481 0.933764 1.00967 0.930993 0.930699 0.784566 0.935837
0 0.961451 0.76526 1.05766 0.675378 0.98561 0.598258 0.889402 0.68814
0 1.00526 0.0730725 1.00597 -0.00878201 0.889645 -0.00979253 0.888934 0.0720619
0 0.695425 0.0464176 0.843854 0.0429594 0.842685 -0.00719463 0.694256 -0.00373642
0 0.946988 0.7845 1.00428 0.783405 1.00314 0.723508 0.945843 0.724604
0 0.958272 0.845143 1.00653 0.842931 1.00307 0.76747 0.954814 0.769681
0 0.599309 0.0661934 0.606679 -0.00580822 0.525493 -0.0141181 0.518123 0.0578835
0 0.976919 0.909483 1.00268 0.909472 1.00265 0.835205 0.976889 0.835216
0 -0.000646206 0.194187 0.0448394 0.193758 0.0440926 0.114605 -0.001393 0.115034
0 0.291096 1.00915 0.368256 1.00622 0.366751 0.966647 0.28959 0.969582
0 0.0444292 0.605898 0.140003 0.425772 -0.00209659 0.350375 -0.0976705 0.530501
0 0.0425643 1.00133 0.0429926 0.967465 0.00103011 0.966934 0.000601739 1.0008
0 0.427553 0.116198 0.459357 0.0884199 0.403711 0.0247084 0.371907 0.0524862
0 0.748436 0.0447168 0.748563 -0.00340562 0.675267 -0.00360002 0.67514 0.0445224
0 0.122935 0.640408 0.134844 0.549893 0.0603733 0.540095 0.0484644 0.63061
0 -0.0031585 0.0462556 0.0652067 0.0439226 0.0634381 -0.007902 -0.00492708 -0.00556895
