0 0.0868854 0.784638 0.248598 0.6329 0.187757 0.517628 0.0260442 0.669366
0 0.486202 0.40292 0.625921 0.26836 0.569634 0.164457 0.429915 0.299016
0 0.524607 0.818659 0.62641 0.72606 0.580017 0.635386 0.478214 0.727986
0 0.61786 0.744132 0.710671 0.644153 0.652238 0.547718 0.559426 0.647697
0 0.0798929 0.329036 0.203758 0.199909 0.145204 0.100055 0.0213389 0.229181
0 0.35425 0.524861 0.505588 0.394975 0.454139 0.288403 0.302801 0.418289
0 0.278304 0.135758 0.381605 0.0408719 0.330465 -0.0581074 0.227164 0.0367783
0 0.188321 0.219766 0.29975 0.120363 0.250413 0.0220401 0.138983 0.121443
0 0.862658 0.980049 0.965964 0.871234 0.896703 0.754336 0.793396 0.86315
0 0.698421 0.663607 0.794518 0.574057 0.734493 0.459545 0.638396 0.549095
0 0.492184 0.226687 0.546284 0.176558 0.450606 -0.00701081 0.396506 0.0431177
0 0.249389 1.07958 0.414802 0.931758 0.363927 0.830553 0.198515 0.978375
0 0.77746 1.06061 0.878873 0.94078 0.808142 0.834359 0.706729 0.954185
0 0.983751 0.397384 1.06302 0.326894 0.977918 0.156764 0.89865 0.227254
0 0.0681482 0.365822 0.0887182 0.24467 0.000780233 0.218127 -0.0197898 0.339278
0 0.321377 1.01762 0.411609 0.940147 0.360342 0.833988 0.27011 0.911456
0 0.339849 0.0488057 0.426493 0.0483941 0.42635 -0.00525787 0.339706 -0.00484624
0 0.511342 0.509004 0.584593 0.447088 0.552404 0.379389 0.479154 0.441305
0 0.783918 0.0858514 0.927185 0.0800649 0.924614 -0.0331203 0.781346 -0.0273338
0 0.931854 0.268226 0.997491 0.169502 0.920862 0.0789299 0.855226 0.177653
