0 0.236237 0.302082 0.375976 0.201153 0.319861 0.12346 0.180122 0.22439
0 0.274706 0.613534 0.376104 0.544684 0.329846 0.476559 0.228448 0.545409
0 0.77235 0.954272 0.870878 0.888893 0.823213 0.817061 0.724686 0.88244
0 0.368509 0.557583 0.460117 0.483006 0.401475 0.410972 0.309867 0.48555
0 0.105721 0.392804 0.255322 0.296722 0.20408 0.216938 0.0544792 0.31302
0 0.0167957 0.797424 0.159838 0.700625 0.113327 0.631894 -0.0297157 0.728692
0 0.612734 0.734293 0.715177 0.654514 0.647045 0.567027 0.544603 0.646806
0 0.448581 0.497393 0.544238 0.430334 0.484177 0.344659 0.38852 0.411718
0 0.457803 0.855863 0.549398 0.766979 0.47168 0.68689 0.380085 0.775774
0 0.24199 0.16998 0.296206 0.132351 0.200618 -0.00537425 0.146401 0.0322551
0 0.537377 0.792289 0.625254 0.709494 0.551736 0.631464 0.46386 0.714259
0 0.705384 1.00959 0.785514 0.944168 0.734488 0.881671 0.654358 0.947094
0 0.760989 0.333579 0.844325 0.280165 0.725573 0.0948883 0.642237 0.148302
0 0.964997 0.496553 1.05796 0.400061 0.992384 0.336883 0.89942 0.433374
0 0.167441 1.04629 0.333856 0.928884 0.282309 0.855819 0.115895 0.973221
0 0.0464077 0.105694 0.135465 0.0262493 0.0670995 -0.0503876 -0.0219574 0.0290571
0 0.879406 0.552531 0.978144 0.481069 0.921467 0.40276 0.822729 0.474222
0 -0.0037506 0.120955 0.0452212 0.119554 0.0430088 0.04219 -0.005963 0.0435904
0 0.265157 0.379522 0.334191 0.334974 0.301745 0.284694 0.232711 0.329241
0 0.0893874 0.0374073 0.17708 0.0369774 0.176876 -0.00453403 0.0891839 -0.0041041
0 0.0430191 0.812085 0.0462729 0.747858 -0.00540162 0.745241 -0.00865542 0.809468
0 0.813554 0.345888 0.848485 0.262535 0.765436 0.227732 0.730506 0.311086
0 0.991734 0.981179 1.06463 0.92998 0.983882 0.815013 0.910986 0.866211
0 0.963085 0.0701365 1.01446 0.0161283 0.958237 -0.0373519 0.906863 0.0166563
0 0.533505 0.0636997 0.673213 0.0609464 0.671518 -0.0250813 0.53181 -0.022328
0 0.0369822 0.783387 0.0956067 0.722393 0.0408629 0.669776 -0.0177615 0.730771
0 0.526599 0.0887198 0.689244 0.0854364 0.687488 -0.00156615 0.524843 0.00171724
0 0.732425 1.01161 0.919475 1.00369 0.9153 0.905107 0.728249 0.913029
