0 0.504387 0.812342 0.532433 0.738964 0.454779 0.722269 0.426733 0.795647
0 0.732138 0.960923 0.733214 0.852451 0.585249 0.851625 0.584174 0.960098
0 0.859279 0.627356 0.860062 0.537943 0.744247 0.537373 0.743464 0.626786
0 0.740215 0.611288 0.747658 0.531901 0.638026 0.526119 0.630583 0.605506
0 0.154215 0.88202 0.159419 0.778848 0.00976319 0.774602 0.00455958 0.877774
0 0.523744 0.729488 0.543481 0.627276 0.420426 0.61391 0.40069 0.716123
0 0.627777 0.593061 0.659859 0.512876 0.595386 0.498366 0.563304 0.578551
0 0.452289 0.544708 0.574531 0.443706 0.479711 0.379154 0.357469 0.480157
0 0.879268 0.951813 1.00724 0.95035 1.00491 0.835923 0.876943 0.837386
0 0.294016 0.984978 0.427968 0.958228 0.381635 0.82772 0.247683 0.85447
0 0.751533 0.792498 0.75743 0.708803 0.59675 0.702434 0.590853 0.786129
0 0.892823 0.102516 0.898781 0.0447854 0.597784 0.0273128 0.591826 0.0850432
0 0.402354 0.953432 0.507177 0.951534 0.503938 0.850859 0.399115 0.852757
0 0.721601 0.954523 0.874347 0.954331 0.874056 0.824109 0.72131 0.824301
0 0.294628 0.704481 0.297522 0.608029 0.165626 0.605802 0.162732 0.702254
0 0.0602302 1.00021 0.207398 0.999087 0.205978 0.894629 0.0588104 0.895754
0 -0.00569839 0.727402 0.0984035 0.726007 0.0958891 0.620428 -0.00821278 0.621822
0 0.870621 0.622035 0.94656 0.607256 0.911903 0.507088 0.835964 0.521867
0 0.542811 0.583116 0.614474 0.49181 0.536091 0.457204 0.464428 0.54851
0 0.50515 0.963748 0.598596 0.95842 0.587472 0.848679 0.494025 0.854008
0 0.220561 0.347246 0.341918 0.225829 0.229007 0.162347 0.10765 0.283764
0 0.871493 0.811181 0.998639 0.792147 0.964339 0.663269 0.837193 0.682303
0 0.140245 0.55969 0.266944 0.517793 0.17496 0.361327 0.0482618 0.403224
0 0.799636 0.806503 0.873461 0.80257 0.862363 0.685406 0.788538 0.68934
0 5.29761e-05 0.995179 0.077814 0.995109 0.0777126 0.931845 -4.83915e-05 0.931915
0 0.933751 0.607195 1.01441 0.597445 0.992353 0.494802 0.911694 0.504552
0 0.235422 0.867973 0.398313 0.836374 0.365249 0.740501 0.202359 0.772101
0 0.288322 0.411871 0.394181 0.321364 0.34421 0.288488 0.238351 0.378995
0 0.373948 0.483676 0.49299 0.375893 0.394536 0.314728 0.275494 0.422511
0 0.872554 0.396187 1.0033 0.394004 0.999698 0.272799 0.868956 0.274982
0 0.446106 0.665705 0.457724 0.578436 0.331603 0.568991 0.319985 0.65626
0 0.209878 0.2351 0.221466 0.149167 0.113443 0.140973 0.101856 0.226907
0 0.0669215 0.624287 0.0675364 0.547897 -0.0066932 0.547561 -0.00730808 0.623951
0 0.903221 0.0557215 0.910641 -0.00170574 0.755329 -0.0129941 0.747909 0.0444331
0 0.745799 0.784688 0.801217 0.781513 0.791464 0.685774 0.736045 0.68895
0 0.301184 0.625516 0.388546 0.562165 0.33047 0.517115 0.243108 0.580467
0 0.242862 0.386362 0.374294 0.288359 0.322092 0.248979 0.190659 0.346982
0 0.0604313 0.920039 0.18452 0.897074 0.171209 0.856619 0.0471207 0.879585
0 0.240311 0.789524 0.336143 0.735683 0.273526 0.67299 0.177693 0.726831
0 -0.00378745 0.788982 0.12577 0.788157 0.124932 0.714197 -0.00462502 0.715022
0 0.677533 0.276408 0.753818 0.273364 0.742196 0.109548 0.665911 0.112593
0 0.00436207 0.36611 0.12638 0.334446 0.0464578 0.161207 -0.0755596 0.192871
0 0.893398 0.256597 0.904777 0.121906 0.731541 0.113674 0.720163 0.248364
0 0.264241 0.584197 0.337125 0.520133 0.279395 0.483189 0.206511 0.547253
0 -0.00390677 0.555604 0.0469107 0.554846 0.043631 0.431191 -0.00718648 0.431949
0 0.735309 0.536635 0.750792 0.468654 0.646346 0.455273 0.630863 0.523254
0 0.980543 0.207059 1.03576 0.188477 0.99884 0.126776 0.943627 0.145358
0 0.858496 0.207764 0.859599 0.136394 0.769436 0.13561 0.768333 0.20698
0 0.96104 0.131815 1.00683 0.130327 1.00068 0.0239921 0.954895 0.0254804
0 0.984586 0.0573937 0.985346 -0.000788277 0.892076 -0.00147387 0.891316 0.0567081
0 0.798807 0.952187 0.889821 0.9471 0.879822 0.846461 0.788807 0.851548
0 0.975098 0.118137 1.05003 0.0968288 1.01556 0.0286395 0.940625 0.0499478
