0 0.851102 0.18548 0.950208 0.105775 0.898168 0.0410676 0.799062 0.120772
0 0.273665 0.63568 0.377466 0.565669 0.330062 0.495387 0.226261 0.565398
0 0.52287 0.45418 0.621888 0.387754 0.574066 0.316469 0.475048 0.382895
0 0.927358 0.12388 1.02781 0.0476809 0.980203 -0.0150857 0.879747 0.0611133
0 0.343779 0.783319 0.437047 0.742352 0.413316 0.688325 0.320048 0.729292
0 0.36261 0.581925 0.458427 0.504741 0.39793 0.42964 0.302114 0.506824
0 0.209612 0.356614 0.300074 0.264459 0.219229 0.1851 0.128768 0.277255
0 0.765953 0.246102 0.872357 0.169107 0.818639 0.0948718 0.712235 0.171867
0 0.361473 0.233914 0.464831 0.155692 0.398171 0.0676114 0.294813 0.145833
0 0.455084 0.509464 0.534575 0.444308 0.48451 0.383228 0.405019 0.448384
0 0.293266 0.29337 0.375834 0.205617 0.295849 0.130357 0.213281 0.218109
0 0.676303 0.517938 0.742757 0.475662 0.669428 0.360396 0.602974 0.402673
0 0.840798 0.706074 0.900206 0.667472 0.804248 0.519794 0.74484 0.558396
0 0.035053 0.117146 0.129993 0.0380536 0.0669429 -0.0376288 -0.0279966 0.0414636
0 0.131931 0.884085 0.220823 0.852193 0.200652 0.795973 0.111761 0.827866
0 0.294394 0.804179 0.364218 0.775355 0.343005 0.723966 0.273181 0.752789
0 0.908942 0.436469 1.01107 0.36808 0.964484 0.298521 0.862361 0.36691
0 0.977855 0.89913 1.02466 0.870091 0.9734 0.787483 0.926599 0.816522
0 0.934433 0.823806 0.984125 0.795599 0.932938 0.705423 0.883245 0.73363
0 0.946714 0.364468 1.00581 0.362224 1.00199 0.261384 0.942886 0.263627
0 0.818244 0.794124 0.8775 0.758429 0.815607 0.655685 0.756351 0.69138
0 -0.00699035 0.719549 0.0522703 0.717247 0.0481835 0.612007 -0.0110772 0.614308
0 0.109464 0.0581207 0.192914 0.0126268 0.164343 -0.0397811 0.0808935 0.00571278
0 0.993638 0.964403 1.03465 0.918556 0.982978 0.87233 0.941964 0.918177
0 0.0442636 0.487827 0.074556 0.386802 -0.0201634 0.358401 -0.0504558 0.459426
0 0.850739 0.831335 0.88773 0.80898 0.863086 0.7682 0.826095 0.790555
0 0.58403 0.0473689 0.70443 0.0447478 0.703327 -0.00589835 0.582928 -0.00327718
0 0.184392 0.0723594 0.18459 0.00101209 0.0888275 0.000746049 0.0886293 0.0720934
0 0.441638 0.775414 0.495511 0.751237 0.453271 0.657112 0.399397 0.681289
