0 0.213193 0.969936 0.319828 0.96976 0.319699 0.829497 0.213063 0.829672
0 0.894359 0.836702 0.895012 0.717193 0.808181 0.71635 0.807528 0.835859
0 0.805166 0.815357 0.811027 0.709271 0.728508 0.701166 0.722648 0.807253
0 0.720728 0.791241 0.745001 0.683755 0.696599 0.664323 0.672326 0.771809
0 0.588969 0.726859 0.681326 0.591176 0.610174 0.505076 0.517818 0.640759
0 0.63658 0.975233 0.658657 0.840394 0.56973 0.81451 0.547653 0.949349
0 0.919626 0.13669 0.924094 0.0597139 0.69833 0.0364163 0.693862 0.113392
0 0.240046 0.504049 0.347602 0.449281 0.277232 0.203601 0.169676 0.25837
0 0.471529 0.938887 0.473401 0.810826 0.374356 0.808253 0.372484 0.936313
0 0.656812 0.778067 0.71117 0.655456 0.652324 0.609077 0.597966 0.731688
0 0.903238 0.829587 0.960059 0.809792 0.933836 0.675974 0.877015 0.695769
0 0.269657 0.77245 0.300272 0.606976 0.166921 0.563116 0.136307 0.72859
0 0.0674981 0.864048 0.129877 0.82135 0.0751088 0.679107 0.0127298 0.721805
0 0.355347 0.748688 0.451067 0.692427 0.381308 0.481428 0.285587 0.537689
0 0.20463 0.86321 0.305636 0.821021 0.281359 0.717695 0.180353 0.759884
0 0.415631 0.463148 0.506748 0.301214 0.422097 0.216536 0.33098 0.37847
0 0.117905 0.820293 0.187148 0.780196 0.137642 0.628213 0.0683991 0.668311
0 0.114748 0.594745 0.188969 0.544353 0.115058 0.350824 0.0408373 0.401217
0 0.950469 0.803774 1.00997 0.788973 0.991599 0.657668 0.932096 0.672469
0 0.466269 0.549267 0.545543 0.428464 0.508021 0.38469 0.428747 0.505493
0 0.530434 0.645185 0.619853 0.500738 0.545868 0.419315 0.456449 0.563763
0 0.904372 0.528318 1.00247 0.525409 0.999774 0.363772 0.901675 0.366681
0 0.584024 0.889356 0.594645 0.772614 0.499237 0.757183 0.488616 0.873924
0 0.482719 1.01236 0.482861 0.92252 0.393467 0.92227 0.393325 1.01211
0 0.82295 1.0198 0.826705 0.944104 0.701217 0.933038 0.697463 1.00873
0 0.886212 1.01032 0.98266 1.01011 0.982521 0.892534 0.886073 0.892738
0 0.927416 0.074295 0.932981 -0.00227496 0.816495 -0.0173255 0.81093 0.0592445
0 0.475664 0.834391 0.541674 0.749018 0.498116 0.689144 0.432106 0.774517
0 0.432106 0.515188 0.5308 0.384172 0.491648 0.33174 0.392954 0.462756
0 0.408821 0.311034 0.41542 0.197874 0.334304 0.189465 0.327705 0.302624
0 0.00899056 0.928814 0.0794135 0.876542 0.0196437 0.733388 -0.0507792 0.78566
0 0.758153 0.36852 0.815361 0.364462 0.806648 0.146068 0.74944 0.150125
0 0.920049 0.342115 0.928584 0.162546 0.798658 0.151566 0.790123 0.331136
0 0.447752 0.779335 0.503121 0.693161 0.459855 0.643738 0.404485 0.729911
0 -0.00123607 0.997297 0.0468576 0.995947 0.0455281 0.911752 -0.00256554 0.913102
0 0.0227028 0.647392 0.119394 0.578385 0.0381753 0.376068 -0.0585163 0.445075
0 0.180867 0.54645 0.252154 0.499828 0.184704 0.31648 0.113417 0.363102
0 0.643936 1.0113 0.647815 0.965021 0.588667 0.956209 0.584789 1.00249
0 0.70268 1.02307 0.718187 0.916832 0.632199 0.894517 0.616692 1.00075
0 0.801512 0.715475 0.813177 0.624834 0.734668 0.606873 0.723004 0.697514
0 0.896507 1.00003 0.898906 0.919961 0.847315 0.917213 0.844917 0.997284
0 0.985404 0.276083 1.02681 0.251314 0.99912 0.169043 0.957718 0.193812
0 0.238616 1.01207 0.318123 1.00588 0.315958 0.956453 0.236451 0.962644
0 0.893873 0.277018 0.8947 0.18186 0.827072 0.180815 0.826245 0.275972
0 0.846756 0.99848 0.84681 0.915527 0.7962 0.915468 0.796145 0.998422
0 0.477303 1.00385 0.529482 1.00284 0.529163 0.973462 0.476983 0.97447
0 0.970786 0.175741 1.00512 0.173757 1.00051 0.0320037 0.966178 0.0339879
0 0.988439 0.0765246 0.989009 -0.00105105 0.919057 -0.00196539 0.918486 0.0756102
0 0.981323 0.157518 1.03752 0.129108 1.01167 0.0381871 0.95547 0.0665971
