0 0.297056 0.892887 0.297555 0.81083 0.198872 0.81023 0.198373 0.892287
0 0.554682 0.648884 0.579247 0.587755 0.479934 0.547845 0.455369 0.608973
0 0.496825 0.462844 0.499129 0.386427 0.403886 0.383556 0.401582 0.459973
0 -0.00282468 0.520841 0.0758266 0.519644 0.0743741 0.424265 -0.00427714 0.425463
0 0.53041 0.752153 0.535347 0.644462 0.441704 0.640168 0.436767 0.747859
0 0.166063 0.574331 0.169786 0.495359 0.0937077 0.491772 0.0899848 0.570744
0 0.425304 0.615381 0.430253 0.526331 0.348642 0.521795 0.343693 0.610845
0 0.636902 0.642922 0.744319 0.60442 0.713736 0.519097 0.606319 0.557599
0 0.511754 1.00449 0.602515 0.968403 0.551549 0.840226 0.460788 0.876314
0 0.724937 0.780625 0.794877 0.754754 0.745526 0.62134 0.675586 0.647212
0 0.10823 1.02299 0.132377 0.938829 0.0622699 0.918714 0.038123 1.00287
0 0.07831 0.877292 0.147272 0.877093 0.146939 0.76211 0.0779775 0.762309
0 0.122057 0.692159 0.146363 0.610763 0.0744935 0.589302 0.0501878 0.670699
0 0.576571 0.592295 0.601328 0.524442 0.507506 0.49021 0.482749 0.558063
0 0.406308 0.464556 0.410364 0.383843 0.35187 0.380903 0.347813 0.461616
0 0.851452 0.516471 0.958944 0.435202 0.914985 0.37706 0.807493 0.458329
0 0.946922 0.86213 1.01749 0.845062 0.987333 0.720368 0.916763 0.737436
0 0.109605 0.382315 0.12607 0.292126 0.00543598 0.270103 -0.011029 0.360292
0 0.301711 0.457459 0.319107 0.369322 0.150505 0.336044 0.133109 0.424182
0 0.344372 0.770767 0.362418 0.71124 0.261339 0.680598 0.243293 0.740125
0 0.596102 0.556389 0.705601 0.51915 0.688258 0.468155 0.57876 0.505395
0 0.279606 1.02481 0.284062 0.938539 0.170343 0.932666 0.165887 1.01894
0 0.31375 1.00632 0.419453 1.00575 0.419005 0.923171 0.313301 0.923745
0 0.757488 0.973839 0.86939 0.916308 0.792594 0.766934 0.680692 0.824465
0 0.0657352 0.663252 0.0759022 0.582166 0.0119284 0.574145 0.00176137 0.655231
0 0.851386 1.02785 0.868537 0.946729 0.778125 0.927613 0.760974 1.00873
0 0.896194 0.704596 0.971276 0.669428 0.918358 0.556449 0.843276 0.591617
0 0.529285 0.885285 0.552418 0.789055 0.45983 0.766798 0.436697 0.863028
0 0.302064 0.635093 0.305002 0.541262 0.213264 0.538388 0.210325 0.63222
0 0.56654 0.519534 0.689412 0.466713 0.660543 0.399559 0.537672 0.45238
0 0.928142 0.190119 0.978192 0.155899 0.900365 0.0420675 0.850315 0.0762872
0 0.443939 0.840559 0.547785 0.839524 0.546929 0.753658 0.443083 0.754693
0 0.633065 0.503402 0.687941 0.453387 0.636118 0.396527 0.581243 0.446542
0 0.70768 0.332134 0.812598 0.272634 0.717517 0.104973 0.612599 0.164472
0 0.956349 0.992684 1.00584 0.991479 1.00296 0.873045 0.953466 0.87425
0 0.796793 0.0780969 0.861015 0.0237234 0.795131 -0.0540949 0.730909 0.000278562
0 0.951181 0.555692 1.00471 0.553816 1.0012 0.453657 0.947671 0.455532
0 0.424327 0.0995336 0.483535 0.0480883 0.402604 -0.0450539 0.343396 0.00639143
0 0.103788 0.887053 0.107949 0.746459 0.0172591 0.743776 0.0130986 0.88437
0 0.296898 0.427102 0.312143 0.369499 0.17002 0.331885 0.154775 0.389488
0 0.0326627 0.642159 0.0369308 0.559349 -0.00505575 0.557185 -0.00932388 0.639995
0 0.810824 0.0714669 0.858368 0.0281333 0.808996 -0.0260363 0.761452 0.0172973
0 0.345418 0.459216 0.353198 0.378982 0.318653 0.375632 0.310873 0.455867
0 0.593708 1.04215 0.668038 0.984393 0.630031 0.935482 0.555701 0.993242
0 0.749062 0.955812 0.854157 0.923281 0.830713 0.84754 0.725617 0.88007
0 0.221748 0.62164 0.237408 0.473042 0.179698 0.46696 0.164037 0.615558
0 0.558011 0.701552 0.5659 0.651747 0.476962 0.63766 0.469073 0.687465
