0 0.130155 0.712484 0.284339 0.685795 0.262908 0.616151 0.108723 0.642841
0 0.157309 0.778573 0.319855 0.748481 0.29853 0.683685 0.135983 0.713777
0 0.103444 0.643848 0.264253 0.610539 0.238338 0.540166 0.0775296 0.573475
0 0.178041 0.844455 0.340382 0.815799 0.318282 0.745375 0.155942 0.774031
0 0.0689499 0.575818 0.242247 0.545787 0.224508 0.488209 0.0512113 0.51824
0 0.409369 0.764482 0.510903 0.732234 0.449474 0.623442 0.34794 0.65569
0 0.356442 0.907636 0.357952 0.821359 0.247796 0.820275 0.246286 0.906552
0 0.60704 0.723072 0.67613 0.635659 0.592473 0.598466 0.523384 0.685879
0 0.437917 0.858862 0.559503 0.82518 0.506908 0.718385 0.385322 0.752067
0 0.709348 0.80534 0.814638 0.729679 0.752859 0.681319 0.647568 0.75698
0 0.673841 0.747887 0.749244 0.680072 0.681264 0.637555 0.605862 0.70537
0 0.617518 0.919514 0.742434 0.919453 0.742351 0.823901 0.617436 0.823961
0 0.203996 1.03001 0.403371 0.987966 0.369752 0.8983 0.170377 0.940349
0 0.477451 0.967622 0.598242 0.944403 0.554581 0.816643 0.43379 0.839863
0 0.579467 0.946453 0.644492 0.931735 0.612397 0.851975 0.547372 0.866693
0 0.527521 0.665578 0.596097 0.60684 0.470413 0.524303 0.401838 0.583041
0 0.734507 0.909896 0.91799 0.878094 0.898456 0.814698 0.714972 0.8465
0 0.0988998 0.547154 0.226677 0.480177 0.112866 0.358042 -0.014912 0.425019
0 0.856252 0.887874 0.935005 0.839388 0.804576 0.720222 0.725823 0.768707
0 0.86344 1.00679 1.00559 1.0044 1.00367 0.940082 0.86152 0.942468
0 0.353492 0.662773 0.476055 0.638465 0.415923 0.467919 0.293359 0.492227
0 0.0500466 1.01866 0.129676 0.981956 0.0784562 0.919459 -0.00117283 0.956167
0 0.783633 1.01872 0.886759 0.999605 0.870973 0.951699 0.767847 0.970814
0 0.165916 1.0148 0.215766 0.954677 0.135533 0.917256 0.0856828 0.977377
0 -0.010531 0.656313 0.0435191 0.655574 0.0418626 0.587424 -0.0121875 0.588163
0 0.671604 1.01278 0.780702 1.00238 0.776581 0.978065 0.667484 0.988465
0 0.050371 0.448383 0.0918179 0.327196 -0.0195156 0.305777 -0.0609625 0.426965
0 -0.00482371 0.867481 0.0713712 0.866301 0.0691017 0.783824 -0.00709322 0.785004
0 -0.00115179 1.0038 0.0275023 1.00352 0.0266363 0.952134 -0.00201774 0.952405
0 0.0605495 0.719422 0.0617548 0.659306 -0.0037027 0.658568 -0.00490799 0.718683
