0 0.101875 0.748617 0.248651 0.716078 0.237488 0.626555 0.0907118 0.659094
0 0.0614416 0.580108 0.19717 0.5465 0.185025 0.459304 0.0492966 0.492912
0 0.00221828 0.260659 0.131625 0.233833 0.121536 0.147311 -0.00787077 0.174137
0 0.0482314 0.493476 0.179151 0.465064 0.169432 0.385448 0.0385124 0.413861
0 0.928004 0.83021 0.933181 0.647152 0.803873 0.640651 0.798697 0.823709
0 0.0178489 0.345323 0.156365 0.309816 0.143816 0.222782 0.00529935 0.258289
0 0.773148 0.173169 0.774152 0.0419331 0.696015 0.0408707 0.695012 0.172106
0 0.0365149 0.41874 0.161684 0.390607 0.152098 0.314781 0.0269283 0.342915
0 0.931833 0.166733 0.933174 0.0354751 0.854738 0.0340509 0.853397 0.165309
0 0.469919 0.28618 0.474326 0.136083 0.353329 0.129767 0.348923 0.279865
0 0.698484 0.403253 0.699819 0.274856 0.607249 0.273145 0.605915 0.401542
0 0.0888324 0.66388 0.233675 0.628894 0.220944 0.535194 0.0761015 0.57018
0 0.777822 0.377293 0.779252 0.267422 0.699177 0.265569 0.697746 0.37544
0 0.854001 0.169492 0.855163 0.0406792 0.77539 0.0393989 0.774228 0.168212
0 -0.000102993 0.178735 0.0987824 0.157604 0.0885791 0.0727182 -0.0103063 0.0938491
0 0.713524 0.576342 0.714348 0.457069 0.617669 0.455882 0.616845 0.575155
0 0.511946 0.910082 0.516181 0.725671 0.397093 0.720809 0.392857 0.90522
0 1.00136 0.166896 1.00213 0.0301645 0.931862 0.0294648 0.931096 0.166196
0 0.0791406 0.935948 0.0805366 0.825366 -0.000978214 0.823537 -0.00237421 0.934119
0 0.760865 0.640151 0.916989 0.627401 0.913475 0.550888 0.75735 0.563637
0 0.331493 0.142513 0.463354 0.108822 0.448498 0.00545 0.316637 0.0391407
0 0.69202 0.185584 0.693839 0.0524634 0.578883 0.0496705 0.577064 0.182791
0 0.122832 0.819813 0.245252 0.795547 0.236052 0.713037 0.113632 0.737303
0 0.243702 0.972515 0.307766 0.949816 0.276213 0.791498 0.212149 0.814197
0 0.916693 0.421574 0.918612 0.27039 0.848653 0.268812 0.846735 0.419996
0 0.632039 0.797614 0.716754 0.796309 0.715798 0.685987 0.631083 0.687292
0 0.924077 0.911342 0.999988 0.910315 0.999343 0.825499 0.923432 0.826525
0 0.917515 0.684351 1.00064 0.682905 0.999244 0.540483 0.916121 0.541929
0 0.368236 0.918662 0.424224 0.894285 0.389617 0.752981 0.333629 0.777359
0 0.262898 0.206904 0.320894 0.187862 0.312246 0.141036 0.25425 0.160078
0 0.625396 0.691629 0.736563 0.689204 0.735077 0.568151 0.62391 0.570576
0 0.0581594 0.839417 0.0582625 0.734954 -0.00746103 0.734839 -0.00756413 0.839302
0 0.168595 1.00247 0.247076 0.969077 0.202422 0.782481 0.12394 0.81587
0 0.683049 0.465131 0.683362 0.395396 0.618021 0.394875 0.617708 0.46461
0 0.502017 0.530985 0.502612 0.454436 0.36429 0.452528 0.363696 0.529076
0 0.498913 0.656947 0.500018 0.515895 0.37394 0.51414 0.372835 0.655191
0 -0.00250212 0.0979715 0.0859406 0.0952883 0.0843187 0.00024821 -0.00412399 0.00293139
0 0.504178 0.71122 0.504977 0.626383 0.380836 0.624305 0.380037 0.709142
0 0.636794 0.940791 0.801766 0.938813 0.800568 0.761164 0.635597 0.763141
0 -0.00320634 0.746139 0.0417493 0.746028 0.0415886 0.630462 -0.00336706 0.630573
0 0.311641 0.951892 0.373017 0.926672 0.336223 0.767489 0.274847 0.792709
0 0.820833 0.89529 0.896892 0.883678 0.891197 0.817368 0.815139 0.82898
0 0.96864 0.399287 0.968771 0.269342 0.915886 0.269248 0.915756 0.399192
0 0.996897 0.745773 0.99783 0.680602 0.933429 0.678964 0.932497 0.744135
0 0.708559 0.540789 0.768475 0.540754 0.768446 0.45268 0.70853 0.452715
0 0.999303 0.392541 1.00241 0.274043 0.966567 0.272373 0.96346 0.390871
0 0.37874 0.470522 0.500155 0.455657 0.49186 0.335205 0.370445 0.350069
0 0.568394 0.0702225 0.681252 0.0696413 0.681057 0.00222039 0.568199 0.00280163
0 0.0829652 1.02396 0.0982725 0.934806 0.0171634 0.910049 0.00185606 0.999207
0 0.000351254 0.64114 0.0274751 0.640814 0.0269038 0.556232 -0.000219988 0.556558
0 0.321505 0.0466447 0.423041 0.0212893 0.416629 -0.0243599 0.315093 0.000995549
0 0.409875 1.0156 0.518773 1.0027 0.516503 0.968625 0.407605 0.981522
0 0.848288 0.413664 0.850103 0.27486 0.773802 0.273086 0.771987 0.41189
0 -0.00171421 0.566144 0.0161106 0.56594 0.0156591 0.495929 -0.00216566 0.496133
0 0.0050554 0.0249025 0.0734355 0.0223113 0.0729213 -0.00181457 0.00454115 0.000776643
0 0.0142594 0.542051 0.0144412 0.474931 -0.00197939 0.474852 -0.00216115 0.541972
