0 0.0974828 0.462553 0.213426 0.435815 0.197352 0.366109 0.081408 0.392847
0 0.117882 0.528635 0.239905 0.498693 0.223974 0.433769 0.10195 0.463712
0 0.0775789 0.393818 0.198134 0.360511 0.178709 0.290201 0.0581537 0.323508
0 0.133215 0.594005 0.255008 0.565648 0.238672 0.495486 0.116879 0.523843
0 0.0518261 0.32579 0.181607 0.295715 0.168275 0.238182 0.0384935 0.268257
0 0.30681 0.514513 0.383105 0.482427 0.337287 0.373481 0.260992 0.405568
0 0.267502 0.657394 0.268571 0.571318 0.186312 0.570296 0.185243 0.656372
0 0.776208 0.977691 0.907774 0.92681 0.875711 0.843902 0.744145 0.894782
0 0.515527 0.883886 0.519054 0.759414 0.394711 0.755891 0.391184 0.880363
0 0.739064 0.900669 0.867021 0.842483 0.839605 0.782191 0.711647 0.840376
0 0.153004 0.776568 0.300131 0.736903 0.27678 0.650289 0.129653 0.689954
0 0.455499 0.472911 0.506994 0.38574 0.444079 0.348574 0.392584 0.435744
0 0.504955 0.824938 0.594786 0.824361 0.594205 0.734109 0.504374 0.734687
0 0.428878 0.957186 0.57165 0.926358 0.556853 0.857828 0.414081 0.888656
0 0.100743 0.794926 0.167311 0.775726 0.137802 0.673415 0.0712339 0.692615
0 0.331353 0.609373 0.421596 0.571825 0.378114 0.467321 0.287871 0.504869
0 0.505372 0.497891 0.562113 0.429965 0.511137 0.387382 0.454395 0.455307
0 0.556327 0.669006 0.556376 0.574509 0.463833 0.574461 0.463784 0.668958
0 0.526529 0.554043 0.610222 0.482335 0.566731 0.431575 0.483038 0.503283
0 0.0438515 0.992088 0.103973 0.975028 0.0741292 0.869859 0.0140076 0.88692
0 0.0335576 0.809014 0.0989766 0.794219 0.0713869 0.672223 0.00596794 0.687017
0 0.0972975 0.965574 0.152303 0.950445 0.126585 0.856945 0.0715797 0.872075
0 0.446545 1.01965 0.579332 0.998742 0.56722 0.921812 0.434433 0.942718
0 0.199973 0.943142 0.259056 0.92916 0.234303 0.824565 0.17522 0.838548
0 0.429986 0.694999 0.481912 0.680284 0.45947 0.601093 0.407544 0.615809
0 0.358195 0.716821 0.446434 0.694686 0.414486 0.567327 0.326247 0.589462
0 0.148123 0.957637 0.205243 0.940285 0.174786 0.840027 0.117666 0.857379
0 0.551419 0.659172 0.686239 0.627771 0.671809 0.565815 0.536989 0.597217
0 0.395536 0.415829 0.44721 0.357083 0.352939 0.274161 0.301265 0.332907
0 0.838729 1.04858 0.943511 0.991153 0.89968 0.911177 0.794898 0.968602
0 0.603249 0.823555 0.680703 0.798215 0.647462 0.696609 0.570007 0.721949
0 0.208515 1.02236 0.359839 0.99936 0.35059 0.938508 0.199267 0.961506
0 0.0743199 0.29692 0.169862 0.229512 0.0842728 0.1082 -0.0112691 0.175608
0 0.641564 0.634679 0.699534 0.585999 0.603084 0.471142 0.545114 0.519822
0 0.765964 0.850205 0.834246 0.749347 0.703525 0.660849 0.635244 0.761707
0 0.33097 0.917989 0.346219 0.819088 0.242237 0.803055 0.226988 0.901957
0 0.66974 0.786391 0.725507 0.768576 0.700816 0.691283 0.645048 0.709098
0 0.265226 0.412858 0.35707 0.388477 0.311804 0.217956 0.219959 0.242337
0 -0.0006177 0.821249 0.0394279 0.81251 0.0173089 0.71115 -0.0227367 0.719889
0 -0.00812776 0.406387 0.0326166 0.405651 0.0313879 0.337662 -0.00935647 0.338399
0 0.300532 0.954275 0.359172 0.930301 0.339488 0.882154 0.280848 0.906127
0 -0.00364254 0.617893 0.0538038 0.616685 0.0520519 0.533399 -0.00539442 0.534607
0 0.0348682 0.198712 0.0693973 0.0773551 -0.0125882 0.0540282 -0.0471173 0.175385
