0 0.169677 0.786432 0.206667 0.686778 0.00493478 0.611897 -0.0320556 0.711551
0 0.872462 1.04474 0.889619 0.976165 0.705961 0.930213 0.688804 0.998787
0 0.903981 0.704329 0.980949 0.47205 0.778136 0.404846 0.701168 0.637125
0 0.432953 0.878262 0.46723 0.781871 0.189202 0.683003 0.154925 0.779394
0 0.399762 0.511224 0.410181 0.425717 0.328211 0.415728 0.317791 0.501236
0 1.00233 0.158784 1.00886 0.0322276 0.961125 0.0297629 0.954591 0.156319
0 1.01108 0.886287 1.05835 0.693451 0.950762 0.667074 0.903487 0.85991
0 0.967725 0.142309 0.99273 0.00948236 0.83368 -0.0204588 0.808675 0.112368
0 0.430658 0.890569 0.450169 0.802436 0.352065 0.780718 0.332555 0.868851
0 1.00029 0.655994 1.01107 0.574205 0.931363 0.5637 0.920583 0.645489
0 1.00964 0.333075 1.03033 0.209191 0.93977 0.194072 0.919087 0.317957
0 0.111391 0.188188 0.124859 0.108472 0.0434299 0.0947141 0.0299615 0.17443
0 0.480567 0.337823 0.488368 0.235266 0.403812 0.228834 0.396011 0.331391
0 0.564835 0.40487 0.569489 0.305021 0.488043 0.301225 0.483389 0.401074
0 0.518658 0.774195 0.540266 0.663876 0.452035 0.646594 0.430427 0.756913
0 0.944134 0.212087 1.00276 0.21197 1.00255 0.105442 0.943922 0.105558
