0 -0.00429615 0.532282 0.173608 0.523861 0.166705 0.441836 -0.0111992 0.450257
0 0.39492 0.0979925 0.39674 0.0192962 0.292085 0.0179346 0.290264 0.0966308
0 0.777402 0.546121 0.780268 0.427164 0.612082 0.424885 0.609217 0.543842
0 0.149629 0.0925928 0.300181 0.0914986 0.299352 0.0273117 0.148799 0.0284058
0 0.279006 0.66178 0.378493 0.661769 0.37848 0.595806 0.278993 0.595817
0 0.391983 0.810555 0.62602 0.709434 0.559283 0.622552 0.325246 0.723673
0 0.273174 0.402362 0.365424 0.402068 0.365004 0.327771 0.272754 0.328064
0 0.705996 0.732879 0.873914 0.710856 0.86109 0.655856 0.693172 0.677879
0 0.888457 0.126942 0.892738 -0.000704475 0.705189 -0.00424198 0.700909 0.123405
0 0.715832 0.120368 0.717137 0.0182214 0.593736 0.0173346 0.592431 0.119482
0 0.0235736 0.0887139 0.150155 0.0790245 0.143961 0.0335137 0.0173804 0.043203
0 0.633498 0.3787 0.922426 0.354227 0.908099 0.259084 0.619171 0.283557
0 0.730108 0.905912 0.845178 0.888399 0.830379 0.833703 0.715309 0.851215
0 0.81392 0.678916 0.817939 0.591624 0.698826 0.588539 0.694807 0.675831
0 0.579462 0.392626 0.660321 0.373587 0.623935 0.286663 0.543076 0.305703
0 0.189566 0.405289 0.276015 0.40448 0.27453 0.315272 0.188081 0.316081
0 0.149759 0.623923 0.150163 0.526668 0.0153603 0.526353 0.014956 0.623608
0 0.964368 0.516905 0.967273 0.407871 0.875108 0.40649 0.872203 0.515524
0 0.77909 0.544956 0.8984 0.533365 0.877417 0.411873 0.758108 0.423464
0 0.778024 0.225266 0.886557 0.224447 0.885559 0.150003 0.777026 0.150821
0 0.101976 0.916878 0.102414 0.857532 0.00340301 0.857121 0.00296513 0.916467
0 0.114224 0.913218 0.292341 0.861715 0.256036 0.791089 0.0779182 0.842592
0 0.994624 0.706665 0.996022 0.518457 0.873421 0.517944 0.872023 0.706153
0 0.143333 0.7094 0.145802 0.636369 0.00549168 0.6337 0.00302214 0.706731
0 0.132227 0.770745 0.133252 0.700771 0.0121265 0.699773 0.0111019 0.769747
0 0.354882 0.329266 0.491705 0.326349 0.488745 0.248255 0.351922 0.251173
0 0.10783 0.838535 0.230653 0.80486 0.193892 0.729443 0.0710693 0.763118
0 0.249818 0.511953 0.564035 0.492458 0.556826 0.427096 0.242609 0.446591
0 0.550162 0.107536 0.551093 0.0132802 0.419482 0.012549 0.418551 0.106805
0 0.822268 0.899674 0.987847 0.869835 0.966459 0.803074 0.800879 0.832913
0 0.610397 1.00073 0.827286 0.959868 0.792096 0.854804 0.575207 0.895666
0 0.675933 0.597819 0.862442 0.590165 0.859135 0.544828 0.672625 0.552482
0 0.00112595 0.349596 0.124095 0.348757 0.123235 0.277775 0.000265603 0.278614
0 0.992284 0.0997843 1.01037 0.00620577 0.888491 -0.00704626 0.870403 0.0865323
0 0.276276 0.340932 0.352606 0.331156 0.335425 0.255705 0.259096 0.265481
0 0.724561 0.252519 0.728107 0.175013 0.530815 0.169934 0.527268 0.24744
0 0.00376317 0.257242 0.0876166 0.256788 0.086473 0.137896 0.00261952 0.13835
0 0.087999 0.843982 0.0880967 0.767072 0.0127579 0.767018 0.0126603 0.843928
0 0.777662 0.96836 1.00984 0.918096 0.98804 0.861466 0.755866 0.91173
0 0.359724 0.40769 0.557076 0.396099 0.548457 0.313554 0.351106 0.325144
0 0.00514016 0.420598 0.140857 0.419628 0.139918 0.345737 0.00420104 0.346707
0 0.949917 0.390987 1.00332 0.390788 1.0027 0.298381 0.949304 0.29858
0 0.19809 0.235323 0.201183 0.136874 0.098531 0.13506 0.0954377 0.233508
0 0.617387 0.758541 0.705735 0.752644 0.680484 0.539856 0.592136 0.545753
0 0.389331 0.240595 0.390878 0.135953 0.196263 0.134335 0.194717 0.238976
0 0.589563 0.923397 0.74854 0.895504 0.733681 0.84787 0.574705 0.875763
0 0.0373034 0.609632 0.041953 0.526998 -0.00711966 0.525445 -0.0117693 0.608079
0 0.443569 1.00239 0.510088 0.980543 0.450588 0.878654 0.384069 0.900505
0 0.962688 0.523355 1.00279 0.522439 1.00024 0.459723 0.960142 0.460639
0 0.485351 0.65029 0.585051 0.643579 0.573844 0.549934 0.474144 0.556646
0 0.792482 0.284365 0.813271 0.189765 0.705438 0.176435 0.684649 0.271035
0 0.790833 0.271286 0.889301 0.270509 0.888565 0.218019 0.790097 0.218796
0 0.495764 0.203445 0.496873 0.145562 0.35013 0.143981 0.349021 0.201864
0 0.270938 0.857882 0.426001 0.786331 0.328681 0.667693 0.173617 0.739244
0 0.19803 0.401966 0.212248 0.325282 0.116578 0.315304 0.10236 0.391989
0 0.967966 0.91208 1.01946 0.907478 0.999866 0.784182 0.948377 0.788784
0 -0.00245251 0.705083 0.0182676 0.705034 0.0179302 0.626155 -0.00278994 0.626205
0 0.362196 0.739647 0.404873 0.6696 0.309299 0.636846 0.266622 0.706893
0 -0.000193114 0.213293 0.0801525 0.21263 0.0790468 0.13729 -0.00129878 0.137954
0 0.196969 0.26324 0.197974 0.213446 0.116176 0.212517 0.11517 0.262311
0 0.66337 0.230649 0.669264 0.174891 0.537897 0.167078 0.532002 0.222837
0 0.28799 0.605196 0.563051 0.588032 0.547272 0.445794 0.272212 0.462957
0 0.463446 0.265193 0.523007 0.263386 0.519802 0.203979 0.460241 0.205786
0 0.570119 0.397868 0.571332 0.3276 0.48842 0.326795 0.487207 0.397063
0 -0.000658353 0.0306788 0.149923 0.0116007 0.143653 -0.0162362 -0.00692828 0.00284187
0 0.463432 0.253403 0.473306 0.208042 0.365315 0.194819 0.355441 0.240181
0 0.509824 0.557871 0.578181 0.555927 0.572912 0.45168 0.504555 0.453624
