0 0.711899 0.842973 0.733978 0.697632 0.591748 0.685478 0.569669 0.83082
0 0.458757 0.89701 0.485287 0.779561 0.370045 0.764918 0.343515 0.882367
0 0.262584 0.41098 0.279704 0.316242 0.168829 0.304971 0.151709 0.399709
0 0.570076 0.570221 0.583799 0.507925 0.462796 0.492931 0.449072 0.555226
0 0.552917 0.632845 0.564517 0.560632 0.422292 0.547781 0.410691 0.619993
0 0.495375 0.78709 0.509056 0.705855 0.39214 0.69478 0.378458 0.776014
0 0.193386 0.666177 0.207636 0.577628 0.0791301 0.565996 0.06488 0.654544
0 0.230058 0.595669 0.257158 0.517749 0.120803 0.491073 0.0937031 0.568994
0 0.101839 0.311085 0.116604 0.201613 0.00115805 0.192854 -0.0136067 0.302326
0 0.311848 0.323367 0.323251 0.236181 0.189652 0.226352 0.178249 0.313538
0 0.992492 0.825633 1.00453 0.763314 0.81269 0.742466 0.80065 0.804785
0 0.24814 0.509396 0.263398 0.403802 0.135479 0.393405 0.120221 0.498999
0 0.637163 0.381627 0.649237 0.302283 0.524535 0.291608 0.51246 0.370953
0 0.749797 0.263134 0.775759 0.126037 0.653115 0.112973 0.627154 0.250071
0 0.613314 0.469388 0.624368 0.372592 0.476219 0.363076 0.465165 0.459871
0 0.530899 0.712697 0.541037 0.625089 0.409493 0.616527 0.399356 0.704135
0 0.239987 0.917381 0.252549 0.849253 0.00438934 0.823515 -0.00817235 0.891643
0 0.525798 0.36346 0.535848 0.280966 0.412669 0.272525 0.402619 0.355019
0 0.522611 0.23327 0.565171 0.106387 0.461323 0.086793 0.418763 0.213677
0 0.58633 0.512449 0.596916 0.463489 0.473647 0.448496 0.463061 0.497456
0 0.428882 0.214742 0.474568 0.0532579 0.366458 0.0360533 0.320772 0.197538
0 0.408547 0.356593 0.42165 0.264434 0.314624 0.255874 0.30152 0.348033
0 0.150083 0.787828 0.175762 0.669643 0.0550053 0.654885 0.0293266 0.77307
0 0.970483 0.895426 0.980389 0.83484 0.787521 0.817102 0.777616 0.877688
0 0.20576 0.989226 0.222456 0.921084 -0.00766064 0.889367 -0.0243573 0.957509
0 0.908834 0.497318 0.921068 0.417623 0.709701 0.39937 0.697466 0.479066
0 0.661534 0.999902 0.678642 0.878735 0.531061 0.867014 0.513953 0.988181
0 0.162576 0.832748 0.169289 0.775283 0.022283 0.765624 0.0155704 0.823089
0 0.330934 0.192432 0.356733 0.0904022 0.268694 0.0778806 0.242895 0.17991
0 0.078127 0.363977 0.0896765 0.306586 -0.00276696 0.296122 -0.0143165 0.353512
0 0.257499 0.171467 0.265594 0.111389 0.103441 0.099099 0.0953459 0.159177
0 0.627927 0.247634 0.664228 0.104115 0.561821 0.0895452 0.525519 0.233064
0 0.366151 0.44179 0.379338 0.353661 0.295002 0.346563 0.281815 0.434691
0 0.750022 0.725429 0.81481 0.475827 0.667786 0.45436 0.602998 0.703963
0 0.292363 0.110423 0.302366 0.01952 0.127771 0.00871282 0.117768 0.0996161
0 1.00463 0.763091 1.01428 0.685942 0.834103 0.673265 0.824454 0.750415
0 0.94365 1.0012 0.950763 0.934141 0.746843 0.921974 0.73973 0.989033
0 0.956027 0.942604 0.962397 0.886869 0.766433 0.87427 0.760063 0.930006
0 0.89095 0.420672 0.903618 0.356828 0.744954 0.339118 0.732286 0.402963
0 0.0712322 0.43219 0.0712465 0.363703 -0.00773191 0.363694 -0.00774612 0.432181
0 0.0492965 0.500904 0.0534391 0.432269 -0.00439706 0.430305 -0.0085397 0.49894
0 1.00744 0.196716 1.03794 0.108875 0.746083 0.0518809 0.715588 0.139722
0 0.962527 0.311926 0.977792 0.204301 0.865462 0.195339 0.850197 0.302964
0 0.632523 1.00508 0.633963 0.977495 0.49436 0.973394 0.492919 1.00098
0 1.01759 0.496017 1.03041 0.37431 0.938462 0.368862 0.925643 0.49057
0 0.930294 1.01118 0.932768 0.970928 0.735245 0.9641 0.732772 1.00435
0 0.997152 0.653039 1.00451 0.59131 0.874351 0.582585 0.866995 0.644315
0 0.15948 0.703787 0.172219 0.661273 0.0681508 0.643733 0.055412 0.686247
0 1.00043 0.713965 1.00753 0.638262 0.851644 0.630029 0.844537 0.705732
0 0.873846 0.293506 0.901003 0.162272 0.762293 0.146126 0.735135 0.27736
0 0.99986 0.601371 1.00806 0.532142 0.894171 0.524549 0.885966 0.593778
0 0.394402 0.617354 0.404829 0.546406 0.327427 0.540007 0.317001 0.610955
0 0.349549 0.827231 0.361287 0.766248 0.302975 0.759934 0.291237 0.820918
0 0.977639 0.248753 0.995754 0.193144 0.838009 0.164238 0.819893 0.219847
0 0.964975 0.0404283 0.967216 -0.00321664 0.86132 -0.00627541 0.859079 0.0373695
0 0.0455762 0.995082 0.0459117 0.95617 0.000621432 0.955951 0.000285989 0.994863
0 0.959233 0.303894 0.981134 0.17824 0.759752 0.156535 0.737851 0.282189
0 0.991838 0.326538 1.00681 0.210716 0.959962 0.207308 0.944986 0.32313
0 0.133417 0.142396 0.136129 0.0213881 0.00276841 0.019707 5.66744e-05 0.140715
0 0.948424 0.0621166 1.00056 0.0619948 1.00031 0.0035177 0.948181 0.00363947
0 0.000784849 0.998578 0.0468957 0.99854 0.0468593 0.973637 0.000748456 0.973675
0 0.596052 0.0973355 0.606072 0.00451967 0.482113 -0.00300793 0.472092 0.0898079
0 0.210368 0.101297 0.234813 0.0205936 0.140245 0.00448152 0.115801 0.0851851
0 0.165061 1.01248 0.170991 0.978377 0.0774523 0.969226 0.0715214 1.00333
0 0.726455 0.468185 0.742976 0.388674 0.706372 0.384396 0.689852 0.463907
