0 0.102181 0.311405 0.2483 0.28725 0.237189 0.22004 0.0910708 0.244195
0 0.0615622 0.185219 0.197489 0.160171 0.1854 0.0945686 0.0494732 0.119617
0 0.0484456 0.119809 0.178553 0.0997866 0.169163 0.0387714 0.0390558 0.0587939
0 0.928038 0.372349 0.933055 0.235545 0.803521 0.230794 0.798504 0.367599
0 0.0782968 0.451917 0.0797914 0.369056 -0.000931485 0.3676 -0.00242612 0.450461
0 0.0890933 0.247941 0.233671 0.22187 0.220937 0.151252 0.0763593 0.177322
0 0.512005 0.433275 0.516361 0.294457 0.397209 0.290718 0.392853 0.429536
0 0.713184 0.182346 0.714152 0.0928058 0.617971 0.0917667 0.617003 0.181306
0 0.429886 0.793581 0.537833 0.793251 0.53755 0.700638 0.429602 0.700968
0 0.761344 0.230188 0.91786 0.220452 0.914296 0.163158 0.75778 0.172894
0 0.231506 0.718958 0.315348 0.698069 0.276235 0.541086 0.192393 0.561975
0 0.122667 0.364778 0.245095 0.346818 0.236027 0.285004 0.113599 0.302963
0 0.0369501 0.0625116 0.161635 0.0439517 0.153276 -0.0121991 0.0285918 0.00636079
0 0.212376 0.902973 0.318796 0.881532 0.30368 0.806506 0.19726 0.827948
0 0.528827 0.611378 0.530156 0.483785 0.401476 0.482444 0.400146 0.610037
0 0.535709 0.709819 0.536978 0.612987 0.431849 0.611609 0.43058 0.70844
0 0.631251 0.349788 0.719313 0.348883 0.718436 0.263555 0.630374 0.26446
0 0.243557 0.478535 0.307574 0.461547 0.276387 0.344025 0.21237 0.361013
0 0.299241 0.652401 0.360142 0.635166 0.328302 0.52266 0.267401 0.539895
0 0.924042 0.433948 1.00043 0.433205 0.999799 0.368321 0.923411 0.369063
0 0.368054 0.438623 0.423959 0.42028 0.389328 0.314737 0.333423 0.333081
0 0.547851 0.932495 0.549513 0.838356 0.442272 0.836463 0.44061 0.930602
0 0.625227 0.268894 0.737016 0.266944 0.735426 0.175798 0.623637 0.177748
0 0.917105 0.262821 1.00065 0.261733 0.999264 0.155507 0.915723 0.156595
0 0.281594 0.821283 0.359157 0.806933 0.339092 0.698476 0.261529 0.712825
0 0.101417 0.769203 0.107962 0.662833 -0.00242612 0.656041 -0.0089707 0.762411
0 0.964536 0.0522804 0.966353 2.57492e-05 0.915735 -0.00173431 0.913918 0.0505203
0 0.916645 0.0666269 0.918002 -0.000253826 0.844175 -0.00175253 0.842817 0.0651282
0 0.0576344 0.379225 0.0576802 0.301106 -0.0072491 0.301068 -0.00729493 0.379186
0 0.16892 0.503906 0.248413 0.479138 0.204188 0.337197 0.124695 0.361965
0 0.499062 0.244265 0.500078 0.136092 0.374793 0.134915 0.373777 0.243089
0 0.0157963 0.550803 0.110122 0.512818 0.077482 0.431766 -0.0168432 0.469751
0 0.36681 0.147501 0.505961 0.146654 0.505647 0.0950332 0.366496 0.0958806
0 0.682896 0.0987436 0.683178 0.0459119 0.618115 0.0455642 0.617832 0.0983958
0 -0.00306414 0.309275 0.0415044 0.309234 0.0414255 0.222903 -0.00314304 0.222943
0 0.311799 0.464473 0.373282 0.445548 0.336379 0.325657 0.274896 0.344582
0 0.441242 0.849346 0.554661 0.847682 0.553891 0.795212 0.440473 0.796875
0 0.503577 0.283551 0.504475 0.219587 0.380935 0.217851 0.380036 0.281814
0 0.997187 0.309013 0.998087 0.26053 0.933371 0.259328 0.932471 0.307811
0 0.768513 0.155226 0.768616 0.0896697 0.708433 0.0895758 0.70833 0.155132
0 0.699879 0.0517983 0.699966 0.000385497 0.608668 0.000231333 0.608581 0.0516441
0 0.352493 0.644836 0.43204 0.624345 0.404418 0.517116 0.324871 0.537607
0 0.779117 0.44968 0.779548 0.331487 0.635716 0.330962 0.635284 0.449155
0 0.465765 0.121582 0.503626 0.0299298 0.396038 -0.0145136 0.358177 0.0771387
0 0.821094 0.420686 0.896358 0.411959 0.890721 0.363341 0.815456 0.372068
0 0.0881048 0.850025 0.0961552 0.766873 4.2439e-05 0.757568 -0.00800798 0.84072
0 0.949148 0.982213 0.999367 0.979372 0.992747 0.862352 0.942527 0.865194
0 0.998083 0.0480619 0.999142 0.00210025 0.96267 0.00125982 0.961611 0.0472215
0 0.000393409 0.230826 0.0273151 0.230593 0.0267662 0.167219 -0.000155468 0.167452
0 0.533861 1.00632 0.535239 0.943161 0.407894 0.940381 0.406516 1.00354
0 0.109147 0.721615 0.16702 0.707209 0.133497 0.572541 0.0756235 0.586948
0 0.694608 0.0220274 0.739671 0.0218444 0.739578 -0.0010004 0.694515 -0.000817409
0 0.729993 0.0582285 0.830701 0.0568904 0.829897 -0.00366181 0.729189 -0.00232366
0 -0.00179526 0.175667 0.0159943 0.175498 0.0154838 0.121724 -0.00230575 0.121893
0 0.0141313 0.159325 0.0142129 0.107072 -0.00221024 0.107046 -0.00229181 0.159299
