0 -0.00427946 0.359236 0.0989024 0.357952 0.0973486 0.233141 -0.00583323 0.234426
0 0.742063 0.528679 0.770723 0.450337 0.639233 0.402232 0.610572 0.480574
0 0.661045 0.281866 0.661929 0.182782 0.539897 0.181693 0.539014 0.280778
0 0.541158 0.282545 0.545818 0.176051 0.473443 0.172884 0.468783 0.279378
0 0.393877 0.862381 0.395896 0.752134 0.268817 0.749808 0.266799 0.860055
0 0.107604 0.832243 0.193967 0.831891 0.193368 0.684935 0.107004 0.685288
0 0.68097 1.01299 0.805232 0.961772 0.736494 0.795011 0.612232 0.846231
0 0.845066 0.52166 0.993844 0.472634 0.956166 0.358293 0.807388 0.407319
0 0.173544 0.582713 0.189221 0.471599 0.0922332 0.457914 0.0765557 0.569028
0 0.780708 0.446995 0.798374 0.354968 0.66607 0.329571 0.648404 0.421598
0 0.393625 0.278767 0.4184 0.157195 0.196045 0.111881 0.171269 0.233452
0 0.156538 1.01266 0.166777 0.915459 0.0730506 0.905585 0.0628113 1.00278
0 0.221392 0.428945 0.223043 0.319299 0.115445 0.317679 0.113793 0.427324
0 0.563871 0.492703 0.568338 0.372023 0.467807 0.368302 0.46334 0.488982
0 0.703559 0.669424 0.7101 0.526452 0.589392 0.520929 0.58285 0.663901
0 0.426464 1.01724 0.56481 1.01629 0.564014 0.899461 0.425668 0.900403
0 0.147758 0.180219 0.171075 0.0579623 0.00538373 0.0263619 -0.0179329 0.148618
0 0.786174 0.405184 0.940354 0.362724 0.920379 0.290193 0.7662 0.332653
0 0.0932449 0.550013 0.104797 0.444558 0.0117237 0.434362 0.00017136 0.539817
0 0.621317 0.855887 0.7528 0.802715 0.713957 0.706664 0.582474 0.759836
0 0.465747 0.694292 0.488136 0.612841 0.351012 0.575149 0.328623 0.656599
0 0.810186 0.335011 0.916948 0.297864 0.886207 0.209511 0.779444 0.246658
0 0.461791 0.273529 0.471984 0.171713 0.425898 0.167099 0.415705 0.268915
0 0.717702 0.742682 0.71808 0.670798 0.589276 0.670121 0.588899 0.742006
0 0.963736 0.712709 1.05461 0.683363 0.994319 0.496683 0.903449 0.526029
0 0.114565 0.745582 0.114776 0.659744 0.0594526 0.659608 0.0592416 0.745446
0 0.407771 0.519895 0.412668 0.389817 0.283201 0.384943 0.278304 0.515021
0 0.378724 1.02634 0.384194 0.918665 0.239498 0.911314 0.234028 1.01899
0 0.911627 0.869975 1.01582 0.867291 1.01233 0.731792 0.908137 0.734476
0 0.658992 0.0904049 0.843596 0.0692245 0.831484 -0.0363459 0.64688 -0.0151655
0 0.744779 0.602851 0.757352 0.53902 0.652094 0.518288 0.639521 0.582119
0 0.735059 0.783359 0.735309 0.675316 0.585765 0.67497 0.585515 0.783013
0 0.0342247 0.739792 0.0489168 0.656494 0.000904214 0.648025 -0.0137878 0.731323
0 0.808315 1.05324 0.893233 0.978149 0.83854 0.916296 0.753623 0.991383
