0 0.47534 0.666323 0.575909 0.62584 0.549063 0.559149 0.448494 0.599631
0 0.448862 0.602022 0.55331 0.562536 0.534335 0.512342 0.429887 0.551827
0 0.845551 0.300153 0.860128 0.242378 0.804611 0.22837 0.790033 0.286145
0 0.453326 0.375922 0.509676 0.340273 0.462836 0.266233 0.406486 0.301881
0 0.748767 0.861007 0.872313 0.812599 0.850498 0.756922 0.726952 0.80533
0 0.682288 0.466025 0.686086 0.375652 0.589417 0.371589 0.585618 0.461962
0 0.790848 0.213187 0.835553 0.193164 0.802492 0.119347 0.757786 0.13937
0 1.00862 0.367119 1.01094 0.272414 0.914068 0.270038 0.911746 0.364744
0 0.824999 0.668454 0.972534 0.588577 0.919747 0.491078 0.772213 0.570955
0 0.633393 0.524829 0.726191 0.481488 0.704236 0.43448 0.611438 0.477821
0 0.417341 0.854935 0.536557 0.807763 0.507162 0.733474 0.387946 0.780646
0 0.0421593 0.617008 0.136398 0.574679 0.0773318 0.443176 -0.0169074 0.485504
0 0.454706 0.900021 0.559101 0.860104 0.536854 0.80192 0.432458 0.841838
0 0.380508 0.32422 0.391911 0.252657 0.318214 0.240914 0.306811 0.312477
0 0.0061166 0.939073 0.0948297 0.886469 0.0649075 0.836008 -0.0238056 0.888612
0 0.799253 0.915802 0.905081 0.874288 0.878673 0.806967 0.772845 0.84848
0 0.4466 0.470762 0.551793 0.4298 0.526712 0.365389 0.421519 0.406351
0 0.233831 0.762687 0.357605 0.715309 0.331678 0.647574 0.207903 0.694952
0 0.584217 0.261943 0.588619 0.163215 0.477732 0.158271 0.473331 0.256999
0 0.324187 0.67612 0.434676 0.626151 0.401807 0.553471 0.291318 0.603439
0 0.26694 0.326336 0.270856 0.233134 0.177732 0.229222 0.173816 0.322423
0 0.720653 0.438663 0.827945 0.408323 0.807792 0.337057 0.7005 0.367398
0 0.503101 0.720567 0.600915 0.680063 0.575986 0.619863 0.478173 0.660367
0 0.436513 0.39745 0.438583 0.304169 0.338088 0.301939 0.336018 0.39522
0 0.150706 0.672394 0.233714 0.646175 0.218901 0.599277 0.135893 0.625496
0 0.460095 0.944667 0.570144 0.900756 0.552397 0.856279 0.442348 0.90019
0 0.474039 0.199447 0.5825 0.156683 0.564903 0.112052 0.456442 0.154817
0 0.925973 0.870093 0.995839 0.817829 0.957206 0.766184 0.887339 0.818449
0 0.531689 0.342487 0.644149 0.293777 0.611116 0.217512 0.498656 0.266222
0 0.803796 0.571937 0.873775 0.509474 0.81695 0.44581 0.746971 0.508273
0 0.214403 0.385934 0.304685 0.353479 0.28483 0.298248 0.194548 0.330703
0 0.287248 0.247769 0.37778 0.214508 0.35827 0.161404 0.267738 0.194665
0 0.517277 0.998715 0.593854 0.957958 0.560678 0.895626 0.484102 0.936382
0 0.0234799 0.725701 0.104698 0.694323 0.066029 0.594231 -0.0151896 0.625608
0 0.943917 0.173395 0.95417 0.0728386 0.845193 0.0617273 0.83494 0.162283
0 0.620835 0.968692 0.733444 0.921639 0.695343 0.830454 0.582734 0.877507
0 0.45445 0.163197 0.561587 0.117767 0.543747 0.0756953 0.43661 0.121125
0 0.801023 0.306546 0.804541 0.257831 0.755652 0.254301 0.752134 0.303015
0 0.722122 0.770242 0.83545 0.731121 0.818945 0.683309 0.705617 0.72243
0 0.367447 0.801532 0.506556 0.743918 0.462935 0.638596 0.323826 0.69621
0 0.726773 0.259347 0.73673 0.167667 0.638327 0.156979 0.62837 0.24866
0 0.587885 0.394985 0.666154 0.364172 0.648432 0.319155 0.570163 0.349968
0 0.859356 0.979616 0.929226 0.933308 0.887622 0.870536 0.817753 0.916844
0 0.83272 0.195206 0.876187 0.17533 0.844522 0.106084 0.801055 0.125961
0 0.755822 0.230087 0.795486 0.21266 0.764689 0.142567 0.725024 0.159994
0 0.425567 0.556101 0.539048 0.52232 0.51376 0.437373 0.400279 0.471154
0 0.683867 0.342994 0.769673 0.311888 0.753897 0.268371 0.668091 0.299477
0 0.655378 1.02874 0.749489 0.979463 0.712453 0.908733 0.618341 0.958013
0 0.53291 0.413515 0.585409 0.412908 0.584786 0.359003 0.532287 0.35961
0 0.639627 0.0840018 0.643777 -0.00270019 0.551123 -0.00713438 0.546973 0.0795676
0 0.283362 0.544968 0.389885 0.504708 0.365419 0.439975 0.258896 0.480235
0 1.00132 0.972495 1.01408 0.907265 0.955372 0.895781 0.942612 0.961011
0 0.157069 0.536037 0.269 0.487103 0.237745 0.415611 0.125814 0.464545
0 0.838607 0.0981937 0.924812 0.0514263 0.88449 -0.022899 0.798285 0.0238684
0 0.715322 0.729946 0.81785 0.689389 0.786476 0.610074 0.683947 0.650631
0 0.408452 0.12027 0.535398 0.0501358 0.488055 -0.0355565 0.361109 0.0345776
0 0.922529 0.283024 1.00451 0.264476 0.993553 0.216027 0.911568 0.234576
0 0.0190177 1.02564 0.13378 0.958681 0.103714 0.907149 -0.0110478 0.974105
0 0.740525 0.484125 0.819127 0.464976 0.807558 0.417491 0.728956 0.436641
0 0.311737 0.48672 0.347659 0.401001 0.262484 0.365306 0.226561 0.451025
0 0.650895 0.551353 0.739389 0.515005 0.723836 0.477141 0.635343 0.513489
0 0.145046 0.69226 0.148475 0.63844 0.0975567 0.635195 0.0941272 0.689016
0 0.700133 0.37326 0.791376 0.342443 0.777239 0.300585 0.685995 0.331402
0 0.665927 0.58456 0.753601 0.554924 0.739006 0.511744 0.651332 0.54138
0 0.694032 0.643995 0.780811 0.610798 0.756096 0.546193 0.669318 0.57939
0 0.611492 0.789157 0.614442 0.721012 0.541661 0.717861 0.53871 0.786006
0 0.566247 0.845731 0.650205 0.813603 0.631343 0.764311 0.547385 0.79644
0 0.877665 0.286554 0.920589 0.248185 0.877034 0.19946 0.83411 0.23783
0 0.737025 0.232594 0.782194 0.214697 0.758209 0.154166 0.713041 0.172063
0 0.324319 0.56971 0.402722 0.550095 0.390439 0.501 0.312036 0.520615
0 0.974662 0.929899 1.0256 0.854242 0.962266 0.811599 0.911326 0.887256
0 0.312952 0.214427 0.363154 0.13586 0.267172 0.0745293 0.216969 0.153097
0 0.733174 0.800508 0.845551 0.763405 0.832373 0.723494 0.719997 0.760597
0 0.582642 0.881173 0.659178 0.852856 0.642989 0.809102 0.566453 0.837418
0 0.72609 0.0949533 0.727676 0.0352436 0.663912 0.0335496 0.662325 0.0932593
0 0.498647 0.336372 0.539399 0.315791 0.509731 0.257046 0.468979 0.277626
0 0.0816236 0.646443 0.171697 0.61641 0.15463 0.565225 0.064557 0.595258
0 0.907668 0.255301 0.994034 0.221229 0.972301 0.166139 0.885934 0.200211
0 0.624555 0.199517 0.697993 0.148169 0.651661 0.0819052 0.578223 0.133253
0 0.145692 0.264514 0.226776 0.209896 0.104848 0.0288853 0.0237637 0.0835036
0 0.300062 0.262327 0.381844 0.242812 0.373744 0.208869 0.291963 0.228384
0 0.189575 1.02533 0.440512 0.942265 0.397097 0.811118 0.14616 0.894189
0 0.190551 0.0923395 0.310398 0.0281284 0.266283 -0.054209 0.146436 0.010002
0 0.0106296 0.490914 0.0860869 0.45936 0.0302741 0.325889 -0.0451831 0.357442
0 0.925009 1.02631 0.945609 0.955877 0.871107 0.934086 0.850507 1.00451
0 0.896578 0.784541 1.00555 0.697731 0.944795 0.621472 0.835826 0.708282
0 0.169038 0.718386 0.245137 0.687044 0.2269 0.642764 0.150801 0.674105
0 0.19093 0.609012 0.33104 0.561871 0.314084 0.511473 0.173973 0.558613
0 1.00823 0.802564 1.00858 0.735403 0.96174 0.735157 0.961388 0.802318
0 0.00902692 0.222944 0.0659549 0.187816 0.0125898 0.101333 -0.0443382 0.136461
0 0.856149 0.381667 0.923378 0.344144 0.898835 0.300171 0.831606 0.337695
0 0.941499 0.041054 1.00563 0.0399041 1.00485 -0.00383015 0.940715 -0.00268028
0 1.00213 0.998833 1.00282 0.962719 0.970996 0.962109 0.970304 0.998223
0 0.242283 1.01367 0.331436 0.997223 0.326658 0.971326 0.237505 0.987775
0 0.048802 0.875085 0.0575655 0.790514 -0.0186871 0.782613 -0.0274505 0.867184
0 0.958959 0.0776153 1.0051 0.076189 1.00344 0.0225173 0.957299 0.0239436
0 0.525327 0.751562 0.618188 0.712594 0.602111 0.674283 0.50925 0.71325
0 0.998753 0.708802 1.03193 0.637945 0.981243 0.614212 0.948066 0.685069
0 0.2306 0.417917 0.31698 0.390307 0.304164 0.350209 0.217783 0.377818
0 0.183478 0.574673 0.306825 0.529396 0.289344 0.481772 0.165997 0.527049
0 0.25891 0.135905 0.290622 0.0631321 0.225035 0.0345517 0.193323 0.107325
0 0.783097 0.0304966 0.857834 0.0259779 0.856009 -0.00421057 0.781272 0.000308082
0 0.761635 0.0555755 0.780453 -0.00639091 0.716805 -0.0257193 0.697987 0.0362471
0 0.369963 1.01244 0.38117 0.961124 0.328944 0.949717 0.317737 1.00103
0 0.869415 0.730295 0.974909 0.648842 0.933249 0.594886 0.827755 0.676339
0 0.193435 0.604276 0.274472 0.583233 0.262621 0.537593 0.181583 0.558637
0 0.968666 0.126431 1.00552 0.125469 1.00374 0.0575135 0.966892 0.0584755
0 0.14631 0.0952144 0.155107 0.0350672 0.0948858 0.0262603 0.0860896 0.0864075
0 0.0634329 1.00838 0.14684 1.00241 0.14363 0.957562 0.0602228 0.963531
0 -0.00558652 0.878121 0.0343497 0.87622 0.0312905 0.811947 -0.0086457 0.813848
0 0.586125 0.128237 0.672978 0.0928073 0.657743 0.0554593 0.570889 0.0908893
0 0.134996 0.583293 0.183385 0.561821 0.135752 0.454476 0.0873641 0.475947
0 -0.00313917 0.057547 0.0953729 0.0537474 0.0928554 -0.0115259 -0.00565673 -0.00772631
0 0.520575 1.01649 0.60819 1.01459 0.60691 0.955624 0.519295 0.957525
0 0.952307 0.108464 1.00742 0.105583 1.00313 0.0234079 0.948011 0.0262891
0 0.80998 0.0378881 0.875692 0.00465254 0.856015 -0.0342532 0.790302 -0.00101763
0 0.536577 0.0170648 0.572123 0.0160856 0.571589 -0.00331148 0.536042 -0.00233226
0 0.17069 1.01849 0.22591 0.995309 0.178187 0.88164 0.122967 0.904824
0 0.832982 1.00479 0.87064 1.00303 0.869535 0.979285 0.831877 0.981037
0 0.166873 0.252184 0.248183 0.222334 0.234006 0.183715 0.152696 0.213565
0 0.702884 0.0490147 0.704532 -0.00917486 0.626604 -0.0113826 0.624955 0.0468069
0 0.3546 0.0403175 0.414504 0.0383538 0.413009 -0.00724104 0.353105 -0.00527732
