0 0.101346 0.986279 0.133071 0.914642 0.0034834 0.857254 -0.0282414 0.928891
0 0.922998 1.03662 0.988121 0.85199 0.836028 0.798343 0.770906 0.982968
0 0.98207 0.351726 1.03798 0.205663 0.971401 0.180177 0.91549 0.326241
0 0.916772 0.327811 0.973686 0.173178 0.897613 0.145178 0.840698 0.299811
0 0.258238 1.05883 0.292175 0.980633 0.107671 0.900558 0.0737339 0.978753
0 0.045878 0.547309 0.0675107 0.48299 0.0111936 0.464049 -0.0104391 0.528368
0 0.148351 0.486404 0.161749 0.406365 0.100958 0.396188 0.0875593 0.476227
0 0.673228 0.806364 0.677285 0.730521 0.609222 0.726881 0.605165 0.802723
0 0.496058 0.395091 0.51564 0.318179 0.462413 0.304627 0.442831 0.381539
0 0.212186 0.541023 0.219762 0.456305 0.145209 0.449638 0.137633 0.534356
0 0.628374 0.906353 0.635196 0.805083 0.538934 0.798598 0.532111 0.899868
0 1.0007 0.6647 1.00735 0.523342 0.960406 0.521134 0.953757 0.662492
0 0.846071 0.296862 0.900837 0.149408 0.812964 0.116771 0.758197 0.264224
0 0.977769 0.622409 0.999943 0.503631 0.865175 0.478472 0.843001 0.59725
0 0.600082 0.76303 0.62258 0.686454 0.559263 0.667852 0.536765 0.744428
0 0.96832 0.603483 0.996598 0.518945 0.937246 0.499092 0.908968 0.58363
0 0.753442 0.123652 0.754271 0.0148092 0.693619 0.0143471 0.692789 0.12319
0 0.232504 0.915679 0.291469 0.713043 0.165431 0.676368 0.106467 0.879004
0 0.995606 0.992247 1.00835 0.928424 0.95132 0.917031 0.938571 0.980854
0 0.569023 0.456469 0.578292 0.367141 0.500671 0.359087 0.491402 0.448415
0 1.00252 0.197472 1.01148 0.136375 0.964286 0.129452 0.955324 0.190549
0 1.00985 0.751265 1.02681 0.657896 0.954624 0.644779 0.937659 0.738148
0 0.998141 0.0476505 1.00169 -0.00253864 0.905094 -0.00937605 0.901541 0.0408131
0 0.391996 0.531014 0.396432 0.476104 0.328765 0.470638 0.324329 0.525547
0 0.988922 0.0755093 0.992223 -0.0109586 0.861322 -0.0159562 0.85802 0.0705117
0 0.171608 0.583727 0.180343 0.515244 0.107006 0.50589 0.0982708 0.574373
0 0.347713 1.01136 0.351292 0.957486 0.263579 0.95166 0.260001 1.00554
0 0.303618 0.497045 0.399235 0.466229 0.37928 0.404313 0.283663 0.435128
0 0.54024 0.885077 0.554117 0.824272 0.503616 0.812747 0.489739 0.873551
0 0.031225 0.145494 0.0815575 0.130218 0.0495848 0.0248734 -0.000747759 0.0401496
0 0.847072 1.01126 0.84943 0.954456 0.731432 0.949559 0.729075 1.00636
0 0.926493 1.01056 0.976582 0.89596 0.92829 0.874853 0.878201 0.989453
0 -0.00137775 0.233707 0.021737 0.233498 0.0210372 0.156319 -0.00207755 0.156529
