0 0.0653194 0.176899 0.118952 0.0428938 0.0465305 0.0265899 -0.00710166 0.160595
0 0.546615 0.280146 0.606649 0.164166 0.503677 0.134185 0.443643 0.250164
0 0.348147 0.215081 0.367825 0.10236 0.247199 0.090515 0.227521 0.203235
0 0.435748 0.835851 0.462631 0.79207 0.336762 0.748595 0.309879 0.792376
0 0.298162 0.349863 0.332655 0.230613 0.202867 0.209496 0.168375 0.328747
0 0.587316 0.828084 0.607198 0.770543 0.471745 0.744217 0.451863 0.801758
0 0.218209 0.577926 0.241617 0.485283 0.102054 0.465447 0.0786456 0.55809
0 0.39914 0.886367 0.43126 0.830031 0.302666 0.78879 0.270546 0.845126
0 0.726821 0.405554 0.850719 0.248548 0.729372 0.194684 0.605474 0.35169
0 0.0960004 0.361278 0.110339 0.309838 0.00734895 0.293689 -0.00698981 0.345129
0 0.266926 0.390749 0.281372 0.341467 0.165349 0.322338 0.150903 0.37162
0 0.526452 0.402853 0.569936 0.314879 0.45283 0.28232 0.409346 0.370294
0 0.557113 0.0631049 0.566536 -0.000254571 0.479994 -0.00749463 0.47057 0.0558648
0 0.456743 0.24561 0.490822 0.140842 0.439885 0.131522 0.405806 0.23629
0 0.0633569 0.435883 0.10088 0.361782 0.0388902 0.344125 0.00136702 0.418226
0 0.260351 0.800024 0.280834 0.716613 0.15057 0.698619 0.130087 0.78203
0 0.393415 0.952586 0.426446 0.89234 0.259424 0.84083 0.226393 0.901077
0 0.451612 0.790723 0.485773 0.735375 0.366062 0.693815 0.331901 0.749163
0 0.334557 0.644889 0.433474 0.509733 0.353813 0.476938 0.254896 0.612095
0 0.276566 0.605361 0.288178 0.547258 0.215389 0.539075 0.203778 0.597178
0 0.231481 0.483148 0.252218 0.381375 0.130124 0.367381 0.109386 0.469153
0 0.413677 0.231396 0.450359 0.125042 0.379913 0.111374 0.34323 0.217729
0 0.340376 0.642387 0.398183 0.555571 0.316455 0.52496 0.258648 0.611776
0 0.825208 0.14495 0.89423 0.0142531 0.78665 -0.0177044 0.717628 0.112992
0 0.294778 0.738218 0.329718 0.670745 0.167914 0.623614 0.132975 0.691087
0 0.114025 0.73165 0.169304 0.606567 0.0668423 0.581096 0.0115628 0.706179
0 0.399972 0.565389 0.427805 0.499455 0.341113 0.47887 0.31328 0.544804
0 0.453898 0.493319 0.511595 0.412798 0.345741 0.345949 0.288044 0.42647
0 0.121786 0.30548 0.160157 0.210882 0.079126 0.192394 0.0407553 0.286992
0 0.177858 0.208772 0.211756 0.0722353 0.103714 0.0571471 0.0698163 0.193684
0 0.0438816 0.507355 0.0653367 0.419115 -0.00378936 0.409661 -0.0252445 0.497901
0 0.337593 0.982451 0.363289 0.936025 0.23065 0.894729 0.204953 0.941155
0 0.569763 0.324636 0.670658 0.19129 0.609951 0.165452 0.509056 0.298798
0 0.83302 0.137672 0.862875 0.0628956 0.746707 0.0368067 0.716852 0.111583
0 0.0475296 0.131743 0.0705413 0.0216845 0.0194889 0.0156801 -0.00352276 0.125739
0 0.0311989 0.136535 0.0501187 0.0261816 -0.00842902 0.0205353 -0.0273489 0.130889
0 0.31257 1.02357 0.336771 0.970904 0.244288 0.946998 0.220087 0.999662
0 0.0759501 0.713448 0.111535 0.599089 0.053469 0.588926 0.0178839 0.703285
0 0.495163 0.907367 0.511201 0.854506 0.439958 0.842348 0.42392 0.895209
0 0.48455 0.0391805 0.485922 -0.00371465 0.356981 -0.00603438 0.355609 0.0368608
0 0.748461 0.108669 0.786582 -0.00644569 0.572583 -0.046309 0.534462 0.0688058
0 1.00352 0.22464 1.07427 0.141459 0.867348 0.0424479 0.796591 0.125629
0 0.876476 0.0797103 0.905123 0.0223745 0.784355 -0.0115665 0.755709 0.0457694
0 0.990187 0.139033 1.03424 0.0875295 0.895671 0.0208539 0.851615 0.0723575
0 0.472017 0.465214 0.51555 0.396214 0.375659 0.346568 0.332126 0.415568
0 0.415317 0.43848 0.454363 0.369147 0.333703 0.330925 0.294658 0.400259
0 0.0196131 0.600486 0.0214786 0.545856 -0.00123247 0.54542 -0.00309799 0.600049
