0 0.424376 0.98227 0.529437 0.96282 0.517561 0.898668 0.4125 0.918118
0 0.81738 0.437818 1.01636 0.403186 1.00215 0.321506 0.803164 0.356138
0 0.789605 0.557887 0.97818 0.530151 0.96757 0.458016 0.778996 0.485751
0 0.330056 0.565803 0.330745 0.483347 0.248653 0.482661 0.247964 0.565117
0 0.589805 0.643365 0.767894 0.604652 0.74984 0.521598 0.571751 0.56031
0 0.606242 0.940899 0.68475 0.940475 0.684402 0.875882 0.605894 0.876305
0 0.856749 0.866125 0.973666 0.864153 0.972718 0.807889 0.8558 0.80986
0 0.429888 0.987959 0.430131 0.924402 0.356032 0.924119 0.355789 0.987676
0 0.246694 0.701225 0.365726 0.678062 0.353792 0.616732 0.234759 0.639895
0 0.147843 0.728373 0.268317 0.704036 0.255112 0.638667 0.134638 0.663003
0 0.590542 0.660183 0.591986 0.575422 0.50553 0.573949 0.504087 0.65871
0 0.347923 0.690283 0.434354 0.689628 0.433711 0.604849 0.34728 0.605505
0 0.259014 1.0115 0.368755 0.995061 0.358843 0.928896 0.249102 0.945336
0 0.133652 0.397268 0.30766 0.266058 0.26476 0.209165 0.090752 0.340374
0 0.329615 0.556486 0.438828 0.521407 0.412278 0.438746 0.303064 0.473825
0 0.875893 0.241116 1.03756 0.180105 1.00827 0.102477 0.846598 0.163488
0 0.515381 0.679701 0.516144 0.587487 0.424674 0.58673 0.423911 0.678944
0 0.724008 0.460708 0.845687 0.436177 0.831156 0.364094 0.709476 0.388624
0 0.128926 0.617704 0.269971 0.564013 0.248955 0.508803 0.107909 0.562494
0 0.0406412 0.78016 0.118173 0.778694 0.11638 0.68383 0.0388485 0.685295
0 0.845343 0.722506 1.01622 0.693357 1.00326 0.617395 0.832385 0.646544
0 0.678524 0.930854 0.790976 0.916586 0.783492 0.857601 0.67104 0.871869
0 -0.00435699 0.992511 0.0376406 0.992402 0.0375041 0.940034 -0.00449345 0.940144
0 0.164329 1.01058 0.267393 0.999635 0.262522 0.953774 0.159458 0.96472
0 0.40562 0.403897 0.591682 0.328424 0.558592 0.246847 0.37253 0.32232
0 0.521359 0.961595 0.615351 0.943995 0.60342 0.88028 0.509429 0.89788
0 0.352761 0.269781 0.453677 0.0637984 0.386567 0.0309194 0.285651 0.236902
0 0.0822758 0.87607 0.102729 0.812226 0.0384985 0.791648 0.0180448 0.855492
0 0.0568698 0.657614 0.0574231 0.549301 -0.0188156 0.548912 -0.0193689 0.657224
0 0.605624 0.485002 0.744071 0.449039 0.729634 0.393462 0.591187 0.429425
0 0.837731 0.173652 1.03354 0.0968552 1.00106 0.01405 0.805254 0.0908469
0 0.0630368 0.814522 0.0655669 0.718208 -0.00596609 0.716329 -0.00849619 0.812643
0 0.705707 0.264025 0.877451 0.171735 0.832294 0.0877018 0.66055 0.179992
0 0.594115 0.639339 0.641455 0.626935 0.621998 0.55268 0.574659 0.565083
0 0.889112 0.663142 0.897755 0.571578 0.820299 0.564266 0.811656 0.65583
0 0.689945 0.718216 0.799349 0.685814 0.775625 0.605712 0.666221 0.638114
0 0.81144 0.607978 0.879545 0.605867 0.877532 0.540905 0.809427 0.543015
0 0.274641 0.922763 0.278101 0.820973 0.151483 0.81667 0.148023 0.918459
0 0.297269 0.28189 0.34129 0.24547 0.291315 0.185066 0.247294 0.221487
0 0.34503 0.246507 0.375276 0.180383 0.318242 0.154294 0.287995 0.220417
0 0.805504 0.0943467 0.958145 0.0114997 0.923891 -0.0516111 0.77125 0.031236
0 0.413527 0.148809 0.43867 0.065607 0.37939 0.0476925 0.354247 0.130894
0 0.626104 0.333985 0.725505 0.245842 0.663876 0.176342 0.564475 0.264485
