0 0.711732 0.60537 0.720202 0.464259 0.625525 0.454156 0.617055 0.595267
0 0.695306 0.721769 0.700646 0.593642 0.60675 0.586685 0.60141 0.714812
0 0.553617 0.208278 0.561914 0.0924427 0.483066 0.082402 0.474769 0.198238
0 0.652728 0.280621 0.670219 0.127067 0.576382 0.108066 0.558891 0.26162
0 0.730622 0.480276 0.742963 0.387042 0.646731 0.364396 0.63439 0.457629
0 0.60135 0.415032 0.624507 0.263268 0.552396 0.243707 0.529239 0.395471
0 0.585428 0.570558 0.61215 0.408257 0.526616 0.383221 0.499894 0.545522
0 0.436798 0.246447 0.487767 0.0524935 0.364416 -0.00513457 0.313447 0.188819
0 0.490982 0.48647 0.517565 0.308187 0.452906 0.291047 0.426323 0.46933
0 0.771965 0.72093 0.789709 0.617465 0.7536 0.606456 0.735856 0.70992
0 0.556124 0.735699 0.585441 0.555897 0.496707 0.530175 0.467389 0.709978
0 0.244599 1.00139 0.347159 1.00034 0.34668 0.916444 0.24412 0.917486
0 0.242558 0.647029 0.261272 0.528169 0.161203 0.50016 0.142489 0.61902
0 0.0733408 0.59653 0.079209 0.497561 0.000213198 0.489234 -0.00565509 0.588203
0 0.39763 0.547209 0.408726 0.447488 0.363264 0.438495 0.352168 0.538216
0 0.445999 0.714629 0.490784 0.465886 0.424834 0.444777 0.380049 0.69352
0 0.125389 0.612457 0.139444 0.521261 0.0775527 0.504303 0.0634973 0.595499
0 0.565138 0.981193 0.569599 0.733144 0.447201 0.72923 0.44274 0.97728
0 0.278082 0.558275 0.299762 0.487655 0.194673 0.430301 0.172994 0.500921
0 0.172966 0.518406 0.179616 0.385304 0.0862983 0.377015 0.0796475 0.510117
0 0.224413 0.340833 0.266928 0.133209 0.199969 0.108833 0.157454 0.316458
0 0.763826 0.403326 0.771973 0.34914 0.656911 0.318383 0.648763 0.37257
0 0.746599 0.81451 0.749248 0.731627 0.621149 0.724348 0.6185 0.807232
0 0.763562 0.409317 0.835299 0.102872 0.729948 0.0590279 0.658211 0.365473
0 0.665398 1.00479 0.666145 0.95072 0.580067 0.948606 0.57932 1.00267
0 0.2074 0.387096 0.214445 0.316472 0.161101 0.307013 0.154057 0.377636
0 -0.00102029 0.161838 0.0475878 0.160955 0.0463784 0.0426074 -0.00222977 0.0434905
0 0.353406 0.688483 0.362673 0.566143 0.27751 0.554675 0.268244 0.677015
0 0.0472933 0.780576 0.0765342 0.693298 0.0374847 0.670039 0.00824381 0.757317
0 0.246943 0.780239 0.277064 0.672323 0.128784 0.598746 0.0986628 0.706661
0 0.562107 0.774791 0.566481 0.712837 0.47103 0.700859 0.466657 0.762812
0 0.0267344 0.883776 0.0625901 0.766811 0.00795371 0.737036 -0.027902 0.854
0 0.166071 0.930371 0.167608 0.83839 0.101983 0.836441 0.100446 0.928422
0 0.16184 0.827649 0.189917 0.738358 0.106059 0.691481 0.0779824 0.780772
0 0.449619 1.00128 0.554425 1.00091 0.554353 0.964637 0.449547 0.965008
0 0.992687 0.973125 1.0029 0.899235 0.956062 0.88773 0.945852 0.961619
0 -0.000608686 0.218372 0.0487364 0.217623 0.0481878 0.153367 -0.00115722 0.154115
0 0.805055 0.0893672 0.829633 -0.0076784 0.745011 -0.0457782 0.720433 0.0512674
0 0.0502784 0.672836 0.0552648 0.585575 -0.00212485 0.579745 -0.00711125 0.667006
0 1.00095 0.883151 1.01072 0.788966 0.97725 0.782791 0.967475 0.876976
0 0.15995 0.51835 0.168059 0.431962 0.0916618 0.419213 0.0835525 0.505601
0 0.510864 0.358653 0.532026 0.252846 0.471065 0.231171 0.449903 0.336978
0 0.0962329 1.03588 0.231351 1.00728 0.22103 0.920593 0.0859113 0.949193
0 0.100284 0.949456 0.107691 0.865851 0.0412952 0.855395 0.0338888 0.938999
0 0.349946 0.925794 0.413515 0.925328 0.412942 0.786509 0.349373 0.786975
0 0.0332255 1.02004 0.11069 0.997136 0.101119 0.939581 0.0236541 0.962483
0 0.474405 0.575008 0.487436 0.467987 0.426573 0.454813 0.413542 0.561833
0 0.76317 0.736787 0.770509 0.684898 0.727549 0.674096 0.72021 0.725985
0 0.986408 0.619162 0.990498 0.545683 0.937517 0.540441 0.933428 0.613919
0 0.426405 0.801133 0.429309 0.688356 0.356598 0.685027 0.353694 0.797804
0 0.0302095 0.745657 0.031306 0.663746 -0.00986566 0.662766 -0.0109622 0.744677
0 0.179444 0.190768 0.18127 0.101406 0.118156 0.0991123 0.116329 0.188474
0 0.255294 0.813152 0.28387 0.698658 0.221444 0.670959 0.192867 0.785452
0 0.304415 0.890622 0.32049 0.783302 0.259664 0.767105 0.243589 0.874425
0 0.0243808 0.922443 0.0250949 0.859318 -0.00235835 0.858766 -0.00307245 0.921891
0 0.853244 0.143749 0.87606 0.0893186 0.804857 0.0362588 0.782041 0.0906896
0 0.312606 0.505485 0.336585 0.413912 0.239 0.368485 0.215022 0.460059
0 0.354714 0.510389 0.36032 0.431926 0.307647 0.425236 0.302041 0.5037
0 0.203811 0.912557 0.206568 0.827561 0.157139 0.82471 0.154381 0.909706
0 0.241049 0.487668 0.268431 0.377154 0.220235 0.355926 0.192854 0.466439
0 0.268968 0.662093 0.29183 0.559179 0.250887 0.543009 0.228025 0.645924
0 0.0308979 0.221475 0.107597 0.221003 0.107272 0.127064 0.0305725 0.127536
0 0.264454 0.913856 0.270383 0.839847 0.185927 0.827819 0.179998 0.901828
0 0.676769 0.731662 0.679672 0.685076 0.603675 0.676655 0.600771 0.723241
