0 0.569063 0.971207 0.703701 0.949489 0.690094 0.865131 0.555456 0.886849
0 0.439652 0.423678 0.44407 0.309167 0.329629 0.304751 0.325211 0.419262
0 0.672817 0.550156 0.789667 0.548659 0.788177 0.432381 0.671327 0.433878
0 0.341764 1.01274 0.491017 0.994096 0.480496 0.909865 0.331243 0.928508
0 0.329052 0.600371 0.486549 0.576127 0.472941 0.487727 0.315445 0.511971
0 0.774762 0.52082 1.0196 0.479114 1.00088 0.369219 0.756043 0.410925
0 0.687131 0.944917 0.817215 0.923612 0.804626 0.846747 0.674542 0.868052
0 0.903398 0.902605 1.00126 0.901302 1.00012 0.815361 0.902254 0.816664
0 0.800186 0.919407 0.912078 0.917796 0.910857 0.833077 0.798966 0.834689
0 0.679311 0.581448 0.695585 0.454968 0.571375 0.438986 0.555101 0.565467
0 0.473466 0.985301 0.571607 0.984808 0.571168 0.897536 0.473027 0.89803
0 0.433766 0.395781 0.582692 0.370146 0.565056 0.267693 0.41613 0.293329
0 0.464623 0.591017 0.580069 0.589001 0.578023 0.47186 0.462578 0.473876
0 0.214968 1.01303 0.351705 1.00059 0.346057 0.938509 0.20932 0.950951
0 0.172576 0.200676 0.407939 0.0268119 0.351453 -0.0496557 0.116089 0.124208
0 0.188772 0.634484 0.352595 0.608786 0.338826 0.521011 0.175004 0.546709
0 0.0704651 0.723713 0.174377 0.70282 0.146815 0.565737 0.0429028 0.58663
0 0.169637 0.490612 0.360782 0.412361 0.329724 0.336494 0.138579 0.414744
0 0.0289755 0.820616 0.127976 0.819876 0.127364 0.737998 0.0283632 0.738739
0 0.543127 0.212467 0.790267 0.10869 0.74274 -0.00449463 0.495599 0.0992822
0 0.810328 0.313095 0.996968 0.269837 0.978745 0.191213 0.792105 0.23447
0 0.910483 0.606339 1.0102 0.605176 1.00889 0.493195 0.909177 0.494358
0 -0.00376252 0.990181 0.050513 0.98827 0.048092 0.919512 -0.00618349 0.921423
0 0.0725716 0.550485 0.103536 0.419759 -0.0163936 0.391353 -0.0473575 0.522079
0 0.0743994 0.721141 0.0750337 0.619246 -0.00322287 0.618759 -0.00385723 0.720654
0 0.0565515 0.834324 0.0603748 0.765252 -0.00382665 0.761698 -0.00764992 0.83077
0 0.972986 0.269058 1.01385 0.264897 1.00417 0.169788 0.963304 0.173949
0 0.287904 0.0966271 0.396433 0.0398611 0.358694 -0.0322912 0.250165 0.0244749
0 0.285939 0.459481 0.363447 0.418443 0.320569 0.337459 0.243061 0.378497
0 0.747904 0.0835564 0.795284 0.0718342 0.775735 -0.00718247 0.728355 0.00453976
