0 0.926226 0.922894 0.92645 0.830159 0.826381 0.829918 0.826157 0.922653
0 0.115756 0.943411 0.219304 0.943075 0.219041 0.861908 0.115492 0.862244
0 0.388881 0.332803 0.400303 0.24677 0.335539 0.238172 0.324117 0.324205
0 0.144331 0.377327 0.144787 0.287822 0.0582246 0.287382 0.0577688 0.376887
0 0.937875 0.755207 0.939072 0.635963 0.813449 0.634702 0.812252 0.753946
0 0.786636 0.554532 0.927057 0.553098 0.926282 0.477221 0.785861 0.478655
0 0.199637 0.870659 0.201633 0.755066 0.112078 0.753519 0.110082 0.869112
0 0.363504 0.841179 0.454867 0.84116 0.454846 0.740218 0.363483 0.740238
0 0.263341 0.699898 0.26371 0.588122 0.160304 0.587782 0.159935 0.699558
0 0.251897 0.332718 0.332142 0.332674 0.332095 0.246573 0.25185 0.246617
0 0.367352 0.845797 0.367433 0.746535 0.272459 0.746458 0.272378 0.845719
0 0.837378 0.997292 0.945797 0.996251 0.94503 0.91646 0.836612 0.917502
0 0.791445 0.484761 0.927194 0.475822 0.922564 0.405513 0.786816 0.414452
0 0.506076 0.689493 0.507021 0.592437 0.413295 0.591524 0.412349 0.68858
0 0.579901 0.519864 0.580282 0.45171 0.514455 0.451343 0.514074 0.519496
0 0.478166 0.600044 0.479946 0.489878 0.367466 0.48806 0.365686 0.598227
0 0.889923 0.41911 0.890734 0.309454 0.760641 0.308492 0.75983 0.418148
0 0.600456 0.880671 0.731696 0.87847 0.729489 0.746912 0.598249 0.749113
0 0.274 0.84896 0.274389 0.752401 0.193202 0.752074 0.192813 0.848633
0 0.154212 0.561047 0.249526 0.541453 0.223185 0.413318 0.127871 0.432912
0 0.572006 0.330243 0.635925 0.295135 0.576666 0.187242 0.512747 0.22235
0 0.0408809 0.704366 0.15487 0.704138 0.15461 0.57402 0.0406209 0.574247
0 0.797499 0.635259 0.934806 0.633712 0.933843 0.548258 0.796536 0.549805
0 0.317633 0.151433 0.31854 0.0147594 0.160741 0.013713 0.159835 0.150387
0 0.639637 0.688049 0.728974 0.677833 0.711414 0.524279 0.622077 0.534495
0 0.31165 0.691768 0.377854 0.686258 0.369187 0.58212 0.302983 0.587629
0 0.609017 0.428155 0.68041 0.400531 0.636043 0.285866 0.56465 0.313491
0 0.149307 0.366482 0.207781 0.353168 0.186008 0.257541 0.127534 0.270854
0 0.612999 0.542827 0.703706 0.542424 0.703255 0.440841 0.612548 0.441244
0 0.202869 0.357293 0.265142 0.345325 0.245937 0.245397 0.183664 0.257365
0 0.588281 0.684816 0.648052 0.655861 0.606854 0.570817 0.547083 0.599771
0 0.100251 0.556752 0.154853 0.552737 0.14621 0.435185 0.0916076 0.4392
0 0.454638 0.846859 0.533194 0.833247 0.514806 0.727133 0.43625 0.740745
0 0.0590709 0.358315 0.0605723 0.279771 -0.00200489 0.278574 -0.00350636 0.357119
0 0.107987 1.00449 0.216846 1.00392 0.216525 0.942374 0.107667 0.94294
0 0.273014 0.499369 0.325313 0.492516 0.312311 0.393286 0.260012 0.400139
0 0.505413 0.466872 0.60093 0.419366 0.574686 0.366598 0.479169 0.414104
0 0.380325 0.487147 0.387782 0.391786 0.313709 0.385993 0.306252 0.481355
0 0.934532 0.183959 1.02221 0.136273 0.946998 -0.00201386 0.85932 0.0456722
0 0.859336 0.218514 0.938613 0.161541 0.859549 0.0515252 0.780272 0.108499
0 0.382698 0.530068 0.462154 0.454638 0.416529 0.406578 0.337073 0.482008
0 0.260596 0.687769 0.315551 0.682961 0.306915 0.584261 0.251961 0.58907
0 0.524089 0.835008 0.568035 0.829259 0.554399 0.725006 0.510452 0.730754
0 0.753057 0.265278 0.854874 0.153506 0.752141 0.0599231 0.650324 0.171695
0 0.0462269 0.849971 0.0475037 0.775426 -0.00200993 0.774578 -0.00328676 0.849123
0 0.453349 0.387978 0.53396 0.313431 0.495141 0.271455 0.41453 0.346002
0 -0.00250481 0.707509 0.0512222 0.707363 0.0509337 0.600663 -0.00279338 0.600809
0 0.939624 0.950223 0.993299 0.938066 0.963538 0.806673 0.909864 0.818831
0 1.00371 0.30679 1.00655 0.252731 0.965857 0.250592 0.963016 0.304652
0 0.517207 0.246959 0.583834 0.187602 0.534529 0.132258 0.467902 0.191614
0 0.558798 0.597642 0.615689 0.560953 0.575828 0.499143 0.518937 0.535833
0 0.841467 0.825691 0.955697 0.814679 0.948889 0.744051 0.834659 0.755063
0 0.839175 0.333863 0.860031 0.234649 0.754942 0.212558 0.734086 0.311772
0 0.0583052 0.533444 0.101339 0.530335 0.0947174 0.438681 0.0516834 0.44179
0 0.468308 1.0181 0.57949 1.00064 0.57213 0.953791 0.460948 0.97126
0 0.0687448 0.534428 0.0700373 0.43629 0.00147051 0.435387 0.000178017 0.533525
0 0.0515849 0.986823 0.0534029 0.839685 -0.0019957 0.839001 -0.00381364 0.986139
0 0.0530091 0.284195 0.0606261 0.21687 -0.000183555 0.20999 -0.00780058 0.277315
0 0.916963 0.420808 1.0011 0.418888 0.999653 0.355405 0.915514 0.357326
0 0.0447401 0.999797 0.0448041 0.977826 -0.00255927 0.977688 -0.00262335 0.999658
0 0.469027 0.193861 0.564138 0.0638708 0.431026 -0.0335251 0.335915 0.0964647
0 0.439937 0.356685 0.480621 0.267832 0.410063 0.235525 0.369379 0.324377
0 0.705668 0.768927 0.759868 0.766641 0.756857 0.69524 0.702657 0.697526
0 0.100214 0.701574 0.166823 0.696924 0.159834 0.596806 0.0932253 0.601456
0 0.557938 0.751332 0.647838 0.744604 0.646306 0.724127 0.556405 0.730855
0 1.00884 0.0927074 1.01204 0.00367616 0.954405 0.00160315 0.951203 0.0906344
0 0.96181 0.122589 1.00908 0.120831 1.00598 0.0375547 0.958714 0.0393122
0 0.949805 0.0220808 0.997159 0.0218689 0.997054 -0.00154082 0.9497 -0.00132892
