0 0.873995 0.442041 0.992843 0.188936 0.759748 0.0794839 0.6409 0.332588
0 0.554844 1.03108 0.615052 0.90289 0.519455 0.857989 0.459247 0.986177
0 0.567538 0.748014 0.742489 0.599359 0.532133 0.351792 0.357182 0.500447
0 0.18374 0.305927 0.383384 0.155921 0.307561 0.0550077 0.107917 0.205014
0 0.114938 0.18462 0.315362 0.0423738 0.237672 -0.0670909 0.0372476 0.0751556
0 0.792195 0.488907 0.875923 0.488217 0.875239 0.405288 0.791511 0.405978
0 0.226439 0.972248 0.32675 0.908317 0.191675 0.696377 0.091364 0.760308
0 0.395891 0.405597 0.498242 0.344196 0.381589 0.149743 0.279237 0.211144
0 0.611963 0.137872 0.70602 0.0724536 0.61078 -0.0644799 0.516723 0.000938602
0 0.678934 0.78483 0.683217 0.657561 0.557521 0.653332 0.553239 0.780601
0 0.969992 0.196348 1.0032 0.122307 0.875201 0.0649077 0.841997 0.138949
0 0.642534 0.903888 0.662081 0.845149 0.537386 0.803655 0.51784 0.862394
0 0.0133462 0.714173 0.181247 0.592226 0.131047 0.52311 -0.0368535 0.645057
0 0.731497 0.213998 0.79123 0.110516 0.678164 0.0452516 0.618432 0.148734
0 0.379758 0.771478 0.516467 0.70009 0.424483 0.523942 0.287775 0.59533
0 0.000980619 0.621348 0.125856 0.528351 0.0738218 0.458479 -0.0510538 0.551476
0 0.791261 0.0818785 0.800639 -0.0188106 0.685912 -0.0294959 0.676534 0.0711932
0 0.445663 0.442105 0.528958 0.387993 0.503815 0.349291 0.42052 0.403403
0 0.0746436 0.806604 0.22548 0.701891 0.156484 0.602504 0.00564761 0.707217
0 0.928147 0.736248 1.00703 0.73501 1.00436 0.564971 0.925479 0.566209
0 1.014 0.136879 1.06176 0.0248064 0.895449 -0.0460538 0.847696 0.066019
0 0.027846 0.531423 0.090687 0.441115 0.0233297 0.394244 -0.0395113 0.484552
0 0.0685482 0.0740989 0.135385 0.0066464 0.0839042 -0.0443641 0.0170676 0.0230884
0 0.933909 1.04841 0.950619 0.916043 0.797222 0.896678 0.780512 1.02904
0 0.084723 0.995027 0.0851336 0.882936 0.00262627 0.882633 0.0022156 0.994725
0 0.0572466 1.00233 0.0576382 0.907541 -0.00899704 0.907266 -0.00938864 1.00205
0 0.265754 0.548133 0.384162 0.449725 0.249827 0.28809 0.13142 0.386499
0 0.00261842 0.167097 0.0427651 0.1487 0.0113566 0.0801595 -0.0287901 0.0985567
0 -0.0194305 0.281314 0.0620554 0.280848 0.0614054 0.167166 -0.0200805 0.167632
0 1.00443 0.710433 1.02986 0.563235 0.963875 0.551839 0.938452 0.699037
0 1.01477 0.128341 1.04593 0.0124731 0.957779 -0.0112307 0.926622 0.104637
0 0.516839 1.01111 0.52108 0.976149 0.454311 0.968048 0.45007 1.003
0 0.565283 0.894615 0.574777 0.855835 0.504123 0.838538 0.49463 0.877318
0 0.000704128 0.296593 0.0823789 0.296162 0.0815448 0.13819 -0.000130001 0.138621
0 0.501902 1.00397 0.502288 0.985426 0.444588 0.984227 0.444203 1.00277
