0 0.51087 0.729675 0.622717 0.669682 0.501826 0.4443 0.389978 0.504293
0 0.21872 0.857615 0.414343 0.723676 0.325845 0.594421 0.130221 0.72836
0 0.644092 0.551493 0.644983 0.440642 0.529248 0.439711 0.528356 0.550562
0 0.580025 0.77257 0.69101 0.666704 0.630125 0.602875 0.51914 0.708742
0 0.145535 0.735535 0.340444 0.585677 0.249721 0.467679 0.054811 0.617538
0 0.315305 0.970433 0.492476 0.828896 0.398772 0.711602 0.221602 0.853138
0 0.770932 0.56439 0.774056 0.413 0.640637 0.410247 0.637513 0.561637
0 0.175815 0.938032 0.227357 0.903727 0.143089 0.777114 0.0915466 0.811418
0 0.87157 0.864065 1.02677 0.740226 0.936583 0.627203 0.781384 0.751041
0 0.363417 1.01678 0.543025 0.901952 0.494656 0.826298 0.315048 0.941128
0 0.745532 0.873893 0.846494 0.797982 0.740535 0.657056 0.639573 0.732968
0 0.947683 0.569523 1.00703 0.569343 1.00648 0.386348 0.947129 0.386527
0 0.141324 0.417965 0.14821 0.332602 0.0531299 0.324932 0.0462437 0.410295
0 0.159567 0.51576 0.23732 0.433396 0.0954746 0.299492 0.0177215 0.381856
0 0.377253 1.00987 0.600589 1.001 0.596104 0.888028 0.372768 0.896894
0 0.503515 1.11278 0.586528 0.930534 0.447428 0.867174 0.364415 1.04942
0 0.0361497 0.874426 0.109126 0.772218 0.00632588 0.698818 -0.0666507 0.801026
0 0.0161211 1.00362 0.172476 1.00065 0.170754 0.909887 0.0143994 0.912853
0 0.0104077 1.02684 0.182124 0.895359 0.0917595 0.777346 -0.0799563 0.90883
0 -0.000256751 0.875139 0.107818 0.87202 0.10258 0.690488 -0.00549509 0.693606
0 0.266667 0.256924 0.35565 0.247203 0.35234 0.216898 0.263356 0.22662
