0 0.0976268 0.616625 0.213254 0.581055 0.197186 0.488202 0.0815594 0.523772
0 0.117987 0.704758 0.239887 0.664646 0.223894 0.57824 0.101994 0.618352
0 0.0775879 0.525109 0.198143 0.480706 0.178711 0.386915 0.0581564 0.431318
0 0.13353 0.792615 0.255282 0.754409 0.238706 0.660501 0.116955 0.698707
0 0.0518092 0.434395 0.181605 0.394294 0.168273 0.317578 0.0384769 0.357679
0 0.307001 0.685981 0.383163 0.642986 0.337103 0.497935 0.260941 0.54093
0 0.26733 0.876848 0.268463 0.761816 0.185849 0.760369 0.184715 0.875401
0 0.455414 0.630739 0.507111 0.514281 0.444225 0.464653 0.392527 0.581111
0 0.328596 0.811885 0.419769 0.766698 0.380099 0.624403 0.288926 0.66959
0 0.505405 0.663862 0.562103 0.573203 0.51105 0.516441 0.454352 0.6071
0 0.526762 0.738863 0.610384 0.64287 0.566676 0.575181 0.483054 0.671175
0 0.556948 0.892892 0.557008 0.765753 0.463256 0.765675 0.463197 0.892814
0 0.152997 1.04001 0.302532 0.983949 0.277321 0.864405 0.127787 0.920468
0 0.358093 0.95688 0.449 0.925724 0.416174 0.755454 0.325268 0.786609
0 0.434626 0.928567 0.483296 0.908964 0.459228 0.802732 0.410559 0.822335
0 0.550677 0.87945 0.687085 0.837374 0.672681 0.754359 0.536273 0.796436
0 0.395618 0.554322 0.447199 0.475971 0.35289 0.365596 0.301309 0.443946
0 0.0743182 0.395896 0.169863 0.306013 0.0842728 0.144266 -0.0112724 0.234148
0 0.798061 1.01051 0.798219 0.917949 0.647383 0.917491 0.647225 1.01005
0 0.641936 0.847715 0.700229 0.782626 0.602818 0.62753 0.544524 0.692619
0 0.265221 0.550437 0.357134 0.517879 0.31183 0.290511 0.219917 0.323069
0 0.0375353 1.02489 0.0972558 0.975942 0.0588413 0.892613 -0.000879319 0.941557
0 0.587999 1.02468 0.664845 0.999281 0.653048 0.93582 0.576202 0.961214
0 0.124461 1.01972 0.161819 0.939538 0.101628 0.889683 0.0642689 0.969869
0 -0.00800545 0.54173 0.032609 0.540741 0.0313674 0.450091 -0.00924701 0.45108
0 0.503879 1.01715 0.585252 1.00332 0.582159 0.970957 0.500786 0.984783
0 0.0348658 0.264947 0.0693972 0.103143 -0.0125856 0.0720385 -0.047117 0.233842
0 -0.00361738 0.823304 0.0535299 0.821731 0.0518274 0.711769 -0.0053199 0.713342
0 -0.000863839 1.00506 0.0206267 1.0047 0.0199773 0.936179 -0.0015133 0.936541
0 0.0454204 0.625858 0.046324 0.545752 -0.0027721 0.544767 -0.00367566 0.624873
