0 0.242125 1.00151 0.246342 0.949833 0.172269 0.946433 0.168052 0.998112
0 0.330943 0.789821 0.339025 0.728255 0.2292 0.720146 0.221119 0.781712
0 0.279693 0.926912 0.293304 0.844298 0.203755 0.835999 0.190144 0.918613
0 0.532444 0.432435 0.54511 0.362241 0.449282 0.352515 0.436616 0.422708
0 0.289989 0.643252 0.305528 0.559362 0.200792 0.548449 0.185252 0.632339
0 0.169494 0.353109 0.183618 0.272349 0.0822712 0.262379 0.0681477 0.34314
0 0.374592 0.945798 0.383908 0.879084 0.27659 0.870654 0.267273 0.937368
0 0.378262 0.668751 0.394203 0.58514 0.296804 0.574695 0.280864 0.658306
0 0.464221 0.688034 0.477898 0.607925 0.383591 0.598868 0.369914 0.678978
0 0.354163 0.388347 0.366015 0.319586 0.265646 0.309855 0.253794 0.378616
0 0.457224 0.973061 0.479559 0.896537 0.397263 0.883026 0.374928 0.95955
0 0.0768639 0.332633 0.0954891 0.251594 0.00340092 0.239689 -0.0152243 0.320728
0 0.444264 0.41138 0.448194 0.347635 0.364812 0.344744 0.360882 0.408488
0 0.851192 0.607359 0.917031 0.525521 0.864574 0.501783 0.798736 0.583621
0 0.0921403 0.19765 0.107446 0.118413 0.00992646 0.107818 -0.00537907 0.187054
0 0.259101 0.364154 0.26504 0.300415 0.183767 0.296154 0.177827 0.359893
0 0.424559 0.815866 0.437694 0.747609 0.348263 0.737929 0.335128 0.806185
0 0.195685 0.62261 0.214381 0.531493 0.125528 0.521238 0.106833 0.612356
0 0.166541 0.906091 0.166665 0.832679 0.0792465 0.832596 0.0791227 0.906008
0 0.623103 0.856958 0.623652 0.801301 0.541483 0.800844 0.540934 0.856501
0 0.626636 0.537063 0.627344 0.477648 0.546291 0.477105 0.545584 0.53652
0 0.554055 0.990072 0.566387 0.915327 0.468428 0.906235 0.456096 0.98098
0 0.474506 0.0637663 0.562034 0.0626053 0.560524 -0.00140639 0.472997 -0.000245421
0 0.626273 0.337104 0.643715 0.270425 0.547497 0.256268 0.530055 0.322947
0 0.894597 0.120095 1.00817 0.118723 1.00578 0.00709882 0.8922 0.00847065
0 0.0397381 0.756531 0.13905 0.756099 0.13851 0.68617 0.0391973 0.686602
0 0.551254 0.542081 0.551319 0.470637 0.433686 0.470578 0.433622 0.542021
0 0.631213 0.167709 0.72586 0.166974 0.724766 0.0876345 0.630119 0.0883687
0 0.597258 0.693678 0.680579 0.673821 0.650829 0.603604 0.567508 0.623462
0 0.384509 0.0755237 0.475343 0.0754014 0.475182 0.00817446 0.384348 0.00829676
0 0.844963 0.151785 0.847813 0.0583682 0.711035 0.0560207 0.708185 0.149437
0 0.899985 0.626524 0.963623 0.547047 0.912386 0.52397 0.848748 0.603447
0 0.948613 0.649339 1.00327 0.565213 0.951905 0.546444 0.897252 0.63057
0 0.860408 0.22459 0.860474 0.167276 0.791938 0.167231 0.791872 0.224546
0 0.566582 0.948435 0.65763 0.947478 0.656288 0.875699 0.56524 0.876656
0 0.544432 0.309967 0.557031 0.243304 0.451527 0.232087 0.438928 0.298751
0 0.705777 0.844202 0.710933 0.759976 0.62004 0.756846 0.614883 0.841072
0 0.329657 0.512831 0.363998 0.424854 0.281399 0.406718 0.247058 0.494695
0 0.520814 0.837087 0.529083 0.767832 0.4236 0.760747 0.415331 0.830003
0 0.865551 0.410175 0.875134 0.344139 0.753462 0.334206 0.743878 0.400242
0 0.750755 0.555173 0.838651 0.481726 0.789695 0.44877 0.701798 0.522217
0 0.23281 0.488679 0.243137 0.433912 0.153635 0.424419 0.143307 0.479186
0 0.225003 0.774724 0.228594 0.717737 0.152775 0.715049 0.149184 0.772037
0 0.441194 0.53307 0.45179 0.445528 0.33884 0.437838 0.328244 0.52538
0 -0.00297107 0.611611 0.0937084 0.611188 0.0931203 0.535497 -0.00355912 0.53592
0 0.171403 0.999841 0.171563 0.94367 0.113767 0.943577 0.113608 0.999749
0 -0.00292177 0.920967 0.089018 0.920945 0.0889878 0.846719 -0.00295197 0.84674
0 0.60837 0.0538871 0.707461 0.0536532 0.707222 -0.00322405 0.608131 -0.00299014
0 0.411893 0.209165 0.623695 0.178534 0.601985 0.0940948 0.390183 0.124726
0 0.0881996 0.0882634 0.16667 0.00652737 0.0835881 -0.0383386 0.00511807 0.0433974
0 0.591921 1.01112 0.762107 0.988908 0.749498 0.93457 0.579312 0.956784
0 0.800323 0.578835 0.869898 0.505168 0.822884 0.480191 0.753308 0.553858
0 0.00166984 0.759739 0.0564449 0.75617 0.0498145 0.698927 -0.0049605 0.702495
0 0.482378 0.701249 0.586896 0.700619 0.586051 0.621832 0.481533 0.622463
0 0.922992 0.2429 1.02336 0.23875 1.01402 0.111705 0.913654 0.115855
0 0.734913 0.39603 0.803555 0.305393 0.71115 0.266028 0.642507 0.356666
0 0.606026 0.175578 0.649195 0.173756 0.642581 0.0856118 0.599412 0.087434
0 0.202677 0.239443 0.375745 0.217974 0.361181 0.151938 0.188114 0.173408
0 0.697572 0.0389237 0.829668 0.0202147 0.819008 -0.0221197 0.686913 -0.00341066
0 1.00477 0.48528 1.02543 0.397408 0.917777 0.383171 0.897117 0.471044
0 0.149044 0.227814 0.172957 0.144316 0.100473 0.13264 0.0765607 0.216138
0 0.244889 0.439223 0.25849 0.384247 0.161196 0.370707 0.147595 0.425684
0 0.311172 0.727275 0.320162 0.687299 0.26079 0.679789 0.2518 0.719765
0 0.991885 0.674531 1.01799 0.581259 0.963397 0.572665 0.937293 0.665937
0 0.162225 0.118435 0.364341 0.097053 0.345691 -0.0021141 0.143575 0.0192677
0 -0.00125163 0.453616 0.056148 0.453594 0.056102 0.385517 -0.00129763 0.385538
0 0.958238 0.344077 1.00905 0.342177 1.00311 0.25274 0.952295 0.25464
0 0.924286 0.367188 0.98612 0.318921 0.915101 0.267744 0.853267 0.316011
0 0.751388 0.221386 0.797908 0.220989 0.797219 0.175582 0.750699 0.175979
0 0.142859 0.471028 0.158797 0.419778 0.0855648 0.406968 0.0696272 0.458217
0 0.998727 0.0134198 0.998736 -0.00069948 0.881219 -0.000740393 0.881211 0.0133789
0 0.822395 0.294325 0.878621 0.293928 0.877896 0.236226 0.821669 0.236624
0 0.263289 0.715627 0.278379 0.67429 0.167687 0.65156 0.152597 0.692897
0 0.72535 0.876706 0.773029 0.874082 0.761879 0.7601 0.7142 0.762724
0 0.273488 0.0488532 0.353639 0.0467287 0.351363 -0.00156342 0.271212 0.000561115
0 0.056936 0.0410536 0.0590331 -0.00619113 -0.004563 -0.007779 -0.00666008 0.0394657
0 0.023559 0.171482 0.025881 0.111792 -0.00169693 0.111189 -0.00401899 0.170878
0 0.427695 0.44624 0.439826 0.410994 0.339161 0.391505 0.32703 0.426751
0 0.385461 0.0194234 0.468112 0.0181964 0.467618 -0.000513655 0.384967 0.000713375
