0 0.105027 0.152711 0.111197 0.0602408 0.00222142 0.0561506 -0.00394873 0.148621
0 0.473385 0.435336 0.481626 0.321137 0.288099 0.313281 0.279858 0.42748
0 0.283443 0.815722 0.291086 0.701021 0.115589 0.694443 0.107946 0.809144
0 0.982345 0.638787 0.985354 0.562416 0.80965 0.558522 0.806641 0.634893
0 0.105628 0.233912 0.112077 0.14702 -0.0022215 0.142248 -0.00867101 0.22914
0 0.328307 0.571948 0.334534 0.480936 0.219521 0.476509 0.213294 0.567522
0 0.767556 0.43069 0.803221 0.34996 0.646698 0.311063 0.611033 0.391793
0 0.340886 1.01834 0.347977 0.958573 0.123913 0.943622 0.116823 1.00339
0 0.0878597 0.325713 0.0954638 0.232052 -0.004093 0.227506 -0.0116971 0.321166
0 0.937441 0.820917 0.954497 0.732343 0.788662 0.714381 0.771606 0.802955
0 0.280404 0.418913 0.305248 0.333986 0.244629 0.324011 0.219785 0.408938
0 0.608404 0.448214 0.612584 0.389702 0.539572 0.386768 0.535391 0.44528
0 0.45776 0.568197 0.47327 0.50434 0.333172 0.4852 0.317663 0.549056
0 0.68919 0.319216 0.720852 0.255875 0.60151 0.222318 0.569848 0.28566
0 0.554168 0.728458 0.61099 0.648098 0.457439 0.587025 0.400618 0.667386
0 0.989423 0.509663 0.990633 0.442677 0.895095 0.441706 0.893885 0.508692
0 0.115449 0.563831 0.123079 0.463343 0.0122888 0.458611 0.00465912 0.5591
0 0.794297 0.80531 0.814396 0.672981 0.645808 0.658577 0.625709 0.790906
0 0.504389 0.777791 0.54791 0.727011 0.408094 0.659606 0.364573 0.710386
0 0.940106 0.142841 0.980512 0.0544079 0.881437 0.0289451 0.841032 0.117378
0 0.22972 0.397376 0.254431 0.311434 0.0858351 0.284166 0.0611244 0.370108
0 0.884839 0.517478 0.903813 0.453977 0.786676 0.43429 0.767702 0.497791
0 0.937043 0.445319 0.960522 0.403878 0.836394 0.364319 0.812915 0.40576
0 0.152459 0.0644095 0.154893 -0.00250065 0.0153079 -0.00535719 0.0128736 0.061553
0 0.216133 0.576291 0.231609 0.471972 0.120544 0.462704 0.105067 0.567023
0 0.806833 0.6932 0.838071 0.557162 0.71302 0.54101 0.681782 0.677048
0 0.539518 0.444034 0.544655 0.390001 0.459282 0.385436 0.454146 0.439468
0 0.87983 0.224174 0.932592 0.125238 0.814715 0.089877 0.761952 0.188814
0 0.0765613 0.398778 0.0827105 0.323806 -0.000609676 0.319962 -0.00675882 0.394934
0 0.736391 0.468313 0.747356 0.417364 0.625029 0.402557 0.614065 0.453505
0 0.818101 0.314431 0.852757 0.261198 0.736344 0.218568 0.701688 0.271801
0 0.840137 0.266578 0.873883 0.212191 0.760809 0.172726 0.727063 0.227113
0 0.525211 0.370275 0.626079 0.311132 0.572093 0.259341 0.471225 0.318484
0 -0.00231813 0.798947 0.112395 0.798403 0.111123 0.647502 -0.00359037 0.648046
0 0.967375 0.410986 1.01637 0.301374 0.897876 0.271584 0.848884 0.381197
0 0.456436 1.0112 0.461799 0.971794 0.34416 0.962788 0.338797 1.00219
0 1.01109 0.316934 1.04499 0.233951 0.949706 0.212052 0.915801 0.295036
0 0.909593 0.477098 0.93371 0.438604 0.820397 0.39867 0.79628 0.437163
0 0.637985 0.643328 0.665663 0.532715 0.472948 0.50559 0.44527 0.616203
0 0.567274 1.0108 0.571181 0.978995 0.456049 0.971041 0.452142 1.00285
0 0.654434 0.563383 0.660677 0.5129 0.447421 0.498065 0.441178 0.548548
0 1.0049 0.824333 1.00999 0.709211 0.940329 0.707481 0.935247 0.822603
0 0.394752 0.0572554 0.396002 0.000732372 0.29507 -0.000522917 0.293821 0.0560001
0 0.801645 0.361456 0.830845 0.308567 0.715263 0.272673 0.686064 0.325562
0 1.00189 0.230679 1.00557 0.172982 0.961501 0.171404 0.957828 0.229102
0 0.983164 0.0737845 1.02241 0.00226235 0.921691 -0.0288243 0.882446 0.0426979
0 0.693508 1.00925 0.696111 0.98889 0.569758 0.979801 0.567155 1.00016
0 0.454216 0.129349 0.697429 0.0652342 0.644381 -0.0479565 0.401169 0.0161586
0 0.01778 0.546082 0.0186693 0.463613 -0.00210794 0.463487 -0.00299726 0.545956
0 1.00056 0.640112 1.00219 0.563425 0.969959 0.563041 0.968332 0.639728
0 0.134458 0.999353 0.135104 0.947941 2.1349e-05 0.946986 -0.000624429 0.998399
0 0.29777 0.0979893 0.304705 0.000979271 0.221733 -0.00235717 0.214798 0.0946529
0 0.256532 0.0767465 0.258252 0.000164323 0.150687 -0.00119454 0.148967 0.0753876
0 0.601877 0.209648 0.602945 0.0981725 0.431605 0.0972488 0.430536 0.208724
0 0.444944 0.0653279 0.447061 0.00894124 0.382936 0.00758709 0.380819 0.0639738
0 0.300288 0.0556611 0.301276 -0.00165562 0.151038 -0.00311155 0.15005 0.0542051
0 1.00143 0.507747 1.00347 0.443135 0.983503 0.44278 0.981463 0.507392
