0 0.274926 0.364 0.376378 0.294842 0.329446 0.225995 0.227994 0.295153
0 0.773001 0.70412 0.871068 0.638047 0.823114 0.566872 0.725047 0.632946
0 0.524427 0.885641 0.627417 0.81552 0.579528 0.745182 0.476538 0.815303
0 0.103256 0.141708 0.256464 0.0491252 0.204809 -0.0363551 0.0516012 0.0562274
0 0.370118 0.308369 0.461086 0.231583 0.400081 0.15931 0.309113 0.236095
0 0.9268 0.768943 0.993164 0.725282 0.918301 0.61149 0.851936 0.655151
0 0.613205 0.832213 0.708551 0.754364 0.64747 0.679555 0.552124 0.757405
0 0.16757 0.795272 0.327959 0.678443 0.279157 0.611446 0.118769 0.728274
0 0.0172593 0.546814 0.159633 0.450426 0.113348 0.382059 -0.0290253 0.478447
0 0.612686 0.484281 0.715164 0.404542 0.647047 0.317001 0.544569 0.39674
0 0.705144 0.759456 0.784594 0.694356 0.734359 0.633049 0.65491 0.698149
0 0.450136 0.247806 0.544391 0.179175 0.482346 0.0939656 0.388091 0.162597
0 0.459351 0.606318 0.549574 0.515046 0.469635 0.436026 0.379412 0.527299
0 0.538532 0.54245 0.62522 0.458646 0.550484 0.381338 0.463796 0.465142
0 0.965243 0.246381 1.05766 0.150054 0.992011 0.0870649 0.899591 0.183392
0 0.225506 0.996574 0.313067 0.93115 0.252305 0.849828 0.164744 0.915252
0 0.0531432 1.04106 0.139127 0.988472 0.10304 0.929471 0.0170567 0.982062
0 0.592604 1.03781 0.68947 0.990638 0.663492 0.937291 0.566626 0.984463
0 0.823581 0.0968024 0.854728 -0.00458799 0.733492 -0.0418314 0.702345 0.059559
0 0.884371 0.30401 0.978352 0.228384 0.916711 0.151783 0.822731 0.22741
0 0.216057 0.037169 0.303663 0.035988 0.303065 -0.00834703 0.215459 -0.00716602
0 0.989029 0.73267 1.06215 0.68654 0.986318 0.566341 0.913198 0.612471
0 0.291639 0.125124 0.331937 0.0751317 0.281803 0.03472 0.241505 0.0847126
0 0.150765 1.0207 0.222216 0.963636 0.166532 0.893911 0.0950806 0.950973
0 0.0429214 0.56194 0.0460886 0.497949 -0.00540458 0.4954 -0.00857176 0.559391
0 0.0821067 1.00451 0.138822 1.00355 0.13806 0.958464 0.0813453 0.959422
0 -0.00110929 1.00121 0.0420317 1.00095 0.0418565 0.972443 -0.00128446 0.972708
0 0.0371511 0.53272 0.0945664 0.472431 0.0399697 0.420437 -0.0174455 0.480727
0 0.696448 1.02082 0.74798 0.994924 0.703993 0.907383 0.652461 0.933276
