0 0.328789 0.152537 0.334139 0.0599807 0.248842 0.05505 0.243491 0.147606
0 0.251785 0.592214 0.262022 0.453095 0.175583 0.446734 0.165346 0.585854
0 0.60503 0.435335 0.611217 0.321278 0.466031 0.313403 0.459845 0.42746
0 0.315327 0.327382 0.320269 0.228437 0.220627 0.22346 0.215685 0.322405
0 0.184321 0.148493 0.193858 0.0842661 0.0872613 0.0684373 0.0777241 0.132664
0 0.0969628 0.781122 0.106216 0.65065 0.00131223 0.643211 -0.00794057 0.773682
0 0.113238 0.557135 0.125012 0.43536 0.0533646 0.428433 0.0415913 0.550208
0 0.986757 0.638786 0.989013 0.562417 0.857239 0.558523 0.854982 0.634892
0 0.462527 0.815838 0.468219 0.701091 0.336332 0.694548 0.330639 0.809295
0 0.329794 0.233869 0.334618 0.145294 0.234543 0.139843 0.229718 0.228418
0 0.304542 0.396334 0.309667 0.323974 0.201041 0.31628 0.195916 0.388641
0 0.226598 0.728861 0.229693 0.643345 0.150928 0.640494 0.147833 0.72601
0 0.149072 0.376666 0.153809 0.281716 0.0686606 0.277467 0.0639229 0.372417
0 0.200138 0.0864549 0.205723 -0.000117596 0.124937 -0.00532944 0.119352 0.0812431
0 0.496277 0.572154 0.501105 0.480975 0.414747 0.476403 0.409919 0.567581
0 0.333507 0.796834 0.337468 0.657989 0.213842 0.654463 0.209882 0.793308
0 0.335187 0.565671 0.342837 0.464215 0.26022 0.457985 0.252569 0.559441
0 0.825662 0.430693 0.852417 0.349966 0.735028 0.31106 0.708273 0.391786
0 0.162387 0.284891 0.168232 0.234436 0.0788979 0.224087 0.0730529 0.274543
0 0.178596 0.236663 0.183829 0.136614 0.0689252 0.130604 0.063692 0.230653
0 0.505422 1.01879 0.510864 0.958864 0.34314 0.943635 0.337698 1.00356
0 0.953081 0.820916 0.965871 0.732343 0.841496 0.714383 0.828706 0.802956
0 0.460181 0.418893 0.478947 0.334019 0.433671 0.324008 0.414905 0.408882
0 0.706293 0.448218 0.709433 0.389713 0.654693 0.386775 0.651553 0.44528
0 0.146871 1.01227 0.153602 0.91512 0.0543505 0.908243 0.0476198 1.00539
0 0.593195 0.568215 0.604829 0.504275 0.499868 0.485177 0.488234 0.549118
0 0.766892 0.319214 0.790638 0.255887 0.701143 0.22233 0.677397 0.285657
0 0.66565 0.728454 0.708264 0.648122 0.593015 0.586984 0.5504 0.667316
0 0.992068 0.509662 0.992975 0.442677 0.921321 0.441706 0.920413 0.508691
0 0.845724 0.805305 0.860793 0.67298 0.734344 0.65858 0.719275 0.790906
0 0.628297 0.777809 0.660962 0.726952 0.556036 0.659557 0.52337 0.710414
0 0.363416 0.0641717 0.365629 -0.00304179 0.258686 -0.00656248 0.256473 0.060651
0 0.213405 0.790906 0.217977 0.725989 0.145885 0.720913 0.141314 0.78583
0 0.955075 0.14284 0.985383 0.0544079 0.911085 0.0289437 0.880777 0.117376
0 0.0357575 0.245887 0.0368318 0.181897 -0.0026833 0.181234 -0.00375764 0.245224
0 0.411597 0.576211 0.423651 0.471697 0.340851 0.462148 0.328797 0.566662
0 0.91363 0.517478 0.92786 0.453977 0.840007 0.43429 0.825777 0.497791
0 0.952786 0.445323 0.970396 0.403881 0.877295 0.364319 0.859685 0.405761
0 0.421676 0.39749 0.440929 0.311809 0.314754 0.283457 0.295501 0.369138
0 0.855128 0.6932 0.87855 0.557158 0.784765 0.541011 0.761343 0.677053
0 0.0478706 0.544609 0.0548819 0.430976 0.000630904 0.427629 -0.00638041 0.541262
0 0.654628 0.444027 0.658486 0.390055 0.594461 0.385478 0.590603 0.43945
0 0.909875 0.224173 0.949441 0.125234 0.861033 0.0898786 0.821466 0.188817
0 0.130075 0.0591307 0.131978 -0.000568124 0.0782773 -0.00228007 0.0763741 0.0574187
0 0.0530505 1.00344 0.0570273 0.901152 0.00253256 0.899033 -0.00144422 1.00132
0 0.802293 0.468311 0.810516 0.417365 0.718778 0.402557 0.710555 0.453504
0 0.863576 0.314433 0.889569 0.261202 0.802258 0.218567 0.776265 0.271798
0 0.880103 0.266578 0.905412 0.212191 0.820607 0.172726 0.795298 0.227114
0 0.643786 0.370203 0.719558 0.311175 0.679228 0.259405 0.603456 0.318433
0 0.0714063 0.370105 0.0731555 0.287091 0.00167912 0.285584 -7.00671e-05 0.368599
0 0.0432252 0.182238 0.0450592 0.118128 -0.00307475 0.116751 -0.00490867 0.180861
0 0.975532 0.410983 1.01227 0.301386 0.923402 0.271599 0.886666 0.381197
0 0.182478 1.00618 0.18887 0.922638 0.14665 0.919408 0.140258 1.00295
0 -0.000694387 0.119091 0.0518307 0.118841 0.0514661 0.0422088 -0.00105894 0.0424587
0 0.59239 1.0111 0.59635 0.971811 0.508138 0.962921 0.504178 1.00221
0 1.00831 0.316938 1.03375 0.23395 0.962291 0.212046 0.936852 0.295034
0 0.932196 0.477099 0.950285 0.438603 0.865298 0.398669 0.847209 0.437165
0 0.348073 1.00873 0.350278 0.95389 0.18375 0.947195 0.181546 1.00203
0 0.728504 0.643357 0.749348 0.532583 0.604694 0.505363 0.583849 0.616138
0 0.675464 1.01082 0.678398 0.978992 0.592022 0.97103 0.589089 1.00285
0 0.740847 0.56358 0.745561 0.512879 0.58548 0.497994 0.580766 0.548696
0 1.00368 0.824334 1.00749 0.709206 0.955241 0.707478 0.951432 0.822605
0 0.0689823 0.0435208 0.0705077 -0.00160922 0.00316352 -0.00388555 0.00163806 0.0412444
0 0.545946 0.057107 0.546712 0.00121471 0.471151 0.000178337 0.470384 0.0560706
0 0.111074 0.628042 0.112454 0.548518 0.0337182 0.547151 0.0323382 0.626676
0 0.851236 0.361456 0.873134 0.308565 0.786446 0.272674 0.764547 0.325564
0 1.00142 0.230678 1.00418 0.172981 0.971126 0.171404 0.968371 0.2291
0 0.98737 0.0737854 1.0168 0.00226444 0.941273 -0.0288216 0.911838 0.0426993
0 0.77013 1.00925 0.772082 0.98889 0.677326 0.979802 0.675373 1.00016
0 0.590707 0.129314 0.773005 0.0648848 0.733053 -0.0481579 0.550754 0.0162718
0 1.00042 0.640114 1.00164 0.563425 0.977469 0.563041 0.976249 0.63973
0 0.450929 0.0703322 0.451682 -0.000147738 0.363362 -0.00109137 0.362609 0.0693886
0 0.475997 0.078328 0.477784 3.26224e-05 0.400231 -0.00173755 0.398443 0.0765578
0 0.701397 0.209698 0.70222 0.0981816 0.573832 0.0972338 0.573009 0.208751
0 0.583673 0.0654226 0.585267 0.00903303 0.537291 0.00767681 0.535697 0.0640664
0 1.00107 0.507747 1.0026 0.443135 0.987627 0.44278 0.986097 0.507392
