0 0.628293 0.812335 0.649323 0.738981 0.59109 0.722286 0.57006 0.79564
0 0.799104 0.960922 0.79991 0.85245 0.688935 0.851625 0.688129 0.960097
0 0.364367 0.882493 0.368013 0.778361 0.256077 0.774442 0.252431 0.878573
0 0.894461 0.627356 0.895046 0.537942 0.808183 0.537373 0.807598 0.626788
0 0.213295 0.727025 0.318861 0.726665 0.318505 0.622143 0.212939 0.622502
0 0.805162 0.611288 0.810744 0.531902 0.728519 0.52612 0.722937 0.605506
0 0.642832 0.729453 0.657585 0.627262 0.565313 0.61394 0.55056 0.716131
0 0.720829 0.593066 0.744898 0.512872 0.696542 0.498359 0.672473 0.578553
0 0.589263 0.544669 0.68088 0.443736 0.609741 0.379164 0.518124 0.480097
0 0.909448 0.951817 1.00542 0.950355 1.00368 0.835919 0.907705 0.837381
0 0.470503 0.984893 0.570957 0.958109 0.536198 0.827745 0.435744 0.85453
0 0.813651 0.792504 0.818073 0.708807 0.697564 0.70244 0.693142 0.786137
0 0.919619 0.102516 0.924087 0.0447849 0.698329 0.0273136 0.693861 0.0850442
0 0.24002 0.377986 0.347595 0.336893 0.277235 0.152699 0.16966 0.193792
0 0.551783 0.953427 0.630354 0.951561 0.627963 0.850883 0.549392 0.852749
0 0.791203 0.954524 0.905756 0.954332 0.905537 0.824112 0.790984 0.824304
0 0.270925 0.57799 0.29876 0.453103 0.165209 0.423338 0.137375 0.548225
0 0.0673165 0.647738 0.12966 0.615712 0.0751448 0.50959 0.0128014 0.541616
0 0.902965 0.622035 0.959921 0.607256 0.933928 0.507088 0.876972 0.521867
0 0.471036 0.704263 0.473002 0.608194 0.374248 0.606173 0.372282 0.702242
0 0.657121 0.583116 0.710854 0.491818 0.652057 0.457213 0.598325 0.548511
0 0.628888 0.963746 0.698949 0.958414 0.690597 0.848678 0.620536 0.85401
0 0.903618 0.811185 0.998982 0.792149 0.973255 0.663268 0.877891 0.682305
0 0.355423 0.561204 0.451044 0.518854 0.381177 0.361105 0.285556 0.403455
0 0.404195 0.999124 0.404565 0.888449 0.291478 0.888071 0.291108 0.998746
0 0.849727 0.806501 0.905094 0.802568 0.896773 0.685405 0.841405 0.689337
0 0.415657 0.347342 0.506742 0.225913 0.422076 0.162404 0.330991 0.283833
0 0.209857 0.650473 0.305485 0.61249 0.274715 0.535023 0.179087 0.573006
0 0.117747 0.615018 0.186974 0.585003 0.137771 0.471522 0.0685446 0.501538
0 0.114727 0.445981 0.188936 0.408186 0.115066 0.263147 0.0408576 0.300942
0 0.427141 0.868337 0.548637 0.836101 0.52318 0.740156 0.401684 0.772393
0 0.950314 0.607196 1.01081 0.597446 0.994264 0.494797 0.933769 0.504547
0 0.466321 0.41194 0.545599 0.32137 0.508058 0.288509 0.42878 0.379079
0 0.530558 0.483675 0.619757 0.375855 0.545797 0.314668 0.456598 0.422488
0 0.904416 0.396187 1.00248 0.394004 0.999778 0.272802 0.901717 0.274985
0 0.584575 0.665712 0.593343 0.578513 0.498701 0.568996 0.489932 0.656195
0 0.304014 1.00107 0.308411 0.934358 0.242246 0.929998 0.23785 0.996711
0 0.927417 0.0557211 0.932982 -0.00170566 0.816495 -0.0129937 0.81093 0.0444331
0 0.476013 0.625589 0.541507 0.56216 0.497851 0.517083 0.432357 0.580513
0 0.809352 0.784697 0.850914 0.781521 0.843597 0.685775 0.802035 0.688951
0 0.23593 0.790074 0.3356 0.789033 0.33484 0.716245 0.23517 0.717286
0 0.468483 0.781785 0.490805 0.69983 0.40963 0.677719 0.387307 0.759674
0 0.432197 0.386348 0.530781 0.288133 0.491581 0.248786 0.392997 0.347001
0 0.408816 0.23328 0.415422 0.14841 0.33431 0.142097 0.327705 0.226967
0 0.00916914 0.696132 0.078998 0.65749 0.0196472 0.550239 -0.0501817 0.588881
0 0.758149 0.27641 0.815368 0.273365 0.806651 0.109551 0.749432 0.112596
0 0.920047 0.256592 0.928584 0.121908 0.798659 0.113672 0.790121 0.248356
0 -0.00371841 0.751755 0.0464818 0.750441 0.0447197 0.683136 -0.00548052 0.68445
0 0.448007 0.584187 0.502868 0.520224 0.459589 0.483103 0.404727 0.547065
0 0.022789 0.485425 0.119398 0.433584 0.0381142 0.282107 -0.0584951 0.333949
0 0.180817 0.409762 0.252089 0.374823 0.184713 0.237385 0.113441 0.272325
0 0.070265 0.846513 0.0730217 0.765954 -0.0049505 0.763286 -0.00770723 0.843844
0 -0.000834484 0.972032 0.054168 0.970162 0.049866 0.843601 -0.0051365 0.845471
0 0.288738 0.9198 0.385873 0.898703 0.37718 0.85868 0.280045 0.879777
0 0.142541 1.01087 0.248639 1.00836 0.247077 0.942422 0.140979 0.944935
0 0.801482 0.536634 0.813094 0.468654 0.734758 0.455274 0.723147 0.523254
0 0.228982 1.01648 0.25498 0.960658 0.194954 0.932702 0.168956 0.988522
0 0.985407 0.207058 1.02681 0.188478 0.999129 0.126777 0.957721 0.145357
0 -0.00653717 1.0055 0.108668 1.00047 0.106764 0.956863 -0.00844086 0.961892
0 0.0478758 0.970078 0.048434 0.906232 -0.00247381 0.905787 -0.00303197 0.969633
0 0.893871 0.207757 0.894699 0.136394 0.827072 0.135609 0.826245 0.206973
0 0.0422883 1.00369 0.12447 1.00118 0.122926 0.950576 0.0407441 0.953084
0 0.970786 0.1318 1.00512 0.130312 1.00051 0.024002 0.966178 0.0254902
0 0.98844 0.0573932 0.98901 -0.00078856 0.919057 -0.00147334 0.918487 0.0567084
0 0.849109 0.952183 0.917364 0.947097 0.909865 0.846461 0.84161 0.851547
0 0.981324 0.118143 1.03751 0.096856 1.01167 0.0286307 0.955478 0.0499175
