0 0.999597 0.240873 1.00379 0.0763226 0.833033 0.0719694 0.828838 0.23652
0 0.95089 0.402975 0.951631 0.236171 0.784028 0.235426 0.783286 0.40223
0 0.527998 0.290083 0.529651 0.15122 0.402827 0.14971 0.401174 0.288573
0 0.785393 0.338523 0.78941 0.194108 0.645877 0.190116 0.64186 0.334531
0 0.238484 0.96828 0.241028 0.824882 0.0904939 0.822211 0.0879497 0.965609
0 0.189342 0.602041 0.19123 0.488884 0.0769936 0.486978 0.075106 0.600136
0 0.417019 0.399943 0.42056 0.233855 0.262519 0.230485 0.258978 0.396573
0 0.366989 0.905613 0.369902 0.758664 0.223133 0.755755 0.22022 0.902703
0 0.285337 0.599451 0.286724 0.483996 0.180314 0.482718 0.178927 0.598173
0 0.938795 1.01044 0.941932 0.951443 0.780144 0.942839 0.777006 1.00183
0 0.520121 0.578014 0.642399 0.577286 0.641802 0.476966 0.519523 0.477695
0 0.42832 0.588058 0.429497 0.354905 0.269981 0.3541 0.268804 0.587253
0 0.135852 0.0649164 0.136492 -9.10759e-05 -0.00219943 -0.00145571 -0.00283906 0.0635517
0 0.430607 0.581101 0.525792 0.580954 0.525646 0.486451 0.430461 0.486598
0 0.930535 0.895217 1.00585 0.893573 1.00282 0.754904 0.927509 0.756548
0 0.0357898 0.214625 0.0370296 0.058556 -0.000962204 0.0582542 -0.00220193 0.214323
0 0.0859829 0.614542 0.086968 0.503499 0.00638249 0.502784 0.00539745 0.613827
0 -0.00128298 0.365259 0.0425686 0.36521 0.0423987 0.214569 -0.00145288 0.214618
0 0.0566121 0.580436 0.0573266 0.41196 -0.00324305 0.411703 -0.00395752 0.58018
0 0.418962 0.337605 0.534467 0.336616 0.533991 0.28106 0.418486 0.282049
0 0.394211 0.568547 0.447525 0.567938 0.446626 0.489229 0.393312 0.489838
0 0.180211 1.005 0.180994 0.978864 0.0381841 0.974584 0.0374008 1.00072
