0 0.286242 0.999801 0.332256 0.777161 0.242485 0.744177 0.196471 0.966816
0 0.605526 0.23643 0.606186 0.129559 0.51378 0.128546 0.513121 0.235417
0 0.523197 0.309796 0.614351 0.308486 0.613721 0.230507 0.522567 0.231816
0 0.702826 1.00163 0.774913 1.00113 0.774507 0.896027 0.70242 0.896522
0 0.620928 0.510303 0.621074 0.399492 0.514959 0.399243 0.514813 0.510054
0 0.518144 0.407173 0.615874 0.405197 0.614706 0.302451 0.516976 0.304427
0 0.418441 0.368024 0.42508 0.286896 0.347977 0.275679 0.341338 0.356807
0 0.437002 0.707017 0.444638 0.58748 0.355367 0.577342 0.347731 0.696878
0 0.145139 0.629031 0.166163 0.512761 0.101495 0.491973 0.0804719 0.608244
0 0.636285 0.149164 0.749062 0.147758 0.748194 0.0239645 0.635417 0.02537
0 0.337763 0.249838 0.369977 0.00168606 0.201993 -0.0370813 0.169779 0.211071
0 0.0862539 0.596149 0.104069 0.487526 0.0391164 0.468587 0.0213008 0.57721
0 0.41712 0.531967 0.426256 0.431874 0.308693 0.412796 0.299556 0.512889
0 0.464607 0.229377 0.474547 0.107108 0.381277 0.0936277 0.371337 0.215897
0 0.55898 0.87453 0.659246 0.86888 0.657095 0.801051 0.55683 0.806701
0 0.331809 0.805891 0.372159 0.563282 0.283435 0.537048 0.243084 0.779657
0 0.432883 0.285402 0.441966 0.22397 0.366919 0.204243 0.357835 0.265675
0 0.434306 0.43888 0.440273 0.363288 0.325339 0.347158 0.319372 0.422751
0 0.70108 0.900091 0.776789 0.899291 0.775987 0.764278 0.700278 0.765078
0 0.240775 0.65551 0.250465 0.537722 0.152167 0.523345 0.142477 0.641133
0 0.431636 0.299106 0.439697 0.247151 0.366539 0.226972 0.358478 0.278927
0 0.26479 0.505246 0.310665 0.266154 0.243585 0.243273 0.19771 0.482365
0 0.635841 0.72009 0.638471 0.628773 0.508765 0.622133 0.506136 0.71345
0 0.688471 0.769575 0.76941 0.767934 0.768472 0.685665 0.687533 0.687306
0 0.638643 0.823358 0.648419 0.71316 0.542706 0.696488 0.53293 0.806687
0 0.920145 0.256129 0.96795 0.153355 0.854909 0.0598772 0.807103 0.162652
0 0.667837 0.462827 0.756635 0.461656 0.75599 0.374697 0.667192 0.375868
0 0.963896 0.94384 0.997438 0.85982 0.899335 0.790195 0.865793 0.874216
0 0.511733 0.701067 0.52132 0.605924 0.443809 0.592039 0.434222 0.687182
0 0.401975 1.04243 0.427491 0.922 0.341963 0.889784 0.316447 1.01021
0 0.656347 0.385893 0.778657 0.385149 0.778228 0.259848 0.655918 0.260592
0 0.48315 0.114962 0.492581 -0.0022633 0.403943 -0.0149403 0.394512 0.102285
0 0.501174 0.130267 0.597952 0.129614 0.59746 -5.23927e-06 0.500683 0.000647618
0 0.990483 0.878498 1.07885 0.691347 0.992882 0.619184 0.904515 0.806336
0 0.566888 0.948102 0.667588 0.946298 0.666785 0.866597 0.566085 0.868401
0 0.109953 0.426485 0.129036 0.295067 0.0520643 0.275197 0.032981 0.406615
0 1.00924 0.580968 1.04047 0.399032 0.915278 0.360826 0.884046 0.542761
0 0.209188 0.459274 0.222547 0.32544 0.115258 0.306401 0.101899 0.440235
0 0.567739 1.00478 0.670039 1.0023 0.668887 0.918056 0.566588 0.920542
0 0.632545 0.596525 0.633908 0.506568 0.519155 0.503477 0.517792 0.593434
0 0.0948637 0.879491 0.118679 0.730393 0.0258227 0.704025 0.00200717 0.853123
0 0.184089 0.818956 0.210735 0.719553 0.140476 0.686071 0.11383 0.785473
0 0.0292221 0.568097 0.0449277 0.455746 -0.00591867 0.44311 -0.0216243 0.55546
0 0.900949 1.05146 0.95016 0.948761 0.844391 0.85866 0.79518 0.961359
0 0.208845 0.73277 0.223988 0.649543 0.183159 0.636337 0.168016 0.719563
0 0.717526 0.311941 0.799784 0.201661 0.715643 0.0900856 0.633385 0.200365
0 0.641502 0.0351349 0.724651 0.0330148 0.724153 -0.00165585 0.641005 0.000464241
0 0.998129 0.866137 1.03133 0.779051 0.938349 0.716029 0.905147 0.803114
0 0.436455 0.258771 0.44212 0.221658 0.368442 0.201666 0.362778 0.23878
0 0.460916 1.02901 0.476788 0.951512 0.418838 0.930413 0.402966 1.00792
0 0.0465138 0.398045 0.0711368 0.275155 0.0238835 0.258323 -0.000739575 0.381213
0 1.00107 0.288152 1.02029 0.185903 0.975314 0.170867 0.956087 0.273116
0 0.0261205 0.369726 0.0288569 0.243648 0.001407 0.242589 -0.00132939 0.368666
0 0.204439 0.460737 0.218244 0.334039 0.168324 0.324369 0.15452 0.451067
0 0.677544 0.632735 0.754968 0.63058 0.753245 0.520483 0.675821 0.522638
0 0.498819 0.887047 0.506659 0.74834 0.470851 0.744742 0.463011 0.883449
0 0.93094 0.975405 0.951866 0.924567 0.860171 0.857468 0.839245 0.908306
0 1.002 0.410762 1.01059 0.345066 0.974413 0.336661 0.965827 0.402356
0 0.0302016 0.829628 0.0354492 0.707505 -0.00878135 0.704126 -0.0140289 0.826249
0 0.743325 0.518188 0.746697 0.462611 0.648379 0.452005 0.645007 0.507581
0 -0.00143908 1.00736 0.108731 1.00481 0.107971 0.946442 -0.002199 0.948992
0 0.853114 1.01188 0.85754 0.966054 0.810732 0.958017 0.806306 1.00384
0 0.0370767 0.678401 0.0439538 0.624161 -0.00272986 0.613638 -0.00960695 0.667879
0 0.783653 0.683206 0.78586 0.518557 0.681026 0.51606 0.67882 0.680708
0 0.763067 0.330398 0.825425 0.300514 0.809147 0.240129 0.746789 0.270013
0 1.00395 0.768253 1.02833 0.659715 0.972479 0.63741 0.948097 0.745948
0 0.77913 0.0240715 0.846512 0.0232908 0.846345 -0.00229652 0.778963 -0.00151581
0 0.498213 1.00651 0.500063 0.961456 0.45402 0.958095 0.45217 1.00315
0 0.0270177 0.147249 0.0275505 0.039227 -0.00364648 0.0389534 -0.00417928 0.146975
