0 0.135618 0.204242 0.136114 0.112028 0.0481734 0.111555 0.0476778 0.203769
0 0.46335 0.97737 0.569862 0.977178 0.569673 0.87209 0.463161 0.872282
0 0.838535 0.795995 0.932271 0.692493 0.861109 0.628045 0.767373 0.731546
0 0.970375 0.844573 0.996707 0.760935 0.948723 0.745828 0.922391 0.829466
0 0.887064 0.98188 0.909234 0.879763 0.819582 0.8603 0.797412 0.962416
0 0.721472 0.954182 0.723389 0.858146 0.624348 0.856169 0.622431 0.952204
0 0.490423 0.627652 0.597406 0.586663 0.526982 0.402852 0.419999 0.44384
0 0.907336 0.834072 0.961435 0.740089 0.902075 0.705921 0.847976 0.799903
0 -0.00388987 0.517199 0.0770835 0.515525 0.0753538 0.431873 -0.00561948 0.433548
0 0.521932 0.827064 0.548248 0.702052 0.414695 0.673937 0.388379 0.79895
0 0.60534 0.811549 0.701002 0.769428 0.631268 0.611051 0.535605 0.653172
0 0.313776 0.897796 0.377329 0.864413 0.324699 0.764219 0.261146 0.797601
0 0.665095 0.597066 0.756516 0.477378 0.672473 0.413184 0.581052 0.532872
0 0.45472 0.897603 0.55588 0.865708 0.531422 0.78814 0.430263 0.820036
0 0.365404 0.695256 0.438738 0.657496 0.365178 0.514635 0.291844 0.552396
0 0.716146 0.662058 0.7957 0.571126 0.758222 0.538337 0.678668 0.629269
0 0.369072 0.858273 0.435209 0.827605 0.386996 0.723632 0.320859 0.7543
0 0.777945 0.733808 0.867741 0.625543 0.793254 0.563763 0.703458 0.672029
0 0.263674 0.941052 0.325343 0.904689 0.262221 0.797639 0.200553 0.834002
0 0.268325 0.735581 0.367271 0.683732 0.289429 0.53518 0.190482 0.587029
0 1.00242 0.343607 1.00293 0.270853 0.948237 0.270468 0.947726 0.343223
0 0.834661 0.916928 0.844757 0.828692 0.748889 0.817724 0.738794 0.90596
0 0.0520186 0.863291 0.182362 0.748907 0.0972033 0.651867 -0.0331399 0.76625
0 0.732715 1.00924 0.732868 0.941905 0.643393 0.941701 0.643239 1.00904
0 5.02914e-06 0.299824 0.0543342 0.298929 0.0529399 0.214311 -0.00138929 0.215207
0 0.209112 1.02981 0.301709 0.938043 0.191944 0.827281 0.0993477 0.919044
0 0.68194 0.636339 0.780588 0.53843 0.741624 0.499172 0.642976 0.597081
0 0.725557 0.875916 0.791905 0.811578 0.748318 0.76663 0.681971 0.830968
0 0.658441 0.483478 0.665777 0.398427 0.584921 0.391453 0.577585 0.476504
0 0.966479 0.181069 0.997189 0.0571396 0.865513 0.0245103 0.834803 0.14844
0 0.697611 0.834603 0.753234 0.76988 0.709997 0.732722 0.654374 0.797445
0 0.0857958 1.00307 0.0879116 0.912553 -0.00179678 0.910456 -0.00391256 1.00098
0 1.00262 0.853955 1.01647 0.779601 0.981298 0.77305 0.967448 0.847404
0 0.167728 0.757889 0.264901 0.708533 0.192052 0.565107 0.0948791 0.614463
0 0.998829 1.00143 0.999218 0.953122 0.948579 0.952714 0.94819 1.00103
0 0.894578 1.00787 0.898159 0.972643 0.838253 0.966553 0.834672 1.00178
0 0.430944 0.65961 0.502161 0.62452 0.434227 0.486643 0.36301 0.521733
0 0.952973 1.01393 0.965129 0.933812 0.878519 0.92067 0.866363 1.00079
0 0.98591 0.057211 0.993288 0.000347601 0.87083 -0.0155415 0.863452 0.0413219
0 0.4888 1.00903 0.567958 1.00444 0.565817 0.967462 0.486658 0.972045
0 1.0028 0.773792 1.01204 0.699143 0.980457 0.695229 0.971207 0.769879
0 0.727052 1.00289 0.779661 1.00214 0.77935 0.980058 0.72674 0.9808
0 -0.0022428 0.201091 0.0382047 0.201078 0.0381604 0.0653034 -0.00228709 0.0653166
