0 0.247671 0.945574 0.382291 0.925026 0.372506 0.860924 0.237886 0.881472
0 0.22851 0.886753 0.35026 0.867398 0.340376 0.805227 0.218626 0.824582
0 -0.00387444 0.7937 0.14172 0.761783 0.123391 0.678172 -0.0222038 0.710089
0 0.0723398 0.9863 0.203014 0.959436 0.188127 0.88702 0.0574529 0.913884
0 0.0565879 0.920124 0.177681 0.891717 0.160552 0.818703 0.0394594 0.847111
0 0.0366134 0.854901 0.16519 0.820955 0.147035 0.75219 0.0184586 0.786136
0 0.720381 0.9647 0.724654 0.850677 0.602697 0.846108 0.598425 0.96013
0 0.21408 0.829564 0.337711 0.807675 0.327439 0.749661 0.203808 0.77155
0 0.58091 0.792339 0.690591 0.749125 0.659238 0.669549 0.549557 0.712763
0 0.488701 0.650754 0.617266 0.592606 0.590032 0.532392 0.461467 0.59054
0 0.528292 0.726139 0.662539 0.674307 0.630528 0.591397 0.496281 0.643228
0 0.582393 0.85942 0.715428 0.82906 0.69777 0.751682 0.564734 0.782042
0 0.262201 1.00998 0.401284 0.981161 0.388364 0.918808 0.24928 0.947629
0 0.265655 0.634034 0.269184 0.509101 0.144305 0.505574 0.140777 0.630507
0 0.199266 0.779326 0.336497 0.753117 0.320401 0.668836 0.18317 0.695045
0 0.05594 0.26364 0.133856 0.232225 0.0903746 0.124381 0.0124589 0.155795
0 0.178563 0.707102 0.321837 0.675316 0.306744 0.607286 0.16347 0.639072
0 0.897902 0.803668 0.898005 0.735395 0.825209 0.735285 0.825105 0.803558
0 0.941219 0.888994 0.943401 0.790291 0.828421 0.787749 0.826238 0.886451
0 0.254755 0.574824 0.34466 0.574366 0.3442 0.484092 0.254295 0.48455
0 0.205678 0.222565 0.256436 0.137225 0.193183 0.0996044 0.142425 0.184945
0 0.0784052 0.35831 0.16915 0.325026 0.130042 0.218402 0.0392975 0.251686
0 0.213611 0.418887 0.306333 0.418863 0.306309 0.324344 0.213587 0.324368
0 0.2816 0.305113 0.360864 0.230734 0.315012 0.18187 0.235748 0.256249
0 0.255825 0.24732 0.311714 0.180813 0.260756 0.13799 0.204867 0.204497
0 1.00252 0.881754 1.00325 0.773412 0.947069 0.773033 0.946339 0.881375
0 0.108733 0.46726 0.19691 0.444959 0.164519 0.316886 0.0763421 0.339187
0 0.513275 0.905152 0.570861 0.890476 0.561972 0.8556 0.504386 0.870277
0 0.179966 0.444935 0.23188 0.43018 0.209398 0.351078 0.157484 0.365833
0 0.301253 0.409158 0.436474 0.377776 0.422102 0.315846 0.28688 0.347228
0 0.913573 0.749372 0.913888 0.644293 0.794207 0.643935 0.793892 0.749014
0 0.353456 0.573421 0.430949 0.547616 0.397273 0.446485 0.31978 0.472291
0 0.391309 0.384365 0.449187 0.335785 0.353142 0.221358 0.295264 0.269939
0 0.501788 0.59568 0.589155 0.520333 0.486831 0.401685 0.399463 0.477032
0 -0.00932563 0.670422 0.0927808 0.669793 0.0920864 0.557076 -0.0100201 0.557705
0 0.949389 1.00423 0.950409 0.953349 0.860043 0.951537 0.859023 1.00241
0 0.952466 0.725076 1.03194 0.710381 1.00579 0.568972 0.926318 0.583667
0 0.152774 0.15992 0.194754 0.0973875 0.0955914 0.0308151 0.0536105 0.093348
0 0.419838 0.536144 0.47547 0.518235 0.450716 0.44134 0.395085 0.459249
0 0.997689 0.998868 0.998543 0.950007 0.947916 0.949123 0.947063 0.997984
0 0.085972 1.02349 0.209141 0.999181 0.200246 0.954121 0.0770774 0.978434
0 -0.00831673 0.50877 0.0438204 0.505389 0.0368536 0.397938 -0.0152835 0.401318
0 0.921774 0.709979 0.961733 0.702972 0.944506 0.604725 0.904547 0.611731
0 0.0228258 0.409273 0.0231357 0.315706 0.000111152 0.31563 -0.000198703 0.409197
0 0.0241178 0.162383 0.112037 0.1316 0.0643247 -0.0046711 -0.0235943 0.0261117
0 0.106748 0.69714 0.106914 0.644902 0.0435536 0.644701 0.0433874 0.696938
0 0.760531 1.00418 0.84563 1.00407 0.84556 0.950976 0.760461 0.951088
0 0.864058 0.715474 0.922084 0.714508 0.921046 0.652151 0.863021 0.653117
0 0.311915 1.00621 0.394524 1.00059 0.392703 0.973848 0.310094 0.979472
0 0.444013 1.00322 0.504335 0.999216 0.503321 0.983928 0.442999 0.987932
