0 0.565195 0.437299 0.770641 0.40168 0.75676 0.321616 0.551314 0.357235
0 0.174583 0.982187 0.279439 0.962624 0.267526 0.898769 0.162669 0.918331
0 0.539136 0.557735 0.728579 0.529568 0.717964 0.458176 0.528521 0.486344
0 0.339712 0.643264 0.517762 0.604651 0.499772 0.521697 0.321722 0.56031
0 0.356292 0.940899 0.434747 0.940453 0.43438 0.875896 0.355925 0.876343
0 0.179631 0.987949 0.179842 0.924636 0.106269 0.924391 0.106057 0.987703
0 0.340608 0.660106 0.342028 0.575445 0.255555 0.573994 0.254134 0.658655
0 0.0049586 0.698438 0.116458 0.677052 0.10466 0.615546 -0.00683852 0.636932
0 0.134864 0.566233 0.18772 0.479332 0.106838 0.430137 0.0539815 0.517037
0 0.606836 0.865667 0.714828 0.864371 0.714152 0.808005 0.60616 0.8093
0 0.098075 0.690371 0.184374 0.689673 0.183688 0.604872 0.0973897 0.605569
0 0.0799891 0.56757 0.0812355 0.483407 -0.00260587 0.482165 -0.00385222 0.566328
0 0.265545 0.679896 0.266576 0.587654 0.174949 0.586629 0.173918 0.678872
0 0.594969 0.725479 0.770244 0.698145 0.757845 0.618641 0.58257 0.645975
0 0.618462 0.253227 0.87954 0.145155 0.844859 0.0613741 0.583781 0.169447
0 0.474325 0.460651 0.595323 0.435956 0.580625 0.363943 0.459628 0.388638
0 0.427332 0.93093 0.544661 0.916051 0.53719 0.857139 0.419861 0.872019
0 0.00924711 1.01078 0.115039 0.999551 0.107827 0.931585 0.00203463 0.942812
0 0.932746 0.119715 1.00319 0.118863 1.00224 0.040241 0.931796 0.0410922
0 0.271195 0.961422 0.365355 0.944189 0.35373 0.880667 0.259569 0.8979
0 0.155736 0.403296 0.341413 0.32795 0.308573 0.24702 0.122895 0.322366
0 0.94176 0.366092 1.01359 0.363994 1.01061 0.261979 0.938779 0.264078
0 0.755958 0.408688 0.971678 0.368473 0.955673 0.282618 0.739952 0.322833
0 0.102074 0.271637 0.20064 0.0623464 0.137174 0.0324567 0.0386076 0.241747
0 0.919259 0.0528488 0.990991 0.0523693 0.990635 -0.000905046 0.918902 -0.000425579
0 0.355378 0.485158 0.493837 0.449109 0.479389 0.393618 0.340931 0.429667
0 0.0334607 0.310702 0.0456878 0.236646 -0.0155437 0.226536 -0.0277708 0.300593
0 0.575645 0.177173 0.825892 0.0797044 0.794223 -0.00160433 0.543977 0.0958638
0 0.974319 0.195851 1.00278 0.195306 1.00105 0.104785 0.972587 0.105329
0 0.931323 0.391804 0.970007 0.316707 0.894682 0.277906 0.855999 0.353003
0 0.0839619 0.248649 0.133644 0.190073 0.0872216 0.150698 0.037539 0.209275
0 0.639405 0.66152 0.645026 0.576083 0.569893 0.57114 0.564273 0.656577
0 0.454748 0.263069 0.627646 0.172026 0.583114 0.0874548 0.410215 0.178498
0 0.344163 0.639224 0.391428 0.626838 0.372024 0.55279 0.324759 0.565175
0 0.94605 1.00357 0.946533 0.976325 0.834096 0.974332 0.833613 1.00157
0 0.440148 0.718664 0.548919 0.686396 0.52499 0.605735 0.416219 0.638004
0 0.561823 0.607469 0.628591 0.605134 0.626352 0.541103 0.559584 0.543437
0 0.131071 0.194063 0.15772 0.134317 0.103179 0.109989 0.0765296 0.169734
0 0.164958 0.142864 0.187448 0.0666439 0.129397 0.0495152 0.106907 0.125735
0 0.0428217 0.283581 0.0856605 0.252378 0.0408423 0.190847 -0.00199653 0.222051
0 0.244786 0.514437 0.24536 0.432708 0.167674 0.432163 0.1671 0.513892
0 0.784916 0.416067 0.859339 0.378223 0.819523 0.299924 0.745101 0.337768
0 0.000477612 1.00017 0.0126098 0.999961 0.0117474 0.950629 -0.000384791 0.950841
