0 0.815769 0.314555 0.866208 0.188088 0.771745 0.150413 0.721306 0.27688
0 0.193425 0.980185 0.277458 0.82958 0.213341 0.793804 0.129308 0.944409
0 0.927753 0.188533 1.00852 0.186065 1.00495 0.0694377 0.924189 0.0719057
0 0.42658 0.99483 0.520395 0.854082 0.432027 0.79518 0.338211 0.935928
0 0.191002 1.00795 0.208176 0.95006 0.128305 0.926362 0.11113 0.984248
0 0.622731 0.956964 0.66511 0.887956 0.56673 0.827538 0.52435 0.896546
0 0.753202 0.253274 0.779735 0.153969 0.680419 0.127432 0.653885 0.226737
0 0.591854 0.388674 0.661529 0.311689 0.612521 0.267334 0.542846 0.344319
0 0.700415 0.107357 0.71618 0.014169 0.632169 -4.4167e-05 0.616403 0.0931442
0 0.805829 0.366759 0.824628 0.292643 0.703761 0.261986 0.684961 0.336102
0 0.87854 0.362126 0.947782 0.204592 0.869538 0.170202 0.800297 0.327736
0 0.778481 0.458308 0.79899 0.386433 0.725133 0.365359 0.704624 0.437234
0 0.891923 0.511592 0.945158 0.429517 0.850332 0.368011 0.797097 0.450087
0 0.0490564 0.649286 0.071248 0.530289 -0.0145165 0.514295 -0.0367081 0.633292
0 0.590179 0.817991 0.595216 0.755992 0.534066 0.751024 0.529029 0.813023
0 0.788727 0.157401 0.822394 0.0317606 0.711538 0.00205541 0.677871 0.127696
0 0.84316 0.9207 0.955277 0.828843 0.843523 0.69244 0.731406 0.784296
0 0.685009 0.830777 0.715906 0.781329 0.646835 0.738172 0.615939 0.787621
0 0.937296 0.869135 0.987679 0.845425 0.950999 0.767482 0.900617 0.791191
0 0.555469 0.671486 0.557698 0.617535 0.506312 0.615411 0.504082 0.669362
0 0.388724 0.557143 0.533939 0.385916 0.455874 0.319709 0.310658 0.490936
0 0.443998 0.709322 0.530215 0.678277 0.509881 0.621808 0.423665 0.652853
0 0.680957 0.574354 0.718022 0.505398 0.652235 0.470036 0.61517 0.538992
0 0.540592 0.34771 0.603871 0.260722 0.547619 0.219802 0.48434 0.30679
0 0.554303 0.651142 0.629934 0.606682 0.607678 0.568823 0.532048 0.613284
0 0.937577 0.201331 0.943751 0.11542 0.815583 0.106209 0.80941 0.19212
0 0.152406 0.0746781 0.159575 -0.0171636 0.0376789 -0.0266789 0.0305097 0.0651628
0 0.285466 0.550838 0.319426 0.508863 0.231547 0.437763 0.197586 0.479738
0 0.0687398 1.01481 0.11083 0.958148 -0.00303537 0.873558 -0.0451259 0.930215
0 1.00902 0.843694 1.0148 0.774993 0.963584 0.770685 0.957807 0.839386
0 0.974463 0.0293637 0.976551 -0.0017569 0.860891 -0.00951417 0.858804 0.0216065
0 0.656869 0.87206 0.675551 0.800602 0.597986 0.780324 0.579305 0.851782
0 0.969205 0.77421 1.01847 0.745536 0.978175 0.676308 0.928911 0.704982
0 0.66277 0.488242 0.689989 0.418638 0.588879 0.379099 0.56166 0.448704
0 0.669246 0.196086 0.700266 0.120723 0.65495 0.10207 0.623929 0.177433
0 0.326796 0.811662 0.389197 0.738028 0.337397 0.69413 0.274996 0.767764
0 0.73487 0.536902 0.771019 0.470758 0.702041 0.43306 0.665892 0.499204
0 1.00745 0.522723 1.0396 0.406575 0.958096 0.384014 0.925945 0.500161
0 0.755354 0.781338 0.905451 0.668072 0.825892 0.562641 0.675794 0.675907
0 0.44252 0.825389 0.50228 0.763791 0.468518 0.731036 0.408758 0.792634
0 0.522391 1.0406 0.56885 0.980316 0.509846 0.934842 0.463387 0.995124
0 0.409357 0.815216 0.471506 0.733034 0.40791 0.684941 0.345761 0.767122
0 0.29356 0.955081 0.308905 0.89985 0.23584 0.87955 0.220495 0.934781
0 0.376755 1.04646 0.413383 0.974223 0.334371 0.93416 0.297743 1.0064
0 0.621363 0.298701 0.669753 0.213301 0.617829 0.183879 0.569438 0.269279
0 0.0298638 0.796423 0.147842 0.656444 0.0830256 0.601814 -0.0349531 0.741793
0 0.41281 0.254924 0.645432 0.079593 0.581446 -0.00530106 0.348824 0.17003
0 1.02739 0.970234 1.04947 0.865387 0.920894 0.838304 0.898809 0.94315
0 0.596626 0.792256 0.654578 0.747733 0.593874 0.668718 0.535921 0.713242
0 0.448427 0.66427 0.520873 0.600409 0.472747 0.545813 0.400301 0.609674
0 0.943883 0.477197 1.03921 0.353405 0.926626 0.266707 0.831298 0.390499
0 0.0900409 0.842387 0.199661 0.705521 0.126845 0.647201 0.0172254 0.784066
0 0.844148 0.751035 0.918848 0.693999 0.823011 0.56848 0.74831 0.625517
0 0.508261 0.96171 0.564801 0.893939 0.5295 0.864487 0.472959 0.932258
0 0.733373 0.798086 0.75854 0.738947 0.66595 0.699545 0.640783 0.758683
0 0.891599 0.802882 1.01013 0.757226 0.977226 0.671814 0.858699 0.717469
0 0.936046 0.337704 1.02163 0.297912 0.991441 0.232971 0.905853 0.272764
0 0.798382 0.544173 0.835846 0.480554 0.801077 0.460079 0.763613 0.523698
0 0.393361 0.739007 0.425635 0.669623 0.360488 0.639321 0.328214 0.708705
0 0.952062 0.714474 1.01544 0.667588 0.966174 0.600999 0.902798 0.647886
0 0.936055 1.0055 0.936099 0.963405 0.879271 0.963345 0.879227 1.00544
0 0.589282 1.01829 0.607788 0.958691 0.546857 0.939772 0.528351 0.999376
0 0.688933 0.711513 0.718377 0.647832 0.653844 0.617994 0.6244 0.681675
0 0.45492 1.01082 0.458181 0.957446 0.36943 0.952024 0.366169 1.0054
0 0.637399 0.753503 0.683315 0.713547 0.625263 0.646836 0.579347 0.686792
0 0.97719 0.87935 1.00581 0.87807 1.00379 0.83299 0.975173 0.83427
0 0.30903 1.00191 0.428177 0.999235 0.426717 0.934177 0.30757 0.93685
0 0.672765 0.370642 0.690211 0.319243 0.641436 0.302687 0.623989 0.354086
0 -0.01177 1.00141 0.063249 1.00078 0.0628052 0.948407 -0.0122139 0.949042
0 0.715663 1.00449 0.764623 1.00359 0.763973 0.968172 0.715013 0.969071
0 0.817348 0.921533 0.93482 0.865757 0.90992 0.813313 0.792447 0.86909
0 0.780892 1.02744 0.820438 0.971237 0.774472 0.938895 0.734926 0.995101
0 0.423584 0.132742 0.55142 0.0164165 0.49144 -0.0494985 0.363604 0.0668271
0 0.506707 0.879833 0.564929 0.826748 0.491751 0.746488 0.433529 0.799574
0 0.139161 0.22926 0.200311 0.0556187 0.0403759 -0.000705205 -0.0207746 0.172936
0 0.675307 0.284757 0.707654 0.220035 0.61762 0.175038 0.585273 0.23976
0 0.936183 0.172567 0.957038 0.0335092 0.825601 0.0137968 0.804746 0.152855
0 0.177398 1.00361 0.177784 0.983091 0.0901235 0.981443 0.0897377 1.00197
0 0.62151 0.295648 0.648107 0.240246 0.598534 0.216447 0.571937 0.271849
