0 0.0912038 0.498752 0.125754 0.273755 0.020639 0.24506 -0.0139114 0.470056
0 0.793978 0.415902 0.971908 0.279608 0.921085 0.161655 0.743155 0.29795
0 0.0721094 0.968853 0.186803 0.930638 0.143442 0.699276 0.0287479 0.73749
0 0.708634 0.21583 0.783877 0.215518 0.783671 0.127265 0.708428 0.127577
0 0.504362 0.485729 0.51556 0.160747 0.416692 0.15469 0.405494 0.479672
0 0.39619 0.551149 0.407126 0.376482 0.319985 0.366783 0.30905 0.54145
0 0.39426 0.553248 0.508509 0.552534 0.508195 0.463106 0.393946 0.46382
0 0.0736303 0.106553 0.0768774 0.000480697 0.00472204 -0.00344618 0.0014749 0.102626
0 0.357239 0.302197 0.368898 0.215818 0.242266 0.185432 0.230607 0.271811
0 0.528282 0.145058 0.536196 0.0224872 0.445514 0.0120773 0.437599 0.134648
0 0.398321 0.256417 0.437242 0.118839 0.260683 0.0300411 0.221762 0.167619
0 0.581393 0.547743 0.718473 0.479232 0.692865 0.388145 0.555786 0.456657
0 0.606754 0.280951 0.609893 0.183177 0.503626 0.17711 0.500486 0.274885
0 0.59973 0.361674 0.600662 0.267459 0.510152 0.265866 0.50922 0.360081
0 0.317924 0.527014 0.319346 0.394632 0.233971 0.393001 0.232549 0.525383
0 0.197809 0.819446 0.376574 0.804568 0.372578 0.719195 0.193812 0.734073
0 0.956003 0.677047 1.02778 0.660551 1.00363 0.473752 0.931854 0.490247
0 0.593867 0.459059 0.675627 0.388978 0.631776 0.29803 0.550016 0.36811
0 0.509637 0.457138 0.565581 0.456512 0.564945 0.35553 0.509002 0.356156
0 0.146745 0.521761 0.18439 0.319463 0.114842 0.296454 0.0771965 0.498752
0 0.154637 0.127233 0.169428 -0.00757281 0.0802837 -0.0249611 0.0654928 0.109845
0 0.443982 0.126232 0.469426 0.00695113 0.307795 -0.0543435 0.28235 0.0649375
0 0.609532 0.153498 0.610431 0.0398736 0.526912 0.0386987 0.526013 0.152323
0 0.999956 0.0622207 1.00096 0.00164837 0.962707 0.000515727 0.961698 0.0610881
0 0.576922 0.554757 0.577394 0.483431 0.502495 0.48255 0.502023 0.553876
0 0.221463 0.544428 0.258739 0.341542 0.113072 0.293963 0.0757958 0.496849
0 0.318067 0.42459 0.321757 0.34433 0.246653 0.338191 0.242962 0.418451
0 0.265016 0.0681167 0.270169 -0.00665324 0.178397 -0.0178978 0.173244 0.0568722
0 0.862879 0.203162 0.944144 0.192418 0.934637 0.0645914 0.853373 0.0753356
0 0.245857 0.198175 0.253264 0.0498707 0.161631 0.0417354 0.154225 0.19004
0 0.150406 0.254592 0.156837 0.16855 0.102638 0.161349 0.096208 0.247391
0 0.778502 0.125293 0.784607 0.00462187 0.702326 -0.0027796 0.696221 0.117892
0 0.0321778 0.252393 0.0676507 0.103566 0.00918432 0.0787914 -0.0262887 0.227619
0 0.706795 0.48888 0.817128 0.391824 0.735375 0.2266 0.625041 0.323656
0 0.412875 0.362981 0.42832 0.249041 0.356379 0.231704 0.340934 0.345644
0 0.571087 0.0398628 0.572047 -0.00355067 0.458517 -0.0080113 0.457558 0.0354022
0 0.765036 0.323455 0.806123 0.232508 0.738652 0.178319 0.697565 0.269266
0 0.412785 0.231363 0.417581 0.136179 0.360894 0.131101 0.356098 0.226286
0 0.833238 0.114556 0.834601 0.0089676 0.757842 0.00720656 0.75648 0.112795
0 0.535369 0.0347411 0.61747 0.034676 0.617453 -0.00139717 0.535353 -0.00133202
0 0.0965813 0.250035 0.111605 0.12526 0.0591458 0.114031 0.044122 0.238805
0 0.891249 0.0875745 0.936609 0.0649588 0.914376 -0.0143177 0.869015 0.00829808
0 0.962803 0.339953 1.00752 0.337229 1.00124 0.153922 0.956522 0.156646
0 1.00069 0.302505 1.07966 0.145046 0.99046 0.0655191 0.911491 0.222978
0 0.0185089 0.420722 0.022269 0.260314 -0.0045247 0.259197 -0.00828476 0.419605
0 0.318538 0.997532 0.337175 0.880326 0.233628 0.851054 0.214991 0.968261
