0 0.611627 0.216075 0.709406 0.214743 0.708232 0.128572 0.610453 0.129904
0 0.18504 0.546436 0.195931 0.37302 0.0915101 0.366462 0.0806183 0.539878
0 0.920676 0.193401 0.92265 0.0727539 0.805884 0.0708431 0.80391 0.19149
0 0.472182 0.279191 0.475199 0.18884 0.337377 0.184237 0.334359 0.274588
0 0.207433 0.262171 0.262865 0.117187 0.0109408 0.0208692 -0.0444908 0.165853
0 0.146423 0.308508 0.163059 0.222365 -0.0008807 0.190706 -0.0175162 0.276848
0 0.265973 0.125257 0.29331 0.00899762 0.0792621 -0.0413331 0.0519251 0.0749264
0 0.372436 0.142373 0.382436 0.0190914 0.263772 0.00946572 0.253772 0.132747
0 0.466816 0.362442 0.468457 0.271004 0.342765 0.268749 0.341124 0.360186
0 0.432675 0.552625 0.627791 0.479477 0.592788 0.38611 0.397672 0.459258
0 0.713037 0.4305 0.957303 0.283358 0.882788 0.159659 0.638523 0.306802
0 0.334051 0.549486 0.433779 0.548482 0.433092 0.480238 0.333364 0.481242
0 0.343778 0.461215 0.425749 0.460578 0.42494 0.356523 0.342969 0.35716
0 0.189661 0.547061 0.335402 0.546134 0.334863 0.461354 0.189121 0.462281
0 0.489287 0.155938 0.493015 0.0444386 0.379278 0.0406358 0.37555 0.152136
0 0.941141 0.673365 1.0395 0.655831 1.0076 0.47691 0.909245 0.494443
0 0.949742 0.0667677 1.00095 0.0657822 0.999707 0.00111219 0.948498 0.00209766
0 0.091554 0.427561 0.0949897 0.345755 0.00325258 0.341902 -0.000183059 0.423709
0 0.0867295 0.525011 0.0890093 0.405044 -0.00321769 0.403292 -0.00549745 0.523258
0 0.312983 0.49152 0.392772 0.166733 0.226701 0.125935 0.146912 0.450723
0 0.130111 1.02795 0.278592 0.964019 0.174137 0.721426 0.0256555 0.785359
0 0.834216 0.0742054 0.911931 0.0733329 0.911094 -0.00119081 0.833379 -0.00031823
0 0.490298 0.0367432 0.491309 -0.000450641 0.405195 -0.00279184 0.404184 0.034402
0 0.691573 0.123882 0.695364 -0.00249217 0.603956 -0.0052341 0.600166 0.12114
0 0.950644 0.266307 1.00848 0.262496 0.995993 0.072907 0.938152 0.0767181
0 0.959991 0.335462 1.00963 0.331654 0.99985 0.204226 0.950215 0.208035
0 1.02048 0.254145 1.04894 0.103581 0.93793 0.0825962 0.909469 0.23316
0 0.689488 0.12002 0.845505 0.118433 0.844287 -0.00124666 0.68827 0.000340301
0 0.46326 0.465507 0.56487 0.380184 0.496888 0.299226 0.395278 0.384549
0 0.169558 0.821371 0.16987 0.72999 0.00359046 0.729423 0.00327884 0.820804
0 0.39732 1.14933 0.736941 0.910186 0.599086 0.714413 0.259465 0.953558
0 0.422774 0.0255328 0.423251 -0.000952387 0.274496 -0.00363035 0.27402 0.0228549
0 0.0610521 0.984017 0.066327 0.881184 -0.0166915 0.876925 -0.0219663 0.979758
0 0.0708887 0.945035 0.0970778 0.900179 0.0123218 0.850694 -0.0138674 0.895549
0 0.219014 0.37384 0.230601 0.23683 0.140307 0.229194 0.12872 0.366204
0 0.594221 0.481578 0.745695 0.398989 0.658787 0.239594 0.507313 0.322183
0 0.211767 0.229703 0.222294 0.142149 0.152733 0.133786 0.142206 0.221339
0 0.803434 0.892612 0.835552 0.710637 0.585732 0.666545 0.553614 0.84852
