0 0.762655 0.267697 0.87966 0.266879 0.879116 0.189072 0.762111 0.18989
0 0.690697 0.101067 0.692689 0.00585558 0.596488 0.00384222 0.594496 0.0990536
0 0.704383 0.448028 0.705585 0.332583 0.591363 0.331394 0.590161 0.446839
0 0.76097 0.191707 0.877514 0.191334 0.877285 0.119547 0.76074 0.11992
0 0.862099 0.327787 0.865557 0.264943 0.766724 0.259504 0.763265 0.322348
0 0.772897 0.492221 0.867228 0.491402 0.866611 0.42045 0.77228 0.42127
0 0.870654 0.124644 0.871199 0.0452203 0.760501 0.0444608 0.759956 0.123885
0 0.604203 0.170485 0.695211 0.170356 0.695101 0.0927566 0.604093 0.0928861
0 0.878427 0.677856 0.878868 0.570924 0.777741 0.570507 0.777301 0.677439
0 0.607167 0.716061 0.711367 0.714862 0.710157 0.609706 0.605957 0.610905
0 0.602129 0.555908 0.705614 0.554991 0.704654 0.446547 0.601168 0.447463
0 0.592207 0.280729 0.702516 0.280058 0.70211 0.21327 0.591801 0.213942
0 0.692555 1.0022 0.692925 0.919164 0.588034 0.918697 0.587664 1.00173
0 0.876253 0.575639 0.876308 0.485069 0.781726 0.485011 0.781672 0.575581
0 0.698347 0.219956 0.698588 0.160644 0.599849 0.160242 0.599607 0.219554
0 0.948612 0.704438 0.949279 0.627822 0.875611 0.62718 0.874944 0.703796
0 0.81008 1.00144 0.812047 0.87737 0.69216 0.875469 0.690193 0.999537
0 0.758396 0.0502136 0.865649 0.0497698 0.865449 0.00127705 0.758196 0.00172091
0 0.806218 0.948737 0.917917 0.948082 0.917263 0.836586 0.805564 0.837242
0 0.192208 0.591019 0.195972 0.500801 0.101224 0.496848 0.0974602 0.587066
0 0.867447 1.00071 0.868508 0.927185 0.798247 0.926171 0.797186 0.999698
0 0.930794 0.52673 1.00431 0.525937 1.00324 0.42617 0.929719 0.426962
0 0.768193 0.420899 0.861629 0.419875 0.861077 0.369567 0.767642 0.370591
0 0.921363 0.417326 1.00721 0.416138 1.00515 0.267235 0.919302 0.268423
0 0.475361 0.431525 0.583657 0.430653 0.582688 0.310222 0.474392 0.311093
0 0.763488 0.37618 0.858762 0.375984 0.858648 0.320055 0.763373 0.32025
0 0.593033 0.077245 0.593475 -0.000879623 0.492454 -0.00145117 0.492012 0.0766735
0 0.43974 0.235788 0.501184 0.23302 0.495718 0.111718 0.434274 0.114487
0 0.698587 0.327161 0.69998 0.276877 0.604653 0.274237 0.60326 0.32452
0 0.516138 0.725655 0.612859 0.725071 0.612269 0.627469 0.515549 0.628053
0 0.000991363 0.183144 0.0485136 0.182695 0.0476441 0.0907784 0.000121906 0.091228
0 0.0371313 0.455228 0.0422837 0.312726 0.000777086 0.311225 -0.00437534 0.453727
0 -0.00182455 0.961457 0.0595896 0.961299 0.0591814 0.80244 -0.0022328 0.802598
0 1.0027 0.182205 1.00272 0.102859 0.960697 0.102844 0.960668 0.182189
0 0.168469 0.634923 0.237796 0.604081 0.21892 0.561652 0.149593 0.592494
0 0.952112 0.0802153 1.0003 0.0797238 0.999602 0.0116891 0.951418 0.0121806
0 1.00073 0.701839 1.0021 0.556537 0.954312 0.556088 0.952946 0.70139
0 7.0639e-05 0.0976683 0.0488188 0.0971061 0.0479126 0.0185259 -0.000835542 0.0190881
0 0.952942 0.646547 1.00214 0.645604 1.0005 0.560345 0.951308 0.561288
0 0.0369878 0.3163 0.0382303 0.199152 0.000428909 0.198751 -0.00081356 0.315899
0 0.999956 0.447041 1.00074 0.41239 0.936194 0.410926 0.935408 0.445577
0 0.487951 0.25593 0.583509 0.254637 0.582449 0.176378 0.486892 0.177671
0 0.971442 0.285309 1.00224 0.285281 1.00216 0.201209 0.971365 0.201237
0 0.708655 1.00327 0.795956 1.00313 0.795926 0.984597 0.708626 0.984735
0 0.695043 0.0199237 0.695439 0.00120261 0.605777 -0.0006951 0.605381 0.018026
0 0.466981 0.0870077 0.470742 0.000977289 0.372756 -0.00330555 0.368996 0.0827249
