0 0.318807 0.834462 0.455098 0.78087 0.429803 0.716542 0.293512 0.770133
0 0.839579 0.128635 0.839658 0.0280409 0.744768 0.0279667 0.744689 0.128561
0 0.281706 0.263471 0.282626 0.180294 0.197305 0.179351 0.196384 0.262527
0 0.709423 0.636036 0.713945 0.538045 0.612923 0.533382 0.608401 0.631374
0 0.932966 0.10832 0.934526 0.0173538 0.825075 0.0154774 0.823516 0.106444
0 0.4576 0.223535 0.528478 0.199447 0.499575 0.114402 0.428697 0.13849
0 0.203277 0.287782 0.204162 0.199505 0.113466 0.198596 0.112581 0.286872
0 0.924044 0.0849884 1.00293 0.0848916 1.00282 0.000837912 0.923941 0.00093473
0 0.515997 0.187342 0.596698 0.187133 0.596463 0.0962455 0.515762 0.0964546
0 0.351936 0.534963 0.533005 0.467461 0.498976 0.37618 0.317907 0.443681
0 0.242448 0.102288 0.244734 -0.00362596 0.123491 -0.00624183 0.121206 0.0996718
0 0.903161 0.665798 1.00301 0.633155 0.95583 0.48884 0.855982 0.521482
0 0.673992 0.166124 0.674219 0.0743328 0.583751 0.0741087 0.583524 0.1659
0 0.884571 0.410235 0.926996 0.284772 0.798006 0.241155 0.755582 0.366617
0 0.757169 0.152477 0.757822 0.0514042 0.66504 0.0508051 0.664388 0.151878
0 0.0449813 0.13331 0.148202 0.0990205 0.117864 0.00769375 0.0146433 0.041983
0 0.635845 0.760351 0.761901 0.703032 0.71964 0.61009 0.593583 0.66741
0 0.367088 0.257056 0.369285 0.165686 0.277261 0.163474 0.275064 0.254844
0 0.120234 0.316741 0.121975 0.225285 0.0182557 0.223311 0.0165148 0.314767
0 0.477329 0.777756 0.625413 0.728984 0.601897 0.657582 0.453813 0.706354
0 0.858123 0.537349 0.96781 0.504662 0.927208 0.36841 0.81752 0.401097
0 0.780424 0.407482 0.783915 0.297817 0.688081 0.294766 0.684589 0.404431
0 0.239276 0.86976 0.302328 0.810501 0.23381 0.737597 0.170758 0.796856
0 0.612764 0.574598 0.715818 0.489411 0.633479 0.389802 0.530425 0.474989
0 0.45155 0.240384 0.451718 0.14497 0.356761 0.144803 0.356594 0.240218
0 0.405684 0.613591 0.577935 0.559043 0.548245 0.465287 0.375993 0.519836
0 0.000839161 0.145315 0.0522412 0.132052 0.0296748 0.0445883 -0.0217272 0.0578504
0 0.423689 0.670051 0.49374 0.646524 0.476574 0.595413 0.406523 0.618941
0 0.618651 1.02235 0.714709 0.976585 0.653297 0.847681 0.557238 0.893445
0 0.501159 1.00033 0.548584 0.948404 0.508067 0.911402 0.460643 0.96333
0 0.174221 0.893319 0.228257 0.847542 0.173592 0.783015 0.119556 0.828793
0 0.290278 1.02252 0.393623 0.99936 0.384822 0.960086 0.281477 0.983245
0 0.0026418 0.353938 0.0273911 0.352767 0.0229809 0.259588 -0.00176843 0.260759
0 0.893768 0.325236 1.00156 0.294636 0.982199 0.226436 0.874408 0.257036
0 0.499468 0.779994 0.566047 0.721867 0.518 0.666833 0.451421 0.724959
0 0.998808 0.861676 1.00185 0.830541 0.890172 0.819646 0.887134 0.850781
0 0.97007 0.277936 1.00369 0.276843 1.00098 0.193529 0.967361 0.194621
0 0.313534 0.0435198 0.371597 0.0427351 0.37097 -0.0037012 0.312907 -0.00291649
0 0.0683707 0.531172 0.207362 0.480082 0.180819 0.407869 0.0418272 0.458959
0 0.372193 0.0273458 0.44243 0.0253771 0.441433 -0.0101876 0.371196 -0.00821892
0 0.0188283 0.340748 0.0486692 0.313575 -0.00281194 0.25704 -0.0326529 0.284213
0 0.470317 1.01579 0.508231 0.969621 0.472196 0.940029 0.434282 0.986197
0 0.562177 0.553437 0.610937 0.535478 0.579206 0.449325 0.530446 0.467284
0 0.50564 1.02876 0.536483 0.978008 0.492218 0.951104 0.461374 1.00185
0 0.977069 0.388921 1.00284 0.388602 1.0018 0.305169 0.976037 0.305488
0 0.363963 0.527367 0.402287 0.513581 0.374694 0.436875 0.33637 0.450661
0 0.288708 1.00192 0.393846 0.997868 0.391832 0.945605 0.286694 0.949658
0 0.97455 0.342577 1.00244 0.34137 1.00042 0.294552 0.972524 0.295759
0 0.00151316 0.456412 0.0463039 0.447731 0.024752 0.336543 -0.0200388 0.345224
