0 0.613155 0.938227 0.623588 0.798557 0.50281 0.789535 0.492377 0.929205
0 0.530585 0.618224 0.559426 0.460794 0.440072 0.438928 0.411231 0.596359
0 0.401686 0.53989 0.414095 0.424537 0.311524 0.413503 0.299115 0.528856
0 0.463229 0.749094 0.49464 0.594612 0.405359 0.576459 0.373948 0.730941
0 0.250398 0.578252 0.316279 0.391197 0.154418 0.334189 0.0885373 0.521244
0 0.6485 0.808718 0.657313 0.716338 0.522743 0.703501 0.513931 0.795881
0 0.425094 1.02369 0.442021 0.886295 0.321796 0.871484 0.304869 1.00888
0 0.19353 0.883318 0.209886 0.775776 0.155529 0.767509 0.139173 0.875051
0 0.448292 0.908831 0.480097 0.737753 0.362909 0.715967 0.331105 0.887045
0 0.599951 1.01512 0.606023 0.931754 0.477004 0.922356 0.470931 1.00572
0 0.265469 1.03011 0.306266 0.864493 0.220471 0.843359 0.179674 1.00897
0 0.530493 0.181175 0.643235 0.0845129 0.597292 0.0309269 0.48455 0.127589
0 0.323935 0.823485 0.371487 0.57621 0.285216 0.55962 0.237664 0.806895
0 0.917661 0.0655815 1.00124 0.0647652 1.00059 -0.00121879 0.917016 -0.000402468
0 0.0341167 0.990376 0.0549855 0.878743 0.00545887 0.869485 -0.0154099 0.981118
0 0.700595 0.414146 0.740941 0.270657 0.67295 0.251539 0.632604 0.395029
0 0.0436018 0.886114 0.0510245 0.811208 -0.00847868 0.805312 -0.0159014 0.880217
0 0.373797 0.314291 0.502462 0.210852 0.445789 0.140357 0.317123 0.243795
0 0.68815 0.73059 0.775986 0.424543 0.637014 0.384657 0.549177 0.690704
0 0.729025 1.01026 0.733722 0.949295 0.667812 0.944216 0.663114 1.00518
0 0.0710065 0.221468 0.097247 0.154231 -0.00633934 0.113804 -0.0325798 0.181042
0 0.118977 1.01177 0.12682 0.955175 0.0358271 0.942565 0.0279844 0.999157
0 0.288356 0.956367 0.317149 0.800309 0.231523 0.78451 0.202729 0.940568
0 0.144938 0.973288 0.149337 0.894293 0.0403702 0.888225 0.0359712 0.96722
0 0.188199 0.204357 0.381828 0.0397096 0.31273 -0.0415508 0.119101 0.123097
0 0.133929 0.291858 0.150767 0.210465 0.0683816 0.193422 0.0515435 0.274815
0 0.342772 0.712117 0.370804 0.580929 0.288055 0.563247 0.260023 0.694435
0 0.31153 0.399122 0.374434 0.289013 0.118993 0.143082 0.056089 0.25319
0 0.0458625 0.546921 0.0528302 0.462096 -0.00179374 0.457609 -0.00876141 0.542435
0 0.0400067 0.253487 0.0467279 0.197904 -0.0037627 0.191799 -0.0104839 0.247381
0 0.0860502 0.831202 0.100703 0.751379 0.00378699 0.733589 -0.0108657 0.813412
0 0.800995 0.472748 0.82652 0.432927 0.740992 0.378105 0.715468 0.417926
0 0.693265 0.738424 0.70364 0.688929 0.541002 0.654838 0.530628 0.704333
0 0.905321 0.263014 1.00727 0.262165 1.00631 0.147348 0.904364 0.148197
0 0.416087 0.7972 0.425009 0.728915 0.369539 0.721667 0.360618 0.789953
0 0.141101 0.841398 0.149233 0.768059 0.0803685 0.760424 0.0722368 0.833762
0 0.908797 0.95334 0.941953 0.799089 0.869389 0.783491 0.836233 0.937742
0 0.162762 0.158886 0.232439 0.0960432 0.190664 0.0497245 0.120986 0.112567
0 -0.00752597 1.00162 0.0628716 1.00138 0.0627794 0.973736 -0.00761816 0.973971
