0 0.169525 0.812957 0.199478 0.739775 0.122675 0.722093 0.0927223 0.795275
0 0.398712 0.960769 0.399699 0.852416 0.251847 0.851658 0.25086 0.960012
0 0.853712 0.58211 0.866877 0.49707 0.778919 0.48941 0.765754 0.574451
0 0.11972 0.543832 0.240321 0.443307 0.145858 0.37956 0.0252574 0.480086
0 0.406457 0.61124 0.414335 0.532066 0.305134 0.525954 0.297256 0.605128
0 0.525717 0.627155 0.526528 0.538141 0.411283 0.53755 0.410472 0.626564
0 0.684631 0.950718 0.685076 0.837719 0.546554 0.837413 0.546109 0.950412
0 0.18855 0.730155 0.211101 0.629357 0.0894207 0.614043 0.0668687 0.714842
0 0.29452 0.592734 0.326228 0.512809 0.261876 0.498448 0.230168 0.578374
0 0.669161 0.582677 0.776173 0.582655 0.776141 0.496775 0.669129 0.496798
0 0.418006 0.792457 0.423833 0.708738 0.263463 0.70246 0.257636 0.786179
0 0.970332 0.85026 0.973031 0.739723 0.823622 0.73767 0.820922 0.848208
0 1.00156 0.0769564 1.0024 0.00260161 0.891957 0.00189902 0.891116 0.0762538
0 0.559545 0.102568 0.565559 0.0447098 0.26429 0.0270944 0.258275 0.0849529
0 0.539733 0.954373 0.539743 0.823855 0.387835 0.823849 0.387825 0.954367
0 0.210343 0.582563 0.280952 0.491741 0.202381 0.457382 0.131772 0.548204
0 0.749611 0.941858 0.836555 0.936366 0.824815 0.831824 0.737871 0.837316
0 0.53888 0.811087 0.666116 0.791287 0.630768 0.663513 0.503532 0.683313
0 1.00879 0.937452 1.00884 0.841467 0.883207 0.841428 0.883154 0.937413
0 0.826428 0.187128 0.834427 0.0820568 0.679283 0.075413 0.671284 0.180484
0 0.17175 0.963805 0.265468 0.958505 0.254414 0.848561 0.160696 0.853861
0 0.537236 0.621609 0.61307 0.606711 0.578381 0.507387 0.502547 0.522284
0 0.0447274 0.485299 0.158739 0.367248 0.0559101 0.311385 -0.058102 0.429436
0 0.604039 0.60729 0.687004 0.595195 0.66115 0.495431 0.578185 0.507526
0 0.466224 0.806079 0.539978 0.80217 0.529018 0.685871 0.455264 0.689781
0 0.0704217 0.95341 0.173717 0.951121 0.169763 0.850766 0.0664676 0.853056
0 0.75559 0.400663 0.757166 0.264559 0.548028 0.263196 0.546452 0.3993
0 0.697407 0.749229 0.767027 0.742376 0.749699 0.643354 0.680079 0.650207
0 0.840759 0.737002 0.85029 0.641638 0.751345 0.636076 0.741814 0.73144
0 0.681254 0.938074 0.754076 0.933124 0.742079 0.833863 0.669258 0.838814
0 0.72665 0.123707 0.821328 0.0414094 0.718593 -0.0250724 0.623915 0.0572256
0 0.843758 0.780302 0.949358 0.705381 0.888018 0.656749 0.782419 0.731671
0 0.107547 0.66812 0.124177 0.584648 0.00446097 0.571232 -0.0121689 0.654704
0 0.569962 0.0558999 0.577698 -0.00208624 0.421543 -0.0138051 0.413806 0.044181
0 0.778132 0.240539 0.893126 0.194187 0.856473 0.143038 0.741479 0.18939
0 0.412771 0.784372 0.468811 0.781314 0.459945 0.689921 0.403904 0.69298
0 0.942771 0.638767 1.03844 0.565866 0.982999 0.52494 0.887329 0.597841
0 0.344405 0.276217 0.420373 0.273246 0.408949 0.108952 0.332981 0.111923
0 0.559994 0.256336 0.570912 0.121593 0.398147 0.113719 0.38723 0.248462
0 1.00802 0.146081 1.00891 0.0688821 0.915708 0.0682758 0.914815 0.145475
0 -0.00780832 0.967576 0.072399 0.966802 0.07023 0.840416 -0.00997727 0.84119
0 -0.0104088 0.840257 0.0395924 0.838365 0.0327405 0.736498 -0.0172607 0.73839
0 0.402007 0.536557 0.417412 0.468809 0.313056 0.455462 0.297652 0.52321
0 0.923791 0.998831 1.01138 0.998412 1.01122 0.979695 0.923632 0.980114
0 0.928279 1.00211 0.928616 0.984245 0.833361 0.983234 0.833024 1.0011
0 0.0376404 0.379308 0.0596849 0.295125 -0.0157628 0.284012 -0.0378073 0.368194
0 0.956466 0.665546 1.00429 0.665295 1.00389 0.622261 0.956064 0.622512
0 0.0538573 0.604621 0.0563242 0.528595 -0.00298511 0.527512 -0.00545204 0.603538
0 0.918878 0.607424 0.976034 0.519978 0.881277 0.48514 0.824121 0.572586
0 0.525886 0.208734 0.526933 0.135843 0.434596 0.135097 0.433548 0.207987
0 0.658986 0.0568012 0.660477 -0.0018806 0.561394 -0.00329657 0.559903 0.0553852
0 0.467633 0.952285 0.555704 0.948037 0.547003 0.846554 0.458932 0.850801
0 0.950344 0.487753 1.00572 0.487083 1.00424 0.418323 0.948864 0.418993
0 0.981571 0.426399 1.03975 0.287511 0.857674 0.244605 0.799491 0.383493
0 0.953944 0.19224 1.00559 0.1914 1.0038 0.129407 0.952152 0.130247
0 0.000733122 0.367457 0.0720017 0.36683 0.0702423 0.254299 -0.00102631 0.254926
0 0.759046 1.00103 0.824103 1.00086 0.824024 0.984474 0.758967 0.984651
0 0.641382 0.205778 0.691405 0.192297 0.660292 0.127352 0.610268 0.140832
