0 0.930299 0.343545 0.93719 0.175936 0.787454 0.16978 0.780563 0.337389
0 0.905491 0.533418 0.916178 0.331088 0.775981 0.323683 0.765294 0.526013
0 0.721464 0.518766 0.726075 0.355174 0.618063 0.352129 0.613452 0.515722
0 0.713115 0.730582 0.715543 0.596063 0.527326 0.592666 0.524898 0.727186
0 0.62226 0.303113 0.698053 0.186712 0.599623 0.12262 0.52383 0.239022
0 0.466915 0.433168 0.619595 0.275276 0.532867 0.19141 0.380186 0.349302
0 0.653448 0.919183 0.655046 0.846738 0.52029 0.843765 0.518692 0.916209
0 0.136356 0.388849 0.237394 0.281442 0.18443 0.231619 0.0833924 0.339026
0 0.457239 0.767205 0.461876 0.631049 0.353248 0.62735 0.348612 0.763507
0 0.620186 0.529087 0.624129 0.429548 0.549333 0.426586 0.54539 0.526125
0 0.784503 0.526053 0.792142 0.398599 0.720666 0.394314 0.713026 0.521769
0 0.673067 0.206197 0.775624 0.115727 0.705075 0.0357522 0.602518 0.126223
0 0.656206 0.850431 0.657403 0.774577 0.522384 0.772445 0.521186 0.848299
0 0.646606 1.00844 0.649519 0.912885 0.510889 0.908659 0.507976 1.00421
0 0.225492 0.303722 0.37926 0.148222 0.310849 0.0805725 0.15708 0.236072
0 0.338924 0.609612 0.46851 0.441233 0.352954 0.3523 0.223368 0.520678
0 0.883202 0.907369 0.885393 0.788894 0.746219 0.78632 0.744028 0.904795
0 0.425028 0.901081 0.456536 0.774038 0.313263 0.738506 0.281756 0.865549
0 0.129205 0.999481 0.245907 0.86727 0.152102 0.784469 0.0353999 0.91668
0 0.375314 0.185794 0.479805 0.0784193 0.398712 -0.000495702 0.294221 0.106879
0 0.247361 0.640375 0.307889 0.596792 0.219179 0.473593 0.158651 0.517176
0 0.899336 0.801974 0.907204 0.620929 0.727709 0.613128 0.719841 0.794173
0 0.875365 0.964123 0.875739 0.895649 0.738232 0.894898 0.737858 0.963372
0 0.0299656 0.532424 0.167338 0.373232 0.110102 0.323841 -0.0272705 0.483033
0 0.176859 0.673408 0.229525 0.571166 0.135961 0.522971 0.0832956 0.625214
0 1.00128 0.936504 1.00494 0.813468 0.957617 0.812058 0.95395 0.935093
0 0.879921 1.00249 0.880063 0.961023 0.72832 0.960502 0.728178 1.00197
0 0.201655 1.05624 0.315934 0.94292 0.246518 0.872914 0.132238 0.986232
0 0.785087 0.763947 0.790437 0.622672 0.714993 0.619815 0.709643 0.76109
0 0.0693075 0.32264 0.189304 0.17746 0.0306417 0.0463203 -0.0893545 0.191501
0 0.927488 0.185693 0.935216 0.0780749 0.838762 0.071148 0.831033 0.178766
0 0.453066 0.103279 0.564448 0.0072782 0.494431 -0.0739555 0.383049 0.0220457
0 0.999714 0.99624 0.999835 0.938524 0.952905 0.938425 0.952783 0.996141
0 1.00149 0.822549 1.00333 0.729745 0.964879 0.728982 0.963039 0.821787
0 1.0007 0.730793 1.00346 0.585188 0.974939 0.584648 0.972184 0.730253
0 0.999992 0.553024 1.00195 0.456345 0.981894 0.45594 0.979939 0.552618
0 0.04965 0.830392 0.0969581 0.697702 -0.0139153 0.658172 -0.0612234 0.790862
0 0.371238 1.00305 0.371578 0.966426 0.32137 0.965961 0.321031 1.00258
0 0.0382055 0.559577 0.0386365 0.471922 -0.00459499 0.471709 -0.00502602 0.559364
0 0.624914 1.00585 0.701815 1.00493 0.701337 0.96509 0.624436 0.966013
0 0.275971 1.00032 0.369651 0.997825 0.368126 0.940501 0.274446 0.942994
0 0.0178793 0.921634 0.0834285 0.839271 0.0151259 0.784912 -0.0504234 0.867275
0 1.00018 0.60914 1.00077 0.504478 0.978734 0.504353 0.978142 0.609015
0 0.275246 1.0282 0.330991 0.962238 0.294799 0.931651 0.239054 0.99761
0 0.294556 0.0887194 0.348281 0.0313518 0.301718 -0.0122544 0.247993 0.0451133
0 0.92293 0.070072 0.945027 0.00538856 0.871942 -0.0195783 0.849845 0.0451051
0 0.0869505 0.135488 0.187327 0.0097162 0.112807 -0.0497565 0.012431 0.0760153
0 0.333951 0.0650839 0.399755 0.00446787 0.356611 -0.0423693 0.290806 0.0182467
0 0.317147 1.04403 0.360444 0.977234 0.300497 0.938376 0.2572 1.00517
0 0.322975 0.819068 0.356696 0.705292 0.23861 0.670294 0.204889 0.78407
0 0.25324 0.0770362 0.270552 -0.0168964 0.17131 -0.035188 0.153997 0.0587446
0 0.000190631 0.830454 0.108048 0.828245 0.104112 0.63602 -0.00374613 0.638228
