0 0.266757 0.212313 0.278021 0.0841363 0.164686 0.0741768 0.153422 0.202354
0 0.459524 0.865727 0.484639 0.705025 0.370518 0.68719 0.345404 0.847892
0 0.193152 0.555305 0.20748 0.438241 0.0801683 0.422658 0.0658402 0.539722
0 0.710774 0.789472 0.734194 0.601295 0.59558 0.584044 0.57216 0.77222
0 0.249039 0.347734 0.260066 0.200228 0.131617 0.190625 0.12059 0.338131
0 0.236492 0.456867 0.255779 0.348232 0.109451 0.322252 0.090163 0.430887
0 0.558005 0.509517 0.566267 0.412376 0.420103 0.399943 0.41184 0.497085
0 0.499673 0.71629 0.508692 0.60662 0.389031 0.596779 0.380012 0.706449
0 0.990987 0.772708 1.0056 0.684156 0.815141 0.652733 0.800531 0.741285
0 0.230013 0.899179 0.248594 0.808771 0.00355183 0.758407 -0.0150297 0.848815
0 0.528945 0.150129 0.539147 0.0407545 0.410039 0.0287115 0.399836 0.138086
0 0.531694 0.616204 0.539357 0.499879 0.407802 0.491213 0.40014 0.607538
0 0.576112 0.423782 0.585442 0.340743 0.456203 0.326221 0.446872 0.40926
0 0.368586 0.252639 0.375001 0.140651 0.286716 0.135594 0.2803 0.247582
0 0.610519 0.292422 0.618489 0.165345 0.483314 0.156867 0.475344 0.283944
0 0.318697 0.0964914 0.322591 -0.00611437 0.18451 -0.0113554 0.180615 0.0912503
0 0.905671 0.330376 0.916699 0.222223 0.707538 0.200897 0.69651 0.309049
0 0.197435 0.993261 0.218961 0.894863 -0.00779262 0.845257 -0.0293187 0.943654
0 0.661592 1.00007 0.669214 0.858735 0.526938 0.851062 0.519316 0.992395
0 1.00842 0.685713 1.01936 0.608948 0.833553 0.582482 0.822618 0.659247
0 0.101335 0.0811442 0.103269 -0.0030354 0.00416794 -0.00531175 0.00223433 0.0788679
0 0.641417 0.172215 0.650602 0.0713322 0.523224 0.059735 0.514039 0.160617
0 0.956719 0.080237 0.964869 -0.00221317 0.854316 -0.0131412 0.846165 0.0693089
0 0.0830426 0.150026 0.0860885 0.0694208 -0.00051918 0.0661481 -0.00356508 0.146754
0 0.588133 0.346721 0.595646 0.280496 0.469715 0.266209 0.462202 0.332434
0 0.973137 0.858453 0.983135 0.780954 0.790872 0.75615 0.780874 0.833649
0 0.155876 0.711934 0.164993 0.583936 0.0440857 0.575324 0.0349689 0.703322
0 0.160179 0.771302 0.164316 0.700036 0.0211746 0.691728 0.0170381 0.762993
0 0.953171 0.927438 0.9617 0.85145 0.770013 0.829937 0.761485 0.905925
0 0.894263 0.220287 0.902711 0.137159 0.723345 0.118931 0.714897 0.20206
0 0.16537 0.603693 0.174629 0.544799 0.0668145 0.527849 0.0575558 0.586744
0 0.854898 0.0497014 0.857641 -0.00709216 0.73054 -0.0132293 0.727798 0.0435643
0 0.93745 1.00119 0.945485 0.915452 0.750036 0.897136 0.742002 0.982869
0 0.412044 0.14551 0.418634 0.0145771 0.306749 0.00894563 0.300159 0.139878
0 0.501356 1.00306 0.629109 1.00236 0.628906 0.96528 0.501152 0.965981
0 1.01313 0.607637 1.01999 0.532675 0.853693 0.517459 0.846834 0.592422
0 0.916752 1.00914 0.917677 0.961357 0.731927 0.957763 0.731002 1.00554
0 1.01263 0.331071 1.03613 0.167682 0.944731 0.154536 0.92123 0.317925
0 0.153918 1.0132 0.158976 0.969083 0.0795716 0.959981 0.0745139 1.0041
0 0.733602 0.645373 0.844419 0.314464 0.690773 0.26301 0.579956 0.593919
0 0.0685455 0.246775 0.0694452 0.152301 -0.000943814 0.151631 -0.00184347 0.246104
0 0.390669 0.486078 0.399933 0.398387 0.323389 0.390301 0.314125 0.477992
0 0.983228 0.0945851 0.998003 0.00616799 0.960528 -9.4081e-05 0.945754 0.0883231
0 0.0547968 0.329285 0.0564659 0.24226 -0.00141295 0.24115 -0.00308201 0.328175
0 0.355689 0.769032 0.362799 0.688637 0.299121 0.683006 0.292011 0.7634
0 0.999718 0.530642 1.00445 0.454537 0.873663 0.446403 0.86893 0.522508
0 1.00025 0.390673 1.00389 0.311396 0.909823 0.307079 0.906185 0.386357
0 0.926692 0.236403 0.94719 0.152856 0.887834 0.138294 0.867336 0.22184
0 1.00083 0.104421 1.0049 0.00972799 0.97817 0.00857977 0.974102 0.103273
0 0.999334 0.465952 1.00316 0.381891 0.8893 0.376713 0.885477 0.460773
0 0.981318 0.92255 1.00146 0.922499 1.00128 0.853252 0.981143 0.853303
0 0.0447418 0.999278 0.0447478 0.972194 0.000203851 0.972184 0.000197904 0.999268
0 0.000474609 0.997282 0.0443081 0.996948 0.0439507 0.950054 0.00011717 0.950388
