0 0.645915 0.705734 0.77918 0.651939 0.664883 0.492669 0.531618 0.546463
0 0.812412 0.670624 0.934952 0.669522 0.933407 0.572886 0.810867 0.573988
0 0.72811 0.80489 0.910216 0.787623 0.899321 0.722992 0.717215 0.74026
0 0.370526 0.396399 0.512672 0.33348 0.365958 0.147037 0.223811 0.209956
0 0.468166 0.975269 0.536967 0.974048 0.5352 0.918024 0.466399 0.919244
0 0.98019 0.41328 0.984555 0.301918 0.802006 0.297894 0.797641 0.409256
0 0.887141 0.79644 1.0005 0.796409 1.00046 0.711478 0.887099 0.711509
0 0.48047 0.827481 0.581953 0.827134 0.581489 0.75067 0.480006 0.751017
0 0.229859 0.847235 0.231612 0.802672 0.0984515 0.799724 0.0966978 0.844287
0 0.235144 0.246443 0.420251 0.149754 0.235865 -0.0488077 0.0507585 0.0478812
0 0.895765 0.867253 1.00099 0.865987 0.999599 0.80097 0.894374 0.802235
0 0.0982566 0.843381 0.0993073 0.784912 -0.000404209 0.783904 -0.00145489 0.842373
0 0.644675 0.814557 0.721226 0.814207 0.720721 0.752106 0.64417 0.752456
0 0.388718 0.820433 0.451223 0.819978 0.450508 0.764805 0.388003 0.765261
0 0.731873 0.301124 0.736523 0.150846 0.553736 0.147665 0.549087 0.297943
0 0.181584 0.71474 0.182267 0.61433 0.0313103 0.613752 0.0306273 0.714163
0 0.932608 0.665401 1.00192 0.665154 1.0013 0.566382 0.931983 0.566629
0 0.218449 0.743475 0.333421 0.682878 0.161355 0.499243 0.0463825 0.559841
0 0.807189 0.455448 0.962933 0.451865 0.96096 0.403634 0.805216 0.407217
0 0.533615 0.584256 0.677917 0.512118 0.491546 0.302411 0.347244 0.374549
0 0.610402 0.973674 0.612468 0.914918 0.532582 0.913338 0.530516 0.972094
0 0.0431382 0.577451 0.165618 0.506279 0.0926939 0.435689 -0.0297854 0.506861
0 0.722651 0.315435 0.815439 0.314517 0.814106 0.238813 0.721318 0.239731
0 0.844829 0.306138 0.975666 0.293479 0.964962 0.231251 0.834125 0.24391
0 0.059505 0.917459 0.0595734 0.856504 -0.00181181 0.856466 -0.00188015 0.91742
0 0.20259 0.95593 0.202596 0.873262 0.0984833 0.873258 0.0984776 0.955926
0 0.65452 0.5068 0.755812 0.502875 0.741909 0.301016 0.640617 0.30494
0 0.573754 0.823824 0.654302 0.822948 0.652829 0.74677 0.572281 0.747646
0 0.24475 0.882034 0.419799 0.855949 0.39427 0.759585 0.219221 0.785671
0 0.223451 0.830108 0.400925 0.817936 0.394034 0.761425 0.216561 0.773598
0 0.456229 0.889338 0.457512 0.833316 0.384262 0.832372 0.382979 0.888395
0 0.658989 0.0560876 0.666805 -0.00537585 0.584419 -0.011269 0.576603 0.0501944
0 0.290562 0.123491 0.539589 0.118687 0.535366 -0.00445364 0.286339 0.000349811
0 -0.00495643 0.711003 0.0240409 0.710755 0.0225326 0.611592 -0.00646478 0.61184
0 0.00283045 0.476094 0.128096 0.47596 0.127783 0.311109 0.00251745 0.311243
0 0.476814 0.106359 0.533283 -0.0293903 0.362287 -0.0694012 0.305818 0.0663481
0 0.223802 0.8092 0.223908 0.771759 0.0999497 0.771562 0.099844 0.809003
0 0.358129 0.904445 0.359904 0.86544 0.29602 0.863805 0.294245 0.90281
0 0.0443689 0.999733 0.0451069 0.96445 -0.000173877 0.963917 -0.000911886 0.9992
