0 0.315003 0.302093 0.501333 0.201137 0.426496 0.123442 0.240166 0.224398
0 0.366273 0.613536 0.501474 0.544668 0.439797 0.476559 0.304596 0.545426
0 0.491386 0.557708 0.61369 0.483025 0.53534 0.410851 0.413036 0.485534
0 0.140952 0.392814 0.340431 0.296715 0.272106 0.216937 0.0726272 0.313036
0 0.815617 0.731279 0.956552 0.657474 0.871568 0.56619 0.730633 0.639995
0 0.0223865 0.797425 0.213115 0.700626 0.151104 0.631896 -0.0396254 0.728695
0 0.943255 1.00559 1.03992 0.936388 0.970431 0.881787 0.873767 0.950985
0 0.716585 0.792516 0.833843 0.709484 0.735241 0.631158 0.617983 0.71419
0 0.598325 0.497685 0.726053 0.430354 0.645621 0.344527 0.517893 0.411857
0 0.60684 0.855744 0.733032 0.769838 0.633422 0.687532 0.507231 0.773438
0 0.322665 0.169985 0.394949 0.132359 0.267492 -0.00537409 0.195209 0.0322517
0 0.978343 0.298044 1.08402 0.245182 0.970548 0.117585 0.864872 0.170447
0 0.223263 1.04629 0.445139 0.928881 0.376409 0.85582 0.154533 0.973225
0 0.0618789 0.105695 0.180624 0.0262544 0.0894717 -0.0503875 -0.0292738 0.0290534
0 -0.00499758 0.120959 0.0602856 0.119557 0.0573334 0.0421849 -0.00794972 0.0435861
0 0.353603 0.37952 0.445571 0.334961 0.402269 0.284689 0.310302 0.329248
0 0.119197 0.0374095 0.236107 0.0369807 0.235837 -0.00453523 0.118926 -0.00410649
0 0.0573618 0.812084 0.0616992 0.747857 -0.00720229 0.74524 -0.0115397 0.809467
0 0.71189 0.0643817 0.902938 0.0600415 0.89951 -0.0248341 0.708462 -0.0204938
0 0.909152 0.201169 0.99666 0.127117 0.894473 0.0591924 0.806966 0.133244
0 0.0493084 0.78338 0.12747 0.722396 0.0544857 0.669778 -0.0236762 0.730763
