0 0.548717 0.54507 0.549944 0.482563 0.490769 0.481402 0.489542 0.543909
0 0.487387 0.254294 0.518757 0.134325 0.461585 0.119375 0.430215 0.239344
0 0.442074 0.210313 0.475776 0.043301 0.31675 0.0112103 0.283048 0.178223
0 0.611942 0.660319 0.616594 0.609063 0.544395 0.602511 0.539743 0.653767
0 0.866597 0.281155 0.867089 0.205375 0.780979 0.204815 0.780487 0.280596
0 0.396257 0.841361 0.426896 0.762086 0.366794 0.738857 0.336155 0.818132
0 0.693592 0.474613 0.705215 0.337833 0.589532 0.328004 0.57791 0.464783
0 0.46354 0.127577 0.482124 0.0592156 0.324321 0.0163185 0.305737 0.0846802
0 0.77693 0.321478 0.792647 0.218871 0.737437 0.210414 0.72172 0.313021
0 0.713239 0.470403 0.723494 0.34766 0.663415 0.342641 0.65316 0.465384
