0 0.459704 0.550581 0.480959 0.493181 0.407138 0.477805 0.385883 0.535205
0 0.922306 0.766581 1.02643 0.675761 0.966646 0.637203 0.862519 0.728023
0 0.952274 0.339591 0.992261 0.271683 0.864362 0.22932 0.824375 0.297227
0 0.38778 0.463317 0.447556 0.44317 0.403436 0.369538 0.34366 0.389686
0 0.243459 0.715637 0.248432 0.625572 0.119334 0.621562 0.114361 0.711627
0 0.389542 0.27614 0.519438 0.234961 0.479188 0.163542 0.349292 0.20472
0 0.179773 0.334962 0.190241 0.245839 0.0685824 0.2378 0.0581137 0.326923
0 0.553872 0.622929 0.696398 0.621069 0.694021 0.518566 0.551495 0.520426
0 0.647824 0.304529 0.752451 0.152742 0.638664 0.108623 0.534037 0.260411
0 0.450033 0.191292 0.454077 0.113102 0.343766 0.109893 0.339722 0.188082
0 0.522762 0.338525 0.547175 0.255097 0.431381 0.236038 0.406968 0.319465
0 0.177822 0.774477 0.301814 0.731757 0.272882 0.684522 0.14889 0.727242
0 0.433402 0.918921 0.630156 0.837559 0.558902 0.740635 0.362148 0.821997
0 0.293868 0.688013 0.437087 0.658022 0.41075 0.587277 0.267531 0.617267
0 0.679111 0.435236 0.793731 0.401034 0.752659 0.323609 0.638039 0.357811
0 0.924904 0.426074 0.953397 0.322874 0.855725 0.307705 0.827232 0.410905
0 0.0506145 0.694424 0.0599906 0.631727 -0.0146921 0.625444 -0.0240682 0.688141
0 0.632344 0.366374 0.76878 0.334416 0.734609 0.252355 0.598172 0.284312
0 0.451979 0.81808 0.487237 0.730172 0.370394 0.703812 0.335136 0.79172
0 0.0156874 0.96963 0.131855 0.930184 0.0945029 0.868309 -0.0216645 0.907755
0 0.0431454 0.665424 0.113592 0.665175 0.113243 0.609624 0.0427966 0.609873
0 0.990761 0.278862 1.02936 0.21323 0.931166 0.18075 0.89257 0.246382
0 0.401745 0.555949 0.405531 0.506888 0.339177 0.504008 0.335391 0.553069
0 0.00510889 0.435742 0.0992133 0.414151 0.0797341 0.366394 -0.0143703 0.387984
0 0.56261 0.533428 0.676362 0.513152 0.661324 0.465698 0.547572 0.485974
0 0.0540201 0.59733 0.193732 0.539465 0.137327 0.462859 -0.00238516 0.520724
0 0.117054 0.644941 0.221409 0.614305 0.197984 0.569423 0.0936295 0.600059
0 0.312975 0.310575 0.397062 0.253488 0.315701 0.186076 0.231613 0.243163
0 0.293599 0.515783 0.322462 0.425175 0.192185 0.401832 0.163322 0.492439
0 0.44344 0.445193 0.501485 0.42526 0.459588 0.356633 0.401543 0.376566
0 0.751599 0.123444 0.829731 0.00695672 0.735127 -0.0287362 0.656995 0.0877509
0 0.592138 0.421448 0.601756 0.321615 0.459542 0.313908 0.449924 0.413741
0 0.340983 0.48016 0.393831 0.46282 0.353109 0.393009 0.300261 0.41035
0 0.758465 0.868878 0.869876 0.82503 0.818502 0.751606 0.707092 0.795453
0 0.245295 0.592847 0.35973 0.561833 0.338819 0.518434 0.224385 0.549448
0 0.0708204 0.907754 0.0907644 0.82919 -0.01376 0.814264 -0.033704 0.892829
0 0.302636 0.0869683 0.409237 0.0577337 0.379895 -0.00244982 0.273294 0.0267848
0 -0.00366355 0.821791 0.0538893 0.820038 0.0512209 0.770768 -0.00633197 0.772521
0 0.0733177 0.234329 0.162436 0.160614 0.066894 0.0956417 -0.0222242 0.169356
0 0.64153 0.958261 0.779458 0.859751 0.730972 0.821565 0.593045 0.920075
0 0.295203 1.02012 0.442718 0.979753 0.419384 0.931787 0.27187 0.972152
0 0.329018 0.129497 0.437507 0.102848 0.415612 0.0527083 0.307122 0.0793574
0 0.320463 0.733362 0.425128 0.714207 0.409971 0.66762 0.305306 0.686776
0 0.543884 0.501778 0.656806 0.470137 0.63079 0.417909 0.517868 0.44955
0 0.257331 0.893802 0.37463 0.861873 0.343064 0.796645 0.225766 0.828574
0 0.200876 0.80109 0.319318 0.765203 0.29885 0.727204 0.180408 0.763091
0 0.266808 0.623127 0.388699 0.592301 0.369941 0.550578 0.24805 0.581404
0 0.220818 0.834193 0.338484 0.80516 0.319505 0.761894 0.20184 0.790927
0 0.0539909 0.390644 0.0730904 0.347088 0.00840547 0.331133 -0.0106941 0.374688
0 0.495627 0.539225 0.560818 0.502016 0.509038 0.450986 0.443847 0.488195
0 0.786077 0.793121 0.834112 0.69473 0.700788 0.658118 0.652753 0.756508
0 0.290651 0.978991 0.424467 0.939353 0.382515 0.859688 0.248699 0.899326
0 0.315936 0.482496 0.376201 0.46466 0.344467 0.404344 0.284201 0.422179
0 0.823969 0.483986 0.900578 0.44892 0.837767 0.371732 0.761158 0.406799
0 0.20596 0.450867 0.261748 0.369908 0.161463 0.331037 0.105676 0.411996
0 -0.005866 0.344255 0.0458023 0.34288 0.0433821 0.291737 -0.00828624 0.293113
0 0.996071 0.211077 1.04975 0.121254 0.973006 0.0954576 0.919329 0.18528
0 0.669976 0.721173 0.791623 0.649211 0.70649 0.568262 0.584843 0.640224
0 0.642012 0.0405912 0.65546 -0.00379083 0.561618 -0.0197845 0.54817 0.0245974
0 -0.0129177 0.5777 0.0454366 0.576832 0.0439697 0.521379 -0.0143846 0.522248
0 0.925666 0.463034 1.0046 0.462181 1.00241 0.348002 0.923471 0.348855
0 0.522697 1.03122 0.6714 0.948517 0.606808 0.88319 0.458105 0.965895
0 0.760577 0.549011 0.860352 0.513644 0.786516 0.396475 0.686741 0.431842
0 0.107405 0.49706 0.128667 0.421269 0.0289543 0.405535 0.00769325 0.481327
0 0.491778 0.979591 0.630177 0.9008 0.57579 0.847063 0.437391 0.925854
0 0.0587766 0.266319 0.160218 0.233756 0.138983 0.196545 0.0375415 0.229108
0 1.00117 0.0902165 1.00365 0.0310744 0.961287 0.0300758 0.958808 0.0892178
0 0.065615 0.515996 0.0701639 0.436504 -0.0134471 0.433813 -0.0179961 0.513305
0 0.30298 0.342937 0.305683 0.283864 0.218424 0.281618 0.215721 0.340691
0 0.567405 0.123262 0.605045 0.0102471 0.480415 -0.0131009 0.442776 0.0999143
0 0.036139 0.773229 0.0368835 0.722553 -0.00602734 0.722198 -0.00677189 0.772874
0 0.263946 0.0312396 0.381139 0.0162518 0.373807 -0.0159976 0.256614 -0.00100979
0 0.253861 0.0394896 0.35189 0.0335095 0.346894 -0.0125554 0.248865 -0.00657531
0 0.933936 0.779013 1.00385 0.776737 0.999716 0.705216 0.929798 0.707492
0 0.743014 0.149079 0.787737 0.0707328 0.690397 0.0394773 0.645674 0.117824
0 0.110644 1.02579 0.148337 0.969264 0.0692317 0.939594 0.0315386 0.996123
0 0.0574615 0.060096 0.0751342 0.00146782 -0.00489292 -0.0121015 -0.0225657 0.0465267
0 0.476953 0.632024 0.563545 0.592632 0.528743 0.5496 0.442151 0.588991
0 0.653007 0.297869 0.722679 0.210019 0.617212 0.16297 0.547541 0.25082
0 0.373116 1.00794 0.451485 1.00354 0.447915 0.967763 0.369546 0.972162
0 0.638388 1.00752 0.716231 1.00675 0.715404 0.959828 0.637561 0.9606
0 0.759714 0.543605 0.858038 0.505956 0.815037 0.442787 0.716713 0.480435
0 0.521412 0.0512598 0.522088 -0.00516419 0.437752 -0.00573193 0.437077 0.0506921
0 -0.0037803 0.324882 0.0291236 0.324187 0.0267051 0.259821 -0.00619887 0.260517
0 1.00199 0.140347 1.00642 0.0891148 0.965948 0.0871474 0.96152 0.138379
0 0.0454408 0.153892 0.0518448 0.08432 -0.0159513 0.0808097 -0.0223553 0.150382
0 0.114418 0.377424 0.22591 0.343362 0.206196 0.307066 0.0947038 0.341128
0 0.564514 0.128503 0.63529 0.0352716 0.590736 0.0162459 0.51996 0.109477
0 0.0399732 1.00354 0.153668 0.975808 0.134431 0.931444 0.0207362 0.959175
0 0.838404 0.023301 0.841756 -0.000304571 0.746771 -0.00789136 0.743419 0.0157142
