0 0.674313 0.97624 0.779325 0.950332 0.767476 0.864948 0.662464 0.890857
0 0.580168 0.421014 0.580804 0.31085 0.498596 0.310006 0.497959 0.42017
0 0.837148 0.525622 1.01613 0.47418 0.998157 0.36301 0.819175 0.414453
0 0.140722 0.767975 0.226285 0.765624 0.224686 0.66214 0.139123 0.664491
0 0.284341 0.989599 0.28441 0.918312 0.233713 0.918225 0.233644 0.989512
0 0.679917 0.983922 0.680159 0.899148 0.606012 0.898772 0.60577 0.983545
0 0.496554 0.601501 0.615719 0.570609 0.603824 0.489033 0.484658 0.519925
0 0.928574 0.906083 1.00107 0.905209 1.00045 0.812804 0.927948 0.813678
0 0.39807 0.637488 0.518389 0.604697 0.505106 0.518054 0.384788 0.550845
0 0.840189 0.546704 0.841667 0.434252 0.755647 0.432241 0.754168 0.544693
0 0.856535 0.921603 0.933584 0.921002 0.933206 0.83514 0.856158 0.835742
0 0.597914 0.586982 0.684383 0.586167 0.683784 0.473228 0.597315 0.474043
0 0.508821 1.01537 0.618796 0.993372 0.608863 0.905084 0.498888 0.927082
0 0.381521 0.19134 0.558015 0.0203988 0.518064 -0.0529329 0.34157 0.118008
0 0.577736 0.406802 0.68839 0.363828 0.66437 0.253876 0.553717 0.296849
0 0.305703 0.727818 0.307011 0.622815 0.220406 0.620897 0.219098 0.725901
0 0.765257 0.57278 0.766051 0.450237 0.674782 0.449186 0.673988 0.571729
0 0.290202 0.705964 0.367962 0.704535 0.366676 0.580153 0.288916 0.581582
0 0.0825549 0.632019 0.169197 0.582669 0.143255 0.501699 0.0566128 0.551049
0 0.379682 0.489936 0.519618 0.418074 0.498629 0.345413 0.358693 0.417275
0 0.341852 0.823993 0.349291 0.741158 0.283937 0.730725 0.276498 0.81356
0 0.156286 0.581427 0.243927 0.524303 0.218323 0.454468 0.130682 0.511592
0 0.656863 0.20416 0.842378 0.0966369 0.80689 -0.0122139 0.621375 0.0953096
0 0.238487 0.552379 0.322298 0.499438 0.285624 0.396222 0.201813 0.449162
0 0.414191 1.01412 0.517536 0.999636 0.512703 0.938311 0.409358 0.952791
0 0.772055 0.94886 0.865389 0.924666 0.852996 0.839671 0.759662 0.863865
0 0.0139231 1.01155 0.0717113 1.00867 0.0699944 0.947366 0.0122061 0.950243
0 0.924031 0.607678 1.00517 0.605874 1.0038 0.496504 0.922664 0.498308
0 0.0373892 0.494444 0.0419252 0.415503 -0.00251181 0.410964 -0.0070479 0.489904
0 -0.00270966 0.237323 0.156341 0.233108 0.152629 -0.0158846 -0.00642158 -0.0116694
0 0.855038 0.315189 0.996704 0.267439 0.981751 0.188572 0.840085 0.236322
0 -0.00284408 0.666883 0.0306569 0.665261 0.0286566 0.591826 -0.00484435 0.593449
0 0.140883 0.908062 0.143377 0.834668 0.0880527 0.831326 0.0855588 0.90472
0 0.0219407 0.813363 0.0688059 0.796226 0.0495014 0.70237 0.00263621 0.719507
0 0.192989 0.885195 0.195269 0.810265 0.136014 0.807059 0.133734 0.881989
0 0.0277955 0.862868 0.0392472 0.776843 -0.00500839 0.766369 -0.0164601 0.852395
0 0.194325 0.871046 0.297448 0.824847 0.28068 0.758308 0.177557 0.804507
0 0.98138 0.273468 1.01153 0.267814 1.00099 0.167905 0.970842 0.173559
0 1.00216 0.25973 1.03011 0.218498 0.986177 0.165555 0.958227 0.206788
0 -0.00284936 0.858254 0.0458888 0.811053 0.00945157 0.744166 -0.0392866 0.791367
0 0.191364 1.0302 0.192431 0.898846 0.0700606 0.897077 0.0689929 1.02843
0 0.179391 1.00572 0.240104 1.00416 0.239123 0.936682 0.17841 0.93825
0 0.0800758 1.01997 0.127504 0.993492 0.101922 0.912023 0.0544941 0.938498
0 0.844427 0.518507 0.891222 0.502053 0.871993 0.404827 0.825197 0.42128
0 0.524764 0.896283 0.528875 0.761863 0.401981 0.754965 0.397871 0.889385
