0 0.284258 0.977453 0.426437 0.97732 0.426263 0.87212 0.284084 0.872253
0 0.784722 0.796002 0.909703 0.692494 0.814807 0.628041 0.689826 0.73155
0 0.960501 0.844573 0.995609 0.760936 0.93163 0.745829 0.896522 0.829467
0 0.849414 0.981883 0.878982 0.879763 0.759439 0.860294 0.729871 0.962413
0 0.628657 0.954182 0.631192 0.85814 0.499121 0.856178 0.496586 0.95222
0 0.320071 0.627796 0.463403 0.586506 0.369365 0.402882 0.226033 0.444171
0 0.876446 0.834074 0.94858 0.74009 0.869433 0.70592 0.797299 0.799904
0 0.359487 0.829363 0.400394 0.705296 0.222623 0.672325 0.181716 0.796393
0 0.089991 0.898034 0.173163 0.866013 0.100148 0.759333 0.0169757 0.791354
0 0.473865 0.811489 0.601362 0.769293 0.508293 0.611109 0.380796 0.653304
0 0.272836 0.897408 0.407514 0.865769 0.375149 0.788273 0.24047 0.819911
0 0.553547 0.597045 0.675333 0.477371 0.563195 0.413181 0.44141 0.532854
0 0.157211 0.865226 0.249531 0.835155 0.183522 0.721164 0.0912016 0.751235
0 0.153045 0.695969 0.25191 0.658161 0.153404 0.51327 0.0545392 0.551078
0 0.621526 0.66206 0.727598 0.571129 0.677621 0.538337 0.57155 0.629267
0 0.703929 0.73381 0.823658 0.625547 0.72434 0.563764 0.604611 0.672028
0 1.00322 0.343605 1.00391 0.270852 0.930985 0.270468 0.930304 0.343221
0 0.779546 0.91693 0.793006 0.828692 0.665184 0.817725 0.651725 0.905963
0 0.643621 1.00924 0.643824 0.941903 0.524506 0.941701 0.524303 1.00904
0 0.575911 0.636343 0.707455 0.538432 0.655505 0.499172 0.523961 0.597083
0 0.544577 0.483482 0.554343 0.39843 0.446504 0.391465 0.436738 0.476517
0 0.634073 0.875918 0.722534 0.811582 0.664417 0.766633 0.575956 0.830969
0 0.955306 0.181073 0.996263 0.0571439 0.820702 0.0245063 0.779744 0.148435
0 0.0119796 0.946605 0.105879 0.907403 0.0261938 0.800038 -0.0677059 0.83924
0 -0.00164742 0.997973 0.0624766 0.99696 0.060704 0.933814 -0.00342001 0.934827
0 0.596808 0.834624 0.670982 0.76987 0.613322 0.732717 0.539147 0.797471
0 0.0302378 0.735532 0.159216 0.683737 0.0509015 0.53202 -0.0780762 0.583816
0 1.00349 0.853954 1.02195 0.7796 0.975062 0.773051 0.956599 0.847405
0 0.241097 0.659675 0.33619 0.624622 0.246337 0.487508 0.151244 0.522561
0 0.998438 1.00143 0.998957 0.953123 0.931441 0.952715 0.930922 1.00103
0 0.859438 1.00787 0.864213 0.972643 0.784335 0.966553 0.77956 1.00178
0 0.937298 1.01393 0.953503 0.933811 0.838026 0.920672 0.821821 1.00079
0 0.981211 0.0572143 0.991051 0.000348579 0.827773 -0.0155438 0.817933 0.0413219
0 0.318147 1.00905 0.424164 1.00441 0.421276 0.967341 0.315259 0.971988
0 1.00373 0.773793 1.01606 0.699143 0.973941 0.695229 0.96161 0.769879
0 0.636067 1.00289 0.706216 1.00214 0.7058 0.980061 0.635651 0.980804
