0 0.711713 0.704028 0.720188 0.598215 0.62554 0.590634 0.617065 0.696447
0 0.552871 0.406563 0.56204 0.319106 0.483561 0.310879 0.474393 0.398335
0 0.695303 0.79133 0.700642 0.695232 0.606749 0.690016 0.60141 0.786114
0 0.730493 0.610182 0.742867 0.540284 0.646798 0.523277 0.634424 0.593174
0 0.601229 0.561375 0.624522 0.447468 0.552574 0.432755 0.529281 0.546663
0 0.651358 0.460418 0.669495 0.345006 0.577119 0.330489 0.558982 0.4459
0 0.435687 0.43477 0.487362 0.288834 0.364942 0.245486 0.313267 0.391423
0 0.310316 0.162855 0.325351 0.107844 0.193888 0.0719139 0.178853 0.126925
0 0.585467 0.677884 0.612112 0.556121 0.526585 0.537405 0.499939 0.659169
0 0.0630339 0.142561 0.0655469 0.0857621 0.00445147 0.0830589 0.00193838 0.139858
0 0.49095 0.614678 0.516391 0.486028 0.451884 0.473271 0.426443 0.601921
0 0.771963 0.790696 0.789706 0.713101 0.7536 0.704845 0.735858 0.78244
0 0.556133 0.801765 0.585431 0.666917 0.496703 0.647639 0.467405 0.782487
0 0.244605 1.00104 0.347156 1.00026 0.346677 0.937333 0.244126 0.938115
0 0.242546 0.73529 0.261269 0.646125 0.161217 0.625116 0.142494 0.714281
0 0.0733362 0.697376 0.0792049 0.62318 0.000206398 0.616931 -0.00566229 0.691128
0 0.397592 0.660437 0.408729 0.585606 0.363303 0.578845 0.352166 0.653677
0 0.445993 0.785968 0.490779 0.599456 0.424841 0.583623 0.380055 0.770135
0 0.125394 0.709318 0.139437 0.640958 0.077557 0.628246 0.0635143 0.696607
0 0.278092 0.668695 0.299753 0.615777 0.194666 0.57276 0.173004 0.625678
0 0.565139 0.985893 0.569601 0.799851 0.447201 0.796916 0.442739 0.982957
0 0.768521 0.304859 0.801306 0.205007 0.75696 0.190446 0.724175 0.290299
0 0.763761 0.552428 0.771894 0.511843 0.656948 0.488811 0.648816 0.529396
0 0.172872 0.638859 0.179533 0.539253 0.0862664 0.533017 0.0796059 0.632622
0 0.746603 0.860882 0.749252 0.798718 0.621152 0.793259 0.618503 0.855422
0 0.224417 0.505861 0.267182 0.350367 0.200144 0.331929 0.157378 0.487423
0 0.665397 1.00359 0.666144 0.963039 0.58007 0.961454 0.579323 1.002
0 -0.000933861 0.371584 0.0478459 0.370973 0.0467144 0.280517 -0.00206541 0.281127
0 0.207403 0.540327 0.214425 0.487255 0.161064 0.480195 0.154042 0.533267
0 0.368902 0.231223 0.388237 0.170388 0.301416 0.142793 0.28208 0.203628
0 0.146846 0.0768132 0.167984 -0.00806008 0.0968613 -0.0257734 0.0757234 0.0591
0 0.353399 0.766358 0.362658 0.674618 0.277515 0.666024 0.268255 0.757764
0 0.763836 0.549913 0.830373 0.327301 0.726025 0.296112 0.659487 0.518724
0 0.276542 0.194248 0.288262 0.150312 0.191912 0.12461 0.180192 0.168546
0 0.938343 0.0476955 0.998689 0.0475157 0.998542 -0.00190473 0.938196 -0.00172498
0 0.0472972 0.835434 0.0765373 0.769975 0.0374813 0.752529 0.00824119 0.817988
0 0.246923 0.835179 0.27705 0.754239 0.128788 0.699055 0.0986618 0.779995
0 0.562106 0.831093 0.56648 0.784628 0.471031 0.775644 0.466657 0.822109
0 1.00618 0.193477 1.00675 0.112672 0.927253 0.112116 0.926688 0.192921
0 0.026735 0.912834 0.0625909 0.825109 0.00795275 0.802776 -0.0279032 0.890501
0 0.166074 0.947779 0.167611 0.878793 0.101984 0.87733 0.100446 0.946316
0 -0.00123075 0.25256 0.0407183 0.251758 0.0396961 0.198315 -0.002253 0.199117
0 0.00290776 0.187199 0.048943 0.186859 0.0485703 0.136347 0.00253506 0.136687
0 0.161832 0.870742 0.189916 0.803763 0.106064 0.768604 0.0779794 0.835583
0 0.449619 1.00096 0.55442 1.00068 0.554349 0.973477 0.449547 0.973754
0 0.482345 0.286272 0.523725 0.213351 0.386996 0.135763 0.345616 0.208684
0 0.992689 0.979844 1.0029 0.924427 0.956062 0.915798 0.945852 0.971215
0 -0.000857703 0.413499 0.049305 0.412954 0.0487862 0.365177 -0.0013765 0.365722
0 0.0502827 0.754631 0.0552709 0.689174 -0.00212665 0.6848 -0.0071148 0.750257
0 0.15986 0.638737 0.16792 0.574329 0.0916395 0.564784 0.0835798 0.629192
0 1.00095 0.912361 1.01072 0.841725 0.97725 0.837093 0.967476 0.907729
0 0.0962362 1.02692 0.231353 1.00546 0.221029 0.940442 0.0859118 0.961897
0 0.504494 0.533999 0.528263 0.43482 0.46823 0.420432 0.44446 0.519611
0 0.100284 0.962092 0.107691 0.899388 0.0412963 0.891545 0.0338894 0.954249
0 0.349948 0.944338 0.413512 0.943989 0.41294 0.839881 0.349376 0.840231
0 0.0332266 1.01503 0.110684 0.997853 0.101114 0.954689 0.0236565 0.971862
0 0.474381 0.681267 0.487427 0.601005 0.426564 0.591113 0.413519 0.671374
0 0.763168 0.802591 0.770508 0.763673 0.727545 0.755571 0.720206 0.794488
0 0.411603 0.126167 0.533795 0.0266413 0.486591 -0.0313133 0.364399 0.0682127
0 0.986411 0.714373 0.990497 0.65925 0.937512 0.655323 0.933426 0.710446
0 0.426406 0.850852 0.42931 0.766266 0.356598 0.76377 0.353694 0.848356
0 0.0302111 0.809248 0.0313073 0.747803 -0.009869 0.747069 -0.0109652 0.808514
0 0.255291 0.859862 0.28387 0.773992 0.221452 0.753219 0.192874 0.839089
0 0.647045 0.129562 0.732173 0.0649379 0.700204 0.0228263 0.615076 0.0874503
0 0.0862196 0.0567972 0.08977 0.000382412 0.0236997 -0.00377575 0.0201492 0.0526391
0 0.0681064 0.096392 0.0774765 0.0576914 -0.00180404 0.0384962 -0.0111741 0.0771968
0 0.304415 0.917967 0.320491 0.837477 0.259665 0.825329 0.243589 0.905819
0 0.540199 0.226586 0.620874 0.160941 0.577971 0.108216 0.497296 0.173861
0 0.0243805 0.941833 0.0250948 0.894488 -0.00235799 0.894074 -0.00307227 0.941419
0 0.0266757 0.0533339 0.0278917 0.00340142 -0.000501476 0.00270995 -0.0017175 0.0526424
0 0.309407 0.624481 0.327979 0.560151 0.255276 0.539162 0.236704 0.603492
0 0.179107 0.392933 0.180961 0.32617 0.118036 0.324423 0.116182 0.391186
0 0.354719 0.632817 0.360361 0.573985 0.307688 0.568933 0.302046 0.627765
0 0.20381 0.934417 0.206568 0.870671 0.15714 0.868532 0.154382 0.932279
0 0.270058 0.395908 0.280281 0.349583 0.119864 0.314183 0.109641 0.360509
0 0.241157 0.614971 0.268296 0.532875 0.220345 0.517024 0.193206 0.599119
0 0.0298066 0.416431 0.107633 0.416137 0.107366 0.345433 0.029539 0.345728
0 0.330461 0.0838413 0.339848 0.0015243 0.215394 -0.0126669 0.206008 0.0696502
0 0.595263 0.0490027 0.605581 -0.0134276 0.536615 -0.0248261 0.526296 0.0376042
0 0.268968 0.746577 0.291824 0.669388 0.250884 0.657266 0.228029 0.734455
0 0.843334 0.34474 0.887712 0.236771 0.767202 0.187239 0.722824 0.295208
0 0.155744 0.306327 0.161601 0.216446 0.12543 0.214089 0.119573 0.30397
0 0.0940538 0.0279375 0.0957503 -0.00263551 0.0351954 -0.00599565 0.0334989 0.0245773
0 0.264453 0.935393 0.270383 0.879884 0.185921 0.87086 0.179991 0.92637
0 0.676769 0.798748 0.679673 0.763804 0.603673 0.757488 0.600769 0.792432
0 0.857441 0.362747 0.895582 0.300275 0.798203 0.240822 0.760062 0.303294
