0 0.424924 0.079014 0.55047 0.0584955 0.539116 -0.0109739 0.41357 0.00954464
0 0.936602 0.999838 0.938291 0.884548 0.811947 0.882697 0.810258 0.997987
0 0.388992 0.582682 0.400258 0.496783 0.335389 0.488276 0.324123 0.574174
0 0.144326 0.627314 0.144772 0.537838 0.0582426 0.537407 0.0577962 0.626882
0 0.786602 0.804436 0.926827 0.803046 0.926076 0.727249 0.785851 0.728639
0 0.263257 0.950584 0.263593 0.837775 0.160078 0.837465 0.159741 0.950274
0 0.251877 0.582681 0.332119 0.582643 0.332078 0.496554 0.251836 0.496592
0 0.791202 0.734812 0.927287 0.725798 0.922631 0.655513 0.786546 0.664527
0 0.447173 0.154207 0.573428 0.114341 0.551497 0.044885 0.425242 0.0847504
0 0.477997 0.849857 0.47982 0.739846 0.367606 0.737986 0.365782 0.847997
0 0.506183 0.939503 0.50722 0.842432 0.412864 0.841424 0.411827 0.938495
0 0.579999 0.769855 0.580319 0.701556 0.514317 0.701247 0.513997 0.769546
0 0.88985 0.669082 0.890637 0.55958 0.760568 0.558645 0.759781 0.668148
0 0.0407352 0.954594 0.154766 0.954431 0.154579 0.823925 0.0405486 0.824088
0 0.154181 0.81101 0.249619 0.79135 0.223265 0.663417 0.127826 0.683078
0 0.311844 0.941715 0.378001 0.936321 0.36948 0.831825 0.303323 0.83722
0 0.369456 0.187161 0.375233 0.0822698 0.259162 0.0758767 0.253385 0.180768
0 0.797221 0.885634 0.93466 0.884178 0.93375 0.798214 0.79631 0.799669
0 0.572124 0.580329 0.636066 0.545184 0.576615 0.437018 0.512672 0.472163
0 0.640031 0.938834 0.7293 0.928339 0.71117 0.77414 0.621902 0.784635
0 0.588626 0.934894 0.648181 0.905574 0.60651 0.820932 0.546955 0.850253
0 0.316155 0.400549 0.317279 0.26431 0.160657 0.263018 0.159533 0.399257
0 0.149309 0.616454 0.207748 0.60314 0.185959 0.507499 0.12752 0.520812
0 0.609103 0.678111 0.680413 0.650449 0.635952 0.53583 0.564641 0.563491
0 0.612914 0.792867 0.703867 0.792483 0.703437 0.690604 0.612484 0.690988
0 0.169464 0.0992802 0.172945 0.0445851 -0.00282204 0.0333995 -0.00630277 0.0880946
0 0.202918 0.607309 0.265146 0.595307 0.245854 0.495286 0.183626 0.507288
0 0.586653 0.287352 0.690623 0.206478 0.586487 0.0726028 0.482517 0.153477
0 0.100158 0.80662 0.154875 0.802574 0.146202 0.68527 0.0914853 0.689315
0 0.272989 0.749306 0.32534 0.742436 0.31233 0.643304 0.259979 0.650175
0 0.0590924 0.608301 0.0606158 0.529752 -0.00198469 0.528538 -0.00350807 0.607087
0 0.505375 0.716924 0.600983 0.669343 0.574718 0.616566 0.47911 0.664148
0 0.380357 0.737053 0.387745 0.641777 0.313668 0.636033 0.30628 0.731309
0 0.382777 0.780092 0.46221 0.704565 0.416527 0.656518 0.337094 0.732045
0 0.933994 0.434761 1.02233 0.387488 0.947397 0.247459 0.859059 0.294732
0 0.85939 0.468102 0.938607 0.410907 0.859493 0.301331 0.780276 0.358527
0 0.260752 0.938175 0.315632 0.93326 0.306729 0.833847 0.251849 0.838762
0 0.301654 0.12341 0.365668 0.0364757 0.2828 -0.024543 0.218787 0.0623913
0 0.179666 0.0554217 0.184258 0.0015054 0.0643041 -0.00871109 0.059712 0.0452052
0 0.453392 0.638049 0.534042 0.563403 0.495202 0.521439 0.414552 0.596084
0 1.00372 0.556757 1.00649 0.50281 0.965769 0.500716 0.962995 0.554663
0 0.756068 0.515256 0.854688 0.400141 0.748883 0.309496 0.650263 0.424611
0 -0.00236927 0.958402 0.0521812 0.957886 0.0511581 0.849703 -0.00339239 0.850219
0 0.33351 0.240546 0.419807 0.194332 0.392415 0.143183 0.306118 0.189397
0 0.554868 0.846857 0.61503 0.816249 0.58097 0.749302 0.520808 0.779911
0 0.518993 0.497043 0.583633 0.436342 0.532396 0.38178 0.467756 0.44248
0 0.626114 0.123163 0.688983 0.080796 0.631665 -0.00425988 0.568796 0.038107
0 0.84133 0.581983 0.858155 0.482388 0.75347 0.464703 0.736644 0.564298
0 0.0582398 0.783393 0.101397 0.780268 0.0947782 0.688833 0.0516207 0.691957
0 0.0686694 0.784027 0.0698662 0.68649 0.00158944 0.685652 0.000392662 0.783189
0 0.169551 0.254638 0.177069 0.119187 0.0466005 0.111946 0.0390828 0.247397
0 0.0532494 0.533969 0.0605938 0.46658 -0.000582132 0.459912 -0.00792656 0.527301
0 0.944902 0.256269 1.07535 0.177791 0.965158 -0.00537951 0.834708 0.0730983
0 0.640624 0.179191 0.730243 0.118468 0.696291 0.06836 0.606672 0.129083
0 0.0102144 0.269178 0.0638773 0.267691 0.0595917 0.11302 0.00592891 0.114507
0 0.916945 0.670737 1.00108 0.66882 0.999636 0.605252 0.915497 0.607168
0 0.871203 0.105488 0.925613 0.0146754 0.807816 -0.0559018 0.753406 0.0349111
0 0.437746 1.00478 0.529796 0.99973 0.528725 0.980203 0.436675 0.985254
0 0.725633 0.130209 0.812395 0.069744 0.774019 0.0146781 0.687257 0.0751433
0 0.611223 1.00031 0.702103 0.99661 0.701201 0.974451 0.610321 0.978149
0 0.556861 1.00446 0.630225 0.997614 0.628363 0.977653 0.555 0.984495
0 0.446382 1.00204 0.446658 0.984475 0.371999 0.983303 0.371723 1.00087
0 0.144697 0.209159 0.145775 0.134673 0.0749708 0.133649 0.0738931 0.208135
0 0.439643 0.606624 0.480836 0.51818 0.410455 0.4854 0.369262 0.573845
0 0.485204 1.00416 0.556899 0.997406 0.555368 0.981146 0.483673 0.987898
0 1.00583 0.281724 1.01424 0.206166 0.952162 0.199252 0.943746 0.27481
0 0.244389 0.0570143 0.245491 -0.0019664 0.171033 -0.0033578 0.169931 0.0556229
0 0.699563 1.00225 0.762493 1.00103 0.761388 0.943655 0.698457 0.944868
0 0.71384 0.0821397 0.771821 0.022092 0.709303 -0.0382735 0.651322 0.0217742
0 0.100843 0.952183 0.166881 0.947778 0.160118 0.846404 0.0940801 0.850809
0 0.468167 0.452404 0.580489 0.317627 0.438471 0.199271 0.326149 0.334048
0 0.317469 1.00118 0.367808 1.00072 0.367664 0.98515 0.317324 0.985616
0 0.23112 0.205899 0.268536 0.192337 0.244962 0.127301 0.207546 0.140863
0 0.962476 0.374276 1.00775 0.372596 1.00479 0.292898 0.959519 0.294578
