0 0.783078 0.477311 0.876606 0.441047 0.826049 0.209242 0.732521 0.245506
0 0.813336 0.250601 0.817473 0.0890798 0.704116 0.0839184 0.699979 0.24544
0 0.393606 0.242561 0.505174 0.238734 0.502116 0.0802007 0.390548 0.0840274
0 0.258864 0.663582 0.322429 0.634237 0.275811 0.454715 0.212247 0.484059
0 0.769597 0.106788 0.772179 -0.0108037 0.678143 -0.0144751 0.67556 0.103116
0 0.519549 0.665239 0.620364 0.623171 0.581019 0.455549 0.480204 0.497617
0 0.0458014 0.938493 0.12704 0.895156 0.107947 0.831527 0.0267085 0.874864
0 0.0394185 0.877898 0.108896 0.82608 0.078205 0.752923 0.00872713 0.804741
0 0.0940505 1.0111 0.154912 0.952194 0.117415 0.883314 0.0565537 0.942215
0 0.120118 0.700347 0.200665 0.647984 0.150931 0.511977 0.0703831 0.564341
0 0.0970932 0.566526 0.158653 0.525768 0.110496 0.39646 0.0489361 0.437218
0 0.00877521 0.761348 0.0698276 0.72733 0.0239207 0.580861 -0.0371316 0.61488
0 0.17089 0.834773 0.239766 0.788758 0.195194 0.67015 0.126318 0.716165
0 0.0364586 0.453646 0.124877 0.387394 0.0817009 0.284954 -0.00671788 0.351205
0 0.228541 0.925986 0.292408 0.867775 0.241705 0.768879 0.177838 0.827089
0 0.576031 0.872096 0.669668 0.835296 0.617291 0.598366 0.523654 0.635166
0 0.818889 0.615076 0.91806 0.555531 0.87193 0.418947 0.772759 0.478492
0 1.00792 0.996699 1.00873 0.877967 0.908406 0.876751 0.907596 0.995484
0 0.137746 0.216009 0.207986 0.185669 0.165199 0.00956867 0.094959 0.0399083
0 0.88874 0.757961 0.966775 0.660456 0.8837 0.542258 0.805665 0.639763
0 0.189535 0.436766 0.265818 0.400505 0.219863 0.228638 0.143581 0.264898
0 0.484107 0.520926 0.578043 0.487551 0.518785 0.191044 0.424848 0.224419
0 0.266 1.00698 0.314534 1.00568 0.313897 0.96324 0.265364 0.964534
0 0.326031 1.03639 0.419519 0.99974 0.402704 0.923477 0.309216 0.960122
0 0.816999 0.98196 0.909834 0.980882 0.9091 0.868529 0.816265 0.869608
0 0.303595 0.895621 0.38743 0.854876 0.338614 0.676314 0.254779 0.717059
0 0.338086 0.8714 0.386148 0.845176 0.336962 0.684921 0.2889 0.711146
0 -0.00206293 0.618062 0.0225835 0.618014 0.022497 0.538567 -0.00214937 0.538615
0 0.337063 0.903713 0.377776 0.793125 0.29239 0.73724 0.251677 0.847828
0 0.904042 1.00272 0.999224 1.00153 0.99887 0.950878 0.903688 0.95206
0 0.179565 0.477638 0.237062 0.418203 0.183217 0.325599 0.125719 0.385034
0 0.453648 0.0856075 0.467885 0.0245786 0.423311 0.00609146 0.409073 0.0671203
0 0.453721 0.377091 0.54622 0.333987 0.511222 0.200466 0.418723 0.24357
0 0.999245 1.00155 0.99985 0.96121 0.938504 0.959576 0.9379 0.999917
0 0.683055 1.00877 0.747313 1.00615 0.745904 0.944698 0.681646 0.947316
0 0.313327 0.901082 0.354458 0.834036 0.30204 0.776869 0.26091 0.843915
0 -0.0020832 0.874978 0.0182527 0.874514 0.0172751 0.798346 -0.00306074 0.79881
0 0.00196458 0.289824 0.0529395 0.264376 0.0150499 0.129446 -0.035925 0.154893
0 0.00492279 0.243721 0.0329215 0.232219 0.00873984 0.127569 -0.0192589 0.139071
