0 0.524526 0.60326 0.526337 0.489215 0.40948 0.487359 0.407668 0.601403
0 0.755443 0.404841 0.756361 0.232316 0.589164 0.231425 0.588245 0.403951
0 0.377649 0.373439 0.37966 0.217357 0.237601 0.215527 0.235589 0.371609
0 0.572019 0.968973 0.575335 0.826437 0.423444 0.822903 0.420128 0.965439
0 0.619369 0.600242 0.621137 0.482444 0.514356 0.480841 0.512588 0.598639
0 0.0326139 0.319112 0.159514 0.31801 0.158751 0.230136 0.0318505 0.231239
0 0.701056 0.904178 0.702743 0.759164 0.558933 0.757491 0.557246 0.902504
0 0.226996 0.21806 0.377396 0.216522 0.375604 0.0413244 0.225204 0.042863
0 0.862016 0.290057 0.862481 0.152137 0.735512 0.151709 0.735047 0.289629
0 0.0861368 0.919145 0.22275 0.916691 0.220352 0.783259 0.0837391 0.785714
0 0.168953 0.606458 0.26878 0.605565 0.267904 0.5077 0.168077 0.508593
0 0.140445 0.163976 0.140555 0.0949898 0.0203979 0.0947974 0.0202874 0.163784
0 0.145691 0.100729 0.146907 0.0224708 0.0211447 0.020517 0.0199289 0.0987747
0 0.16756 0.435725 0.169172 0.31414 0.0443574 0.312485 0.0427456 0.434071
0 0.0263421 0.228567 0.152131 0.22717 0.151371 0.158665 0.0255813 0.160062
0 0.155547 1.00132 0.155976 0.904857 0.0647037 0.904451 0.0642743 1.00092
0 0.851631 0.578153 0.975967 0.577046 0.975064 0.475647 0.850728 0.476754
0 0.466816 0.0633705 0.470406 0.00120972 0.304009 -0.0083981 0.30042 0.0537627
0 0.749655 0.587816 0.755826 0.354255 0.607486 0.350336 0.601316 0.583897
0 0.0281306 0.576434 0.177144 0.576416 0.177124 0.415632 0.0281112 0.41565
0 0.856345 0.581114 0.856938 0.485626 0.762138 0.485038 0.761546 0.580525
0 0.415658 0.609254 0.418479 0.50418 0.368298 0.502833 0.365477 0.607906
0 0.383209 0.620576 0.395336 0.416897 0.263035 0.409019 0.250907 0.612698
0 0.0694034 0.995829 0.0933648 0.843666 0.00593397 0.829898 -0.0180274 0.982061
0 0.730924 0.57215 0.779177 0.57189 0.778722 0.487525 0.730468 0.487786
0 0.171282 0.0300762 0.171622 -0.00207319 0.0289054 -0.0035835 0.0285651 0.0285659
0 0.507741 1.00516 0.508416 0.978914 0.407171 0.976313 0.406497 1.00256
0 0.471467 1.00359 0.471959 0.98127 0.359352 0.978789 0.358861 1.00111
0 0.0681438 1.00245 0.068415 0.979711 0.00476362 0.978952 0.00449247 1.00169
0 0.0798675 0.851936 0.0799701 0.789795 0.00342765 0.789669 0.00332503 0.85181
0 0.75675 0.338039 0.860072 0.337173 0.859592 0.279846 0.75627 0.280712
0 0.132819 0.996956 0.289335 0.994079 0.286598 0.845168 0.130081 0.848046
0 0.140302 0.0220281 0.204959 0.0210888 0.204633 -0.00136364 0.139976 -0.00042429
0 0.971755 0.866893 1.00083 0.866727 1.00016 0.749988 0.971087 0.750154
