0 0.561129 0.869141 0.588464 0.793847 0.428451 0.735753 0.401115 0.811047
0 0.930887 0.121972 0.933453 0.0366035 0.740616 0.0308061 0.738049 0.116175
0 0.498224 0.636026 0.55295 0.582688 0.446588 0.47356 0.391863 0.526898
0 0.486138 0.985986 0.507148 0.897782 0.408675 0.874325 0.387665 0.962529
0 0.10187 0.143257 0.163843 0.0858341 0.0858892 0.00170217 0.0239157 0.0591248
0 0.381982 0.95666 0.433822 0.884271 0.256244 0.757103 0.204404 0.829492
0 0.168839 0.200425 0.225221 0.140409 0.157955 0.0772157 0.101573 0.137232
0 1.0004 0.149435 1.00106 0.0589836 0.926895 0.0584423 0.926235 0.148893
0 0.812985 0.38898 0.830071 0.29514 0.66511 0.265105 0.648024 0.358945
0 0.304478 0.332886 0.361491 0.277545 0.27195 0.185297 0.214936 0.240639
0 0.653975 0.358607 0.668536 0.249579 0.573477 0.236884 0.558916 0.345911
0 0.390634 0.560851 0.464453 0.485545 0.342328 0.365831 0.268509 0.441138
0 0.222122 0.25787 0.282486 0.197692 0.221868 0.136887 0.161504 0.197066
0 0.245854 0.643759 0.361762 0.505216 0.277824 0.434992 0.161916 0.573535
0 0.982424 0.661719 1.02873 0.498646 0.943275 0.47438 0.896969 0.637453
0 0.946693 0.463295 0.964551 0.348604 0.803023 0.323453 0.785165 0.438144
0 0.87146 1.0358 0.923376 0.986506 0.832381 0.890677 0.780465 0.939974
0 0.53989 0.783814 0.601509 0.667942 0.532368 0.631174 0.470749 0.747047
0 0.0259676 0.0765676 0.0958417 0.0149653 0.0548497 -0.031531 -0.0150244 0.0300712
0 1.00967 0.499111 1.02298 0.377846 0.94341 0.369111 0.930098 0.490376
0 0.193139 0.833093 0.231804 0.748631 0.14356 0.708235 0.104895 0.792697
0 0.6779 0.0665724 0.678127 -0.00362162 0.570172 -0.00397108 0.569945 0.0662229
0 0.114385 0.797615 0.154105 0.718045 0.0611592 0.671647 0.0214385 0.751217
0 0.782476 0.949034 0.831756 0.902537 0.722314 0.786544 0.673033 0.83304
0 0.630744 0.748873 0.673394 0.664569 0.614874 0.634963 0.572224 0.719267
0 0.683869 0.866454 0.747222 0.79724 0.68457 0.739894 0.621218 0.809109
0 0.583036 0.715058 0.631492 0.626736 0.534377 0.573456 0.485921 0.661777
0 0.941791 0.713265 0.97992 0.622775 0.910765 0.593635 0.872635 0.684125
0 0.656819 1.05295 0.734928 0.988872 0.687971 0.93163 0.609862 0.995705
0 0.995977 0.787974 1.03629 0.732818 0.94083 0.663047 0.900517 0.718203
0 -0.00264095 0.488796 0.0184045 0.488762 0.0182728 0.405574 -0.00277265 0.405607
0 0.997846 0.860337 1.02448 0.775944 0.976931 0.760938 0.950298 0.845331
0 0.899517 0.739216 0.929596 0.693852 0.846659 0.638859 0.81658 0.684224
0 0.629642 1.00384 0.739511 0.999484 0.736762 0.930223 0.626893 0.934584
0 1.00128 0.702799 1.00785 0.626657 0.963374 0.622814 0.956796 0.698956
0 0.455684 0.0661399 0.474856 0.000576042 0.358443 -0.0334655 0.339271 0.0320984
