0 0.561589 0.618744 0.588729 0.544056 0.428371 0.485786 0.401231 0.560473
0 0.498249 0.38628 0.553171 0.332849 0.446906 0.223618 0.391983 0.277048
0 0.668531 0.962248 0.743183 0.913921 0.655007 0.777714 0.580355 0.826041
0 0.145918 0.914669 0.185698 0.861989 0.0702914 0.774844 0.0305116 0.827524
0 0.480615 0.740947 0.508735 0.649758 0.411752 0.619851 0.383632 0.711041
0 0.284763 1.00243 0.325976 0.945302 0.208419 0.860498 0.167206 0.917627
0 0.655399 0.116228 0.672594 0.00453389 0.571232 -0.0110703 0.554037 0.100624
0 0.38437 0.70876 0.434524 0.639354 0.255557 0.510027 0.205403 0.579432
0 0.618048 0.856359 0.737898 0.742456 0.683436 0.68515 0.563586 0.799053
0 0.81114 0.136061 0.828893 0.045647 0.665426 0.0135503 0.647673 0.103965
0 0.245161 0.393752 0.362156 0.255934 0.278543 0.184953 0.161547 0.322772
0 0.739683 1.06164 0.808616 1.00014 0.709889 0.889478 0.640956 0.950978
0 0.947259 0.212063 0.963931 0.0968283 0.801833 0.0733767 0.785161 0.188611
0 0.39063 0.311191 0.464901 0.235535 0.342492 0.115366 0.26822 0.191023
0 0.982863 0.411801 1.02821 0.248265 0.942341 0.224453 0.896992 0.38799
0 0.872621 0.783258 0.921253 0.738992 0.83143 0.64031 0.782799 0.684576
0 0.539869 0.534482 0.602496 0.416941 0.533021 0.379924 0.470393 0.497465
0 0.973135 0.886352 1.02564 0.841338 0.920406 0.718599 0.867902 0.763614
0 1.01197 0.249789 1.02218 0.121584 0.944522 0.115399 0.934311 0.243604
0 0.192228 0.583042 0.231177 0.497832 0.144096 0.458027 0.105146 0.543237
0 0.114285 0.547351 0.153878 0.467664 0.0610732 0.421553 0.02148 0.501241
0 0.310331 0.0817471 0.362921 0.0177694 0.272623 -0.0564561 0.220033 0.00752169
0 0.78466 0.698958 0.83266 0.652874 0.720133 0.53567 0.672133 0.581754
0 0.630582 0.499049 0.673629 0.414705 0.614909 0.384736 0.571862 0.469079
0 0.582926 0.464973 0.63152 0.377044 0.534542 0.323448 0.485947 0.411378
0 0.682326 0.615535 0.746629 0.545872 0.685971 0.489881 0.621668 0.559544
0 0.941627 0.463543 0.980206 0.372568 0.911074 0.343252 0.872495 0.434227
0 0.0202608 0.239143 0.0208549 0.157472 -0.00279276 0.1573 -0.00338685 0.238971
0 0.994978 0.611989 1.02616 0.528718 0.979951 0.511417 0.948772 0.594688
0 0.996329 0.537166 1.03612 0.482836 0.941682 0.413675 0.901893 0.468004
0 0.899741 0.489494 0.929859 0.444492 0.847115 0.389114 0.816997 0.434116
0 1.00265 0.907839 1.00357 0.871871 0.979005 0.871238 0.978079 0.907207
0 1.0013 0.452892 1.00795 0.376577 0.963505 0.372702 0.956852 0.449017
0 0.369371 1.01671 0.374108 0.960461 0.29768 0.954024 0.292943 1.01027
0 0.289242 1.00221 0.384565 0.999664 0.382932 0.938568 0.287609 0.941115
