0 0.783074 0.357973 0.876598 0.330779 0.826052 0.15694 0.732528 0.184133
0 0.813325 0.187947 0.817467 0.0668089 0.704108 0.0629332 0.699966 0.184071
0 0.393607 0.181919 0.505169 0.179053 0.502115 0.0601524 0.390554 0.0630177
0 0.258778 0.497229 0.322331 0.475211 0.275954 0.341348 0.212402 0.363365
0 0.769599 0.0800872 0.772178 -0.00810364 0.678138 -0.0108539 0.675559 0.0773369
0 0.100581 0.758949 0.155225 0.709666 0.111606 0.661302 0.0569619 0.710585
0 0.519503 0.498699 0.620004 0.467491 0.580994 0.341865 0.480493 0.373074
0 0.0461358 0.703517 0.1265 0.671552 0.107623 0.624092 0.0272584 0.656057
0 0.424605 0.843412 0.436778 0.727473 0.32176 0.715397 0.309587 0.831336
0 0.0389552 0.658472 0.108666 0.619906 0.0782788 0.564979 0.0085681 0.603544
0 0.0830816 0.896393 0.23094 0.859272 0.212081 0.784154 0.0642226 0.821276
0 0.120595 0.525408 0.200907 0.485325 0.150396 0.384116 0.0700831 0.424198
0 0.0970198 0.424873 0.158595 0.394354 0.110528 0.297375 0.0489531 0.327894
0 0.00875134 0.571243 0.0699569 0.545759 0.0241613 0.435772 -0.0370442 0.461256
0 0.577348 0.653442 0.669113 0.625706 0.615591 0.448631 0.523826 0.476368
0 0.225224 0.693544 0.29054 0.653521 0.244661 0.578649 0.179345 0.618672
0 0.696682 1.05853 0.845104 1.00489 0.743793 0.724577 0.59537 0.778221
0 0.0364591 0.340235 0.124884 0.290508 0.0816964 0.213713 -0.00672806 0.263439
0 0.170088 0.625964 0.238723 0.593401 0.195969 0.503285 0.127333 0.535849
0 0.238804 0.855949 0.309843 0.830749 0.281156 0.749878 0.210117 0.775078
0 0.0692096 0.902458 0.0893649 0.850264 0.0327013 0.828382 0.0125461 0.880576
0 0.822349 0.457985 0.91973 0.41749 0.873804 0.307049 0.776423 0.347544
0 0.137764 0.162 0.20799 0.139246 0.165198 0.00718182 0.0949726 0.0299363
0 0.189474 0.327597 0.265823 0.300377 0.21987 0.171484 0.143521 0.198704
0 0.87442 0.56717 0.960183 0.516298 0.895596 0.407412 0.809833 0.458284
0 0.422978 0.957271 0.486555 0.925956 0.452359 0.85653 0.388783 0.887845
0 0.48409 0.390716 0.578041 0.365681 0.518788 0.143315 0.424837 0.16835
0 0.819328 0.734791 0.908988 0.733814 0.908081 0.650619 0.818422 0.651596
0 0.315223 1.00327 0.315332 0.973624 0.255267 0.973405 0.255159 1.00305
0 0.297947 0.810328 0.333221 0.800754 0.313554 0.728288 0.27828 0.737862
0 0.29645 0.676911 0.389307 0.642835 0.339366 0.506746 0.246509 0.540822
0 0.152854 1.04631 0.212449 0.974601 0.127668 0.904144 0.0680729 0.975855
0 -0.00203773 0.463567 0.0225444 0.463532 0.0224607 0.403978 -0.00212143 0.404012
0 0.337153 0.652882 0.38565 0.633099 0.337029 0.513905 0.288532 0.533687
0 0.926773 0.921638 1.01653 0.918765 1.00891 0.680782 0.919155 0.683655
0 0.0227234 0.775203 0.0229461 0.720555 -0.00311474 0.720448 -0.0033375 0.775097
0 0.179421 0.358196 0.237023 0.313795 0.18338 0.244203 0.125779 0.288604
0 0.453644 0.0642081 0.467887 0.0184382 0.423314 0.0045676 0.409071 0.0503376
0 0.453723 0.282813 0.546212 0.250487 0.511217 0.15036 0.418728 0.182686
0 0.909854 0.751419 1.01162 0.75001 1.01034 0.657401 0.908572 0.65881
0 -0.00231742 0.656145 0.0178434 0.655727 0.0166681 0.599131 -0.00349269 0.59955
0 0.316523 0.673646 0.352757 0.621116 0.298735 0.583853 0.2625 0.636383
0 0.00195843 0.217373 0.0529406 0.198287 0.0150534 0.0970808 -0.0359288 0.116166
0 0.487814 1.01496 0.489113 0.968124 0.425284 0.966354 0.423985 1.01319
0 -0.00521598 0.740994 0.0237152 0.740085 0.0221916 0.691624 -0.00673967 0.692534
0 0.12483 1.0238 0.154347 0.989176 0.10107 0.943755 0.0715529 0.978378
0 0.855348 0.572288 0.947373 0.542009 0.8754 0.323265 0.783375 0.353543
0 0.00492095 0.182794 0.0329194 0.17417 0.00874231 0.0956763 -0.0192562 0.1043
