0 0.697537 0.129878 0.698874 0.0314501 0.594681 0.030654 0.593344 0.129082
0 0.904013 0.622368 0.910771 0.485225 0.738226 0.480441 0.731467 0.617585
0 0.909107 0.125051 0.910896 0.0266083 0.806316 0.025539 0.804527 0.123981
0 0.293471 0.214713 0.299218 0.101985 0.137696 0.0973528 0.131949 0.21008
0 0.597993 0.302443 0.59976 0.206123 0.47628 0.204849 0.474513 0.301169
0 0.703762 0.28298 0.705669 0.200566 0.598907 0.199177 0.597001 0.281591
0 0.805337 0.127115 0.806889 0.0305102 0.700522 0.0295492 0.69897 0.126154
0 0.34889 0.683145 0.354786 0.544634 0.196454 0.540843 0.190559 0.679355
0 0.617897 0.432224 0.618996 0.342816 0.490198 0.341925 0.489099 0.431333
0 1.00181 0.125173 1.00283 0.0226224 0.909147 0.0220973 0.908125 0.124648
0 0.680738 0.48006 0.888965 0.470407 0.884255 0.413256 0.676028 0.422908
0 0.381643 0.961668 0.382067 0.861802 0.242283 0.861469 0.241859 0.961334
0 0.589394 0.139216 0.591809 0.0393523 0.438428 0.0372658 0.436012 0.137129
0 0.1088 0.106711 0.28438 0.0815345 0.264528 0.00365556 0.0889474 0.028832
0 0.371828 0.861558 0.373656 0.734008 0.202234 0.732626 0.200406 0.860176
0 0.50849 0.599674 0.625777 0.598676 0.62449 0.513513 0.507203 0.514511
0 0.88892 0.316141 0.891481 0.202795 0.798209 0.201609 0.795648 0.314956
0 0.898747 0.683986 1.00055 0.683251 0.99972 0.618338 0.897915 0.619072
0 0.500056 0.518729 0.649625 0.51684 0.647588 0.426106 0.498019 0.427995
0 0.157199 0.688422 0.232209 0.669925 0.18608 0.564704 0.11107 0.583202
0 0.889758 0.513103 1.00101 0.512038 0.999201 0.405395 0.887944 0.40646
0 0.0630463 0.897997 0.147324 0.878945 0.103292 0.769381 0.0190142 0.788433
0 0.577411 0.34885 0.577815 0.296531 0.490666 0.296152 0.490261 0.348471
0 0.155255 0.397356 0.339258 0.396819 0.338987 0.344579 0.154983 0.345116
0 0.332245 0.493811 0.333533 0.386391 0.165603 0.385257 0.164314 0.492678
0 0.0823187 0.714097 0.164184 0.695123 0.115283 0.57644 0.033418 0.595413
0 0.0167747 0.155819 0.0952493 0.140516 0.0828764 0.104827 0.00440194 0.12013
0 0.958191 0.29946 0.958368 0.202004 0.887846 0.201932 0.88767 0.299388
0 0.995019 0.559841 0.996867 0.510767 0.911858 0.508966 0.910009 0.558039
0 0.338093 0.533007 0.339449 0.469965 0.175395 0.46798 0.174039 0.531023
0 0.611392 0.405572 0.691305 0.405546 0.691267 0.33946 0.611354 0.339486
0 0.99907 0.294405 1.00321 0.205535 0.955423 0.204282 0.951281 0.293152
0 0.705807 0.699666 0.706377 0.581211 0.514387 0.580691 0.513816 0.699146
0 0.135886 0.894808 0.242016 0.874807 0.205975 0.76723 0.0998442 0.78723
0 0.179193 0.355744 0.333513 0.34097 0.317707 0.248104 0.163387 0.262878
0 0.424417 0.0527002 0.575154 0.0522371 0.574876 0.00150348 0.424139 0.00196661
0 0.237748 0.999706 0.390135 0.998735 0.389627 0.953842 0.23724 0.954813
0 0.761565 0.670653 0.861594 0.66194 0.854066 0.613323 0.754037 0.622035
0 0.00093705 0.723326 0.0733065 0.712313 0.0413961 0.594356 -0.0309733 0.605368
0 -0.00314662 1.0044 0.127716 1.00273 0.126463 0.947595 -0.00439888 0.949267
0 -0.00125793 0.916513 0.0642351 0.908082 0.0392419 0.798878 -0.0262511 0.80731
0 -0.000140913 0.953517 0.0586566 0.95233 0.0567812 0.900083 -0.00201631 0.90127
0 0.0958561 0.0347562 0.230543 0.01621 0.222111 -0.0182341 0.0874243 0.000312083
0 0.797711 0.310185 0.800132 0.206152 0.698424 0.20482 0.696002 0.308853
