0 0.346539 0.992862 0.429755 0.969648 0.366714 0.842533 0.283499 0.865747
0 0.694985 1.00034 0.831528 0.961131 0.769893 0.840398 0.63335 0.879607
0 0.0473219 0.381848 0.146688 0.333923 0.0919646 0.2701 -0.00740172 0.318025
0 0.657791 0.683786 0.67441 0.569331 0.526123 0.55722 0.509503 0.671675
0 0.822331 0.367075 0.942705 0.338668 0.864251 0.151671 0.743877 0.180078
0 0.867771 0.469507 0.98695 0.44166 0.927162 0.297726 0.807983 0.325573
0 0.0487335 0.840309 0.166444 0.789826 0.108699 0.714089 -0.00901152 0.764571
0 0.129436 0.925371 0.212374 0.893639 0.14674 0.797143 0.0638023 0.828874
0 0.130092 0.440352 0.149102 0.360254 0.0414469 0.345882 0.0224362 0.42598
0 1.01381 0.580234 1.02967 0.458401 0.892235 0.448339 0.876377 0.570172
0 0.24985 0.0640759 0.39976 0.0622623 0.398223 -0.00921147 0.248313 -0.0073979
0 0.183414 0.662711 0.276635 0.640536 0.220243 0.507186 0.127021 0.529361
0 0.0034623 0.270144 0.0852054 0.254852 0.0376889 0.11198 -0.0440542 0.127272
0 0.255853 0.826589 0.354216 0.800017 0.292448 0.671402 0.194085 0.697975
0 0.645844 0.889531 0.77002 0.864907 0.693689 0.648383 0.569513 0.673007
0 0.913315 0.694169 1.01066 0.690469 1.00268 0.572331 0.905334 0.576031
0 -0.000264086 1.00287 0.0625548 1.00222 0.0613093 0.93454 -0.00150965 0.93519
0 0.711201 1.0076 0.841358 1.00253 0.838511 0.961443 0.708354 0.966516
0 0.210258 1.00404 0.260854 0.951208 0.189757 0.912908 0.13916 0.965739
0 0.719579 0.0900902 0.729144 0.0185758 0.626881 0.0108827 0.617316 0.0823971
0 0.605904 0.782646 0.727312 0.750349 0.680007 0.650322 0.558598 0.682619
0 0.883497 0.504698 1.00481 0.482578 0.987197 0.428231 0.86588 0.45035
0 -0.00309801 0.968265 0.0305318 0.968153 0.0301671 0.906183 -0.00346278 0.906294
0 0.603562 0.563348 0.620229 0.520599 0.563237 0.508101 0.546571 0.55085
0 0.231653 0.858112 0.313556 0.820677 0.251722 0.744579 0.169819 0.782014
0 0.0020258 0.717782 0.0706873 0.698461 0.0196737 0.596487 -0.0489879 0.615808
0 0.149642 1.0116 0.209724 0.99341 0.160014 0.901049 0.0999318 0.919238
0 0.478168 0.288479 0.570191 0.251421 0.534594 0.201698 0.44257 0.238755
0 0.575784 0.0347992 0.673225 0.0303653 0.670353 -0.00513914 0.572912 -0.000705253
0 0.11704 0.141458 0.215909 0.116565 0.160436 -0.00737019 0.0615673 0.0175222
0 0.963613 0.79751 1.00253 0.797061 1.00016 0.681252 0.961238 0.681701
0 0.433572 0.407642 0.440985 0.34377 0.337027 0.336983 0.329614 0.400855
0 0.967485 0.757651 1.00313 0.757176 1.00135 0.682309 0.965709 0.682784
0 0.0016766 0.720216 0.0748901 0.719227 0.0718948 0.594487 -0.00131871 0.595476
0 0.00585812 0.684744 0.0448598 0.675737 0.0118918 0.595444 -0.0271099 0.604452
