0 0.518516 0.438836 0.71264 0.433329 0.70606 0.201344 0.511936 0.20685
0 0.0624678 0.956821 0.333936 0.7434 0.207529 0.582611 -0.0639397 0.796032
0 0.317837 0.635253 0.478252 0.562504 0.34037 0.258468 0.179955 0.331217
0 0.528555 0.405115 0.533033 0.25587 0.371271 0.251016 0.366793 0.400261
0 0.443554 0.695525 0.589575 0.552409 0.505327 0.46645 0.359305 0.609565
0 0.00782243 0.794576 0.237177 0.592787 0.110558 0.448871 -0.118796 0.65066
0 0.117635 1.03345 0.38492 0.884992 0.328035 0.782575 0.0607495 0.931034
0 0.922296 0.425903 1.00624 0.424458 1.00211 0.184637 0.918168 0.186082
0 0.822071 0.826033 1.06527 0.625443 0.948322 0.483661 0.705128 0.684251
0 0.643755 0.841757 0.791909 0.739997 0.668389 0.560161 0.520234 0.661921
0 0.241158 1.11217 0.443145 0.985246 0.36376 0.858916 0.161773 0.985842
0 0.094223 0.519368 0.115335 0.374419 -0.0445828 0.351126 -0.0656951 0.496075
0 -0.00171476 0.533706 0.123246 0.533333 0.122592 0.313657 -0.0023692 0.314029
0 0.728591 0.668566 0.822765 0.593273 0.715521 0.459137 0.621348 0.53443
0 0.186639 1.01598 0.452899 1.00494 0.446978 0.862101 0.180718 0.873139
0 0.591054 1.00174 0.691302 0.99859 0.68941 0.938425 0.589163 0.941576
0 0.843576 1.00248 0.927871 1.00194 0.927678 0.97187 0.843383 0.972412
0 0.535627 0.259125 0.658123 0.255595 0.656901 0.213181 0.534405 0.216712
