0 0.783313 0.607747 0.876509 0.580488 0.82584 0.407257 0.732645 0.434515
0 0.813658 0.437355 0.813988 0.31454 0.703575 0.314243 0.703245 0.437058
0 0.258869 0.747663 0.322429 0.725651 0.275825 0.591082 0.212265 0.613095
0 0.519526 0.748931 0.620378 0.717402 0.581075 0.591681 0.480223 0.62321
0 0.495243 0.432004 0.503176 0.317077 0.391703 0.309383 0.38377 0.42431
0 0.0328326 0.13079 0.11006 0.0864008 0.072161 0.0204639 -0.00506673 0.0648529
0 0.0458021 0.95387 0.127041 0.921368 0.107948 0.873645 0.0267089 0.906147
0 0.0394207 0.908424 0.108896 0.869559 0.0782047 0.814696 0.0087298 0.853561
0 0.0940523 1.00832 0.154911 0.964146 0.117413 0.912486 0.0565538 0.956662
0 0.649076 0.219268 0.739119 0.192695 0.691721 0.0320809 0.601678 0.058653
0 0.120149 0.775264 0.200674 0.735956 0.150901 0.633995 0.0703762 0.673303
0 0.0971028 0.674883 0.158635 0.644309 0.110451 0.547337 0.048919 0.577912
0 0.00877102 0.821014 0.0698234 0.795498 0.0239124 0.685647 -0.03714 0.711163
0 0.771153 0.32566 0.774309 0.217091 0.672025 0.214117 0.668868 0.322686
0 0.0365372 0.590144 0.124619 0.540685 0.0814127 0.46374 -0.00666884 0.5132
0 0.170888 0.876081 0.239765 0.841573 0.195196 0.752615 0.126319 0.787123
0 0.228549 0.944499 0.292415 0.90083 0.241698 0.826654 0.177831 0.870322
0 0.576024 0.904074 0.669669 0.876477 0.617303 0.698784 0.523659 0.726381
0 0.077599 0.199247 0.119062 0.12415 0.0514888 0.0868416 0.0100261 0.161938
0 0.818996 0.711367 0.91819 0.666545 0.871934 0.564179 0.77274 0.609002
0 1.00792 0.997524 1.00873 0.908469 0.908409 0.907557 0.907599 0.996612
0 0.137731 0.41256 0.207484 0.390413 0.165189 0.257204 0.0954364 0.279351
0 0.88847 0.818477 0.966715 0.745747 0.88392 0.656676 0.805676 0.729406
0 0.190278 0.577149 0.265657 0.550216 0.219695 0.421578 0.144316 0.448511
0 0.484185 0.640404 0.577875 0.615381 0.518526 0.39316 0.424836 0.418182
0 0.666161 0.257196 0.754941 0.232398 0.739545 0.177277 0.650765 0.202075
0 0.266002 1.00523 0.314534 1.00426 0.313898 0.972431 0.265366 0.973401
0 0.326026 1.02728 0.419516 0.999805 0.402705 0.942607 0.309214 0.970086
0 0.816995 0.986469 0.909832 0.98566 0.909097 0.901396 0.816261 0.902205
0 0.303601 0.921714 0.387432 0.89116 0.338618 0.757231 0.254787 0.787785
0 0.338087 0.903552 0.38615 0.883883 0.336962 0.763689 0.288899 0.783358
0 -0.00206269 0.713547 0.0225808 0.713511 0.022494 0.653926 -0.00214942 0.653961
0 0.337057 0.927794 0.377792 0.84486 0.292408 0.802921 0.251672 0.885854
0 0.904054 1.00204 0.99922 1.00115 0.998865 0.963169 0.903699 0.964058
0 0.451613 0.314066 0.465884 0.271523 0.423489 0.257301 0.409217 0.299844
0 0.181215 0.607894 0.237098 0.561526 0.181348 0.494335 0.125465 0.540702
0 -0.00107415 0.0225908 0.0506014 0.0221599 0.0503969 -0.0023714 -0.0012787 -0.00194051
0 0.454062 0.531921 0.545405 0.499785 0.510547 0.400703 0.419204 0.432839
0 0.999245 1.00116 0.999849 0.970908 0.93851 0.969682 0.937906 0.999937
0 0.683056 1.00658 0.747313 1.00461 0.745905 0.958525 0.681647 0.960488
0 0.313335 0.925811 0.354459 0.875522 0.302035 0.832652 0.260911 0.882941
0 0.618135 0.10707 0.710897 0.0715505 0.677146 -0.0165907 0.584384 0.0189291
0 -0.00208169 0.90623 0.0182467 0.905883 0.0172705 0.848763 -0.00305791 0.849111
0 0.00155608 0.467667 0.0529977 0.448334 0.0146288 0.34624 -0.0368129 0.365573
0 0.00127038 0.470461 0.056509 0.469453 0.0542245 0.344254 -0.00101416 0.345262
0 0.00430461 0.43507 0.0337007 0.426028 0.00885347 0.345251 -0.0205426 0.354293
0 0.350772 0.0289086 0.409345 0.025957 0.407819 -0.00433317 0.349246 -0.00138166
