0 0.250269 0.370739 0.257178 0.252114 0.139606 0.245266 0.132697 0.363892
0 0.202377 0.71888 0.235987 0.58054 0.125351 0.553661 0.0917417 0.692001
0 0.353507 0.177809 0.495453 0.176519 0.494439 0.0648876 0.352492 0.0661775
0 0.706641 0.56678 0.707343 0.426282 0.602054 0.425757 0.601352 0.566254
0 0.415343 0.537824 0.544897 0.530926 0.541401 0.465268 0.411847 0.472167
0 0.357621 0.074739 0.484406 0.0734245 0.483626 -0.00180834 0.356841 -0.000493853
0 0.108576 0.470007 0.162474 0.231758 0.0462242 0.205459 -0.00767372 0.443708
0 0.24307 0.102392 0.247506 0.0283814 0.0965513 0.0193324 0.0921147 0.0933433
0 0.510529 0.383832 0.513394 0.304476 0.347606 0.298488 0.34474 0.377845
0 0.58367 0.433288 0.705446 0.431406 0.704094 0.343925 0.582319 0.345806
0 0.353195 0.353129 0.357607 0.267976 0.255014 0.26266 0.250602 0.347814
0 0.555989 0.698158 0.556087 0.584066 0.438045 0.583964 0.437947 0.698056
0 0.950332 0.956597 1.00232 0.956297 1.00166 0.842083 0.949672 0.842384
0 0.505504 0.248858 0.507046 0.172686 0.356606 0.16964 0.355064 0.245812
0 0.547729 0.0518267 0.695125 0.0503335 0.694591 -0.0023437 0.547195 -0.000850493
0 0.0537983 0.658867 0.102925 0.446339 0.0209459 0.427389 -0.0281806 0.639917
0 0.223006 0.195773 0.232348 0.102801 0.0764881 0.0871408 0.0671468 0.180113
0 0.424644 0.59775 0.552066 0.594706 0.550506 0.529412 0.423084 0.532456
0 0.427874 0.504256 0.539756 0.453507 0.492068 0.348372 0.380185 0.399121
0 0.441011 0.832277 0.476129 0.736865 0.326062 0.681631 0.290945 0.777042
0 0.723043 0.941235 0.728296 0.837401 0.638407 0.832853 0.633154 0.936688
0 1.01653 0.248704 1.05739 0.0595638 0.888171 0.023007 0.847311 0.212147
0 0.946257 0.610971 0.992852 0.53293 0.865892 0.457129 0.819298 0.53517
0 0.566429 0.879029 0.569173 0.804425 0.498699 0.801833 0.495955 0.876437
0 0.0638551 0.892557 0.0854034 0.770885 0.00355013 0.756388 -0.0179982 0.878061
0 0.991705 0.543029 1.06334 0.419242 0.942502 0.349317 0.870869 0.473103
0 0.875533 0.708647 0.940993 0.600399 0.798599 0.51429 0.733138 0.622538
0 0.741872 0.358445 0.746055 0.159124 0.551275 0.155037 0.547092 0.354357
0 0.484061 0.847527 0.558363 0.847148 0.557583 0.694277 0.483281 0.694656
0 0.830383 0.753155 0.867966 0.696263 0.762697 0.626721 0.725114 0.683613
0 0.798751 0.898937 0.805939 0.755496 0.63572 0.746965 0.628531 0.890407
0 0.676911 0.182811 0.680669 0.132811 0.534685 0.121837 0.530926 0.171838
0 0.897166 1.01136 0.980797 0.84742 0.855522 0.783511 0.771891 0.947448
0 0.489001 0.854911 0.512928 0.760638 0.450196 0.744716 0.426269 0.838989
0 0.608552 0.686183 0.698675 0.685772 0.698127 0.565744 0.608005 0.566155
0 0.300636 1.03162 0.370633 0.89682 0.305521 0.863009 0.235524 0.997809
0 0.0381446 0.166575 0.0518455 0.00157093 0.0028905 -0.00249399 -0.0108104 0.16251
0 0.112175 1.05104 0.176842 0.966002 0.112743 0.917256 0.0480757 1.00229
0 0.980904 0.865736 1.02853 0.766691 0.929709 0.719168 0.88208 0.818214
0 0.237225 0.0303124 0.237586 -0.00267901 0.114541 -0.00402574 0.11418 0.0289657
0 0.398333 0.438419 0.517864 0.434087 0.515781 0.376629 0.396251 0.380961
0 0.247472 0.756215 0.30139 0.620539 0.231821 0.592892 0.177904 0.728569
0 1.00854 0.76271 1.02898 0.649106 0.959008 0.63652 0.938573 0.750124
0 0.333857 0.554069 0.341078 0.414129 0.295028 0.411752 0.287806 0.551692
0 0.907094 0.645963 0.936905 0.595909 0.817138 0.524579 0.787327 0.574633
0 1.02031 0.417602 1.04082 0.318611 0.959614 0.301784 0.939102 0.400775
0 0.238434 0.942732 0.263696 0.845599 0.0909549 0.800673 0.0656928 0.897806
0 0.55549 0.133081 0.69377 0.133033 0.693739 0.0435313 0.555459 0.0435792
0 0.284826 0.771554 0.331526 0.658636 0.270534 0.633411 0.223834 0.74633
0 1.00659 0.0782909 1.00795 0.00846971 0.957802 0.00749339 0.956443 0.0773146
0 0.457523 1.03726 0.524663 0.979354 0.489157 0.938186 0.422016 0.996094
0 0.293832 0.542695 0.299903 0.488343 0.220764 0.479504 0.214693 0.533855
0 0.506496 1.00449 0.547518 1.00408 0.54722 0.97407 0.506199 0.974476
0 0.395633 1.02896 0.456214 0.932309 0.404044 0.89961 0.343463 0.996265
0 0.925641 0.793146 1.00145 0.792229 0.999401 0.622811 0.923592 0.623728
0 0.337739 0.412229 0.346045 0.357018 0.241135 0.341235 0.232829 0.396445
0 0.177476 1.0293 0.28827 0.874 0.164226 0.785504 0.0534329 0.9408
0 0.0242896 0.816737 0.0252276 0.754105 -0.00072942 0.753716 -0.00166746 0.816348
