0 0.768777 0.955951 0.888296 0.85796 0.805773 0.801343 0.686255 0.899334
0 0.225702 0.713459 0.324814 0.664995 0.204775 0.526907 0.105662 0.575371
0 0.405722 0.890482 0.504247 0.830843 0.292182 0.633778 0.193657 0.693417
0 0.70786 0.69202 0.773232 0.646264 0.665467 0.559661 0.600096 0.605418
0 0.61243 0.620008 0.683531 0.575304 0.567464 0.471465 0.496363 0.516169
0 0.160695 0.605073 0.316984 0.49101 0.243983 0.434745 0.0876933 0.548808
0 0.860471 0.861821 1.00252 0.713444 0.928939 0.673824 0.786895 0.822202
0 0.0933595 0.940586 0.128609 0.863892 0.0341462 0.83947 -0.00110356 0.916164
0 0.593924 0.209191 0.633879 0.129218 0.543233 0.103744 0.503278 0.183717
0 0.719703 1.01205 0.7908 0.931595 0.696045 0.884497 0.624949 0.964954
0 0.496674 0.532564 0.560977 0.488225 0.441563 0.39081 0.377259 0.435149
0 0.645113 0.145406 0.699103 0.00902444 0.597574 -0.0135842 0.543583 0.122798
0 0.885533 0.429699 0.911843 0.35829 0.814175 0.338048 0.787865 0.409457
0 0.0987442 0.352773 0.126774 0.281665 -0.00127026 0.253274 -0.0293004 0.324382
0 0.914394 0.36137 0.955969 0.278387 0.851405 0.248919 0.809829 0.331903
0 0.984013 0.73382 1.0604 0.639281 0.982708 0.603971 0.906322 0.69851
0 0.24381 0.363832 0.325752 0.295638 0.246299 0.241935 0.164356 0.310129
0 0.379039 0.448695 0.443054 0.402881 0.294134 0.285834 0.230118 0.331648
0 0.172558 0.248758 0.231247 0.165524 0.154299 0.135005 0.0956102 0.218239
0 0.851596 0.854584 0.928815 0.783995 0.873813 0.75015 0.796593 0.82074
0 0.691646 0.301637 0.745316 0.241039 0.586899 0.162117 0.533229 0.222716
0 0.816747 0.371141 0.869984 0.309333 0.682195 0.218349 0.628958 0.280157
0 0.513751 0.249309 0.571371 0.197139 0.469376 0.133773 0.411756 0.185943
0 0.057651 0.280046 0.133882 0.171326 0.038081 0.133541 -0.0381496 0.242262
0 0.70377 0.353767 0.744163 0.277402 0.654078 0.250599 0.613685 0.326964
0 0.114492 0.220063 0.178899 0.117756 0.0537566 0.0734402 -0.0106509 0.175746
0 0.265832 1.04947 0.325124 0.971533 0.205899 0.920511 0.146607 0.998445
0 1.00077 0.0941908 1.00592 -0.0075957 0.858571 -0.0117881 0.853423 0.0899984
0 0.0333816 0.906552 0.0533502 0.82963 -0.0174279 0.819295 -0.0373965 0.896217
0 0.69729 1.00926 0.697757 0.959411 0.604462 0.958919 0.603995 1.00877
0 0.146847 1.00597 0.336808 1.00096 0.332811 0.915766 0.14285 0.920779
