0 0.577001 0.939109 0.664959 0.811243 0.604034 0.736736 0.516075 0.864601
0 0.169328 0.618038 0.243567 0.553399 0.153344 0.369175 0.0791039 0.433813
0 0.304259 0.853977 0.378166 0.774467 0.219158 0.511708 0.145251 0.591218
0 0.739245 0.651013 0.820594 0.526312 0.76278 0.459262 0.68143 0.583964
0 0.531443 0.589449 0.580214 0.52837 0.499017 0.41311 0.450247 0.474189
0 0.120625 0.47313 0.237486 0.321414 0.182821 0.246558 0.0659598 0.398274
0 0.459251 0.493432 0.512856 0.433903 0.426002 0.294863 0.372397 0.354392
0 0.646319 0.813912 0.751409 0.620263 0.69626 0.567058 0.591171 0.760707
0 0.07002 0.920781 0.0964564 0.818521 0.0256091 0.78596 -0.000827289 0.88822
0 0.539654 1.01526 0.592553 0.908447 0.522136 0.846451 0.469237 0.953267
0 0.818318 0.528357 0.870447 0.43518 0.812595 0.377641 0.760466 0.470818
0 0.371896 0.376504 0.420626 0.317465 0.331887 0.187254 0.283157 0.246293
0 0.188484 0.156687 0.246534 0.0647761 0.179509 -0.0104801 0.12146 0.081431
0 0.0767455 0.136094 0.0958581 0.0392054 -9.29115e-05 0.00555602 -0.0192056 0.102444
0 0.665489 0.236354 0.683101 0.143354 0.610136 0.118788 0.592524 0.211788
0 0.689488 0.141442 0.712867 0.0353625 0.635792 0.00516401 0.612413 0.111244
0 0.289403 0.273517 0.340198 0.210717 0.231174 0.0539497 0.18038 0.116749
0 0.63884 0.805468 0.696846 0.711346 0.656227 0.666843 0.598221 0.760965
0 0.613851 0.150601 0.651353 0.0716823 0.522172 -0.0374514 0.48467 0.0414671
0 0.520965 0.136343 0.551804 0.0480085 0.48923 0.00917079 0.45839 0.0975057
0 0.785906 0.542527 0.803522 0.505837 0.754073 0.463626 0.736456 0.500316
0 0.199364 1.06596 0.243843 0.962055 0.154433 0.894011 0.109954 0.997914
0 0.0250321 0.875402 0.0400095 0.772836 -0.0130676 0.759057 -0.0280451 0.861623
0 1.00091 0.119499 1.00101 -0.00578037 0.962271 -0.00583705 0.962168 0.119443
0 0.522823 1.01273 0.523434 0.94643 0.453514 0.945285 0.452903 1.01158
0 0.150983 0.0686716 0.161624 -0.0109306 0.0815036 -0.0299705 0.0708629 0.0496317
0 0.110138 1.00796 0.252612 1.00127 0.249614 0.887693 0.10714 0.894378
