0 0.169283 0.713455 0.243611 0.664993 0.153575 0.526903 0.079248 0.575365
0 0.577004 0.954336 0.664963 0.858432 0.604033 0.802549 0.516073 0.898453
0 0.304262 0.890468 0.378161 0.830842 0.219167 0.633793 0.145268 0.69342
0 0.739254 0.738261 0.820667 0.644709 0.762842 0.594386 0.681428 0.687938
0 0.531516 0.692089 0.580244 0.646277 0.498904 0.559762 0.450177 0.605574
0 0.120515 0.605076 0.237737 0.491012 0.182989 0.434748 0.0657667 0.548813
0 0.4594 0.620046 0.512838 0.575308 0.425735 0.471265 0.372297 0.516003
0 0.646319 0.860432 0.751413 0.715198 0.696266 0.675293 0.591172 0.820527
0 0.0700204 0.940586 0.0964569 0.863891 0.025609 0.83947 -0.000827446 0.916164
0 0.445514 0.209282 0.475574 0.129283 0.407477 0.103695 0.377417 0.183694
0 0.539653 1.01145 0.592552 0.931336 0.522136 0.884839 0.469237 0.96495
0 0.372632 0.53267 0.420922 0.488251 0.331231 0.390746 0.282942 0.435165
0 0.817944 0.646287 0.870481 0.576717 0.812901 0.533235 0.760364 0.602805
0 0.484183 0.145558 0.524105 0.008397 0.447738 -0.0138298 0.407817 0.123331
0 0.926197 0.154661 0.93102 -0.00339252 0.618427 -0.0129308 0.613605 0.145123
0 0.665694 0.427338 0.683398 0.357483 0.609539 0.338764 0.591835 0.408619
0 0.0740553 0.352776 0.0950833 0.281669 -0.000947758 0.25327 -0.0219758 0.324377
0 0.68721 0.35852 0.71512 0.27592 0.636863 0.249478 0.608954 0.332077
0 0.182859 0.363832 0.244308 0.29564 0.184714 0.24194 0.123266 0.310131
0 0.284279 0.448706 0.332299 0.402889 0.220612 0.285831 0.172592 0.331648
0 0.12942 0.248758 0.173435 0.165523 0.115723 0.135004 0.0717074 0.21824
0 0.638841 0.854099 0.696844 0.783513 0.656224 0.750135 0.598222 0.820721
0 0.519558 0.30222 0.559873 0.241261 0.440229 0.162136 0.399914 0.223095
0 0.612494 0.369538 0.651796 0.308383 0.51081 0.217777 0.471508 0.278933
0 0.38514 0.248926 0.428237 0.196772 0.352065 0.133828 0.308969 0.185981
0 0.967163 0.350591 1.00321 0.350073 1.00115 0.206416 0.965101 0.206933
0 0.0432331 0.280044 0.100416 0.171318 0.0285704 0.133532 -0.0286122 0.242259
0 0.526573 0.353416 0.556891 0.277297 0.490863 0.250999 0.460546 0.327118
0 0.0858739 0.220053 0.134173 0.117759 0.0403205 0.0734459 -0.00797834 0.17574
0 0.199376 1.04947 0.243848 0.97154 0.154426 0.920511 0.109955 0.998442
0 0.785933 0.6569 0.803552 0.629306 0.754036 0.59769 0.736417 0.625284
0 0.025032 0.906552 0.0400109 0.829632 -0.0130687 0.819296 -0.0280476 0.896215
0 0.522818 1.00955 0.523431 0.959824 0.453515 0.958962 0.452903 1.00869
0 0.110136 1.00597 0.252612 1.00096 0.249614 0.91577 0.107139 0.920784
