0 0.762739 0.435544 0.765404 0.303689 0.621305 0.300777 0.618641 0.432632
0 0.273521 0.927665 0.276294 0.82184 0.167063 0.818978 0.16429 0.924803
0 0.948978 0.915669 0.951524 0.803848 0.826169 0.800994 0.823623 0.912814
0 0.488505 0.501678 0.590479 0.500861 0.589642 0.396368 0.487668 0.397185
0 0.0992203 0.204135 0.101196 0.103405 -0.000395315 0.101413 -0.00237137 0.202142
0 0.714238 0.556827 0.714535 0.425878 0.587327 0.425589 0.58703 0.556539
0 0.101417 0.292704 0.103095 0.200288 -0.00130657 0.198393 -0.0029842 0.290808
0 0.0962281 0.106358 0.0989851 0.000824079 0.00110826 -0.00173288 -0.00164874 0.103801
0 0.394945 0.467483 0.396389 0.362617 0.300467 0.361296 0.299023 0.466162
0 0.703257 0.922629 0.827533 0.922596 0.827504 0.810996 0.703227 0.811029
0 0.693619 0.155592 0.694444 0.0558905 0.598737 0.0550985 0.597912 0.1548
0 0.177444 0.977321 0.179034 0.868456 0.066089 0.866807 0.064499 0.975671
0 0.57485 0.19947 0.576688 0.11611 0.489146 0.114181 0.487309 0.19754
0 0.933163 0.32659 0.937326 0.261161 0.79677 0.252216 0.792606 0.317645
0 0.310098 0.688426 0.313419 0.523349 0.207069 0.52121 0.203749 0.686287
0 0.139245 0.702542 0.139728 0.619168 0.0562496 0.618684 0.0557663 0.702058
0 0.312154 0.551678 0.314135 0.425741 0.192236 0.423823 0.190255 0.54976
0 0.387965 0.204251 0.490263 0.201766 0.488143 0.114454 0.385845 0.116939
0 0.481467 0.684341 0.482708 0.606242 0.388825 0.60475 0.387584 0.682849
0 0.134607 0.696776 0.215823 0.696362 0.215385 0.610307 0.134169 0.610721
0 0.934759 0.264784 0.937883 0.128013 0.824683 0.125428 0.821559 0.262198
0 0.391908 0.691127 0.394484 0.616842 0.314682 0.614074 0.312106 0.68836
0 0.923876 0.128837 0.925298 0.0100763 0.833026 0.00897123 0.831603 0.127731
0 0.698389 1.01021 0.702214 0.955918 0.587776 0.947857 0.583952 1.00215
0 0.813848 0.291323 0.814739 0.23542 0.767795 0.234672 0.766904 0.290575
0 0.770903 0.0878924 0.835864 0.0869834 0.834696 0.00345017 0.769734 0.00435917
0 0.944112 0.0761509 0.999817 0.0758674 0.999447 0.0030665 0.943742 0.00334996
0 0.917919 0.995827 0.999654 0.993915 0.997042 0.882267 0.915308 0.884179
0 0.835868 0.215337 0.835873 0.129057 0.771245 0.129054 0.77124 0.215334
0 8.86805e-05 0.684936 0.0381771 0.68468 0.0373395 0.560005 -0.000748944 0.560261
0 0.0263455 0.41546 0.027004 0.299094 -0.00145873 0.298933 -0.00211717 0.415299
0 0.0615473 0.710726 0.0631437 0.637173 0.00479025 0.635906 0.00319389 0.70946
0 0.03097 0.532523 0.0321186 0.407862 -0.00136781 0.407554 -0.0025164 0.532214
0 0.1305 1.00622 0.131508 0.982954 0.0250881 0.978344 0.0240802 1.00161
0 0.947335 0.168597 1.00628 0.167237 1.0039 0.0639137 0.944951 0.0652738
0 0.83386 0.0359733 0.929544 0.0357716 0.929468 9.94881e-05 0.833785 0.000301137
0 0.42901 0.119526 0.432323 0.0649529 0.385952 0.0621375 0.382639 0.11671
0 0.316597 0.502222 0.394448 0.501871 0.394261 0.46048 0.31641 0.460831
