0 0.901835 0.115014 0.902124 0.0258703 0.819032 0.025601 0.818743 0.114745
0 0.523205 0.12983 0.524207 0.0314405 0.446016 0.0306435 0.445013 0.129033
0 0.678319 0.622505 0.683126 0.485075 0.553509 0.480542 0.548703 0.617972
0 0.68221 0.124857 0.683524 0.0267148 0.604762 0.0256599 0.603448 0.123802
0 0.912483 0.128483 1.00121 0.127997 1.00057 0.0124883 0.911849 0.012975
0 0.768152 0.124432 0.768931 0.023755 0.682144 0.023084 0.681366 0.123761
0 0.825526 0.420747 0.922731 0.419513 0.921809 0.346924 0.824604 0.348158
0 0.220102 0.214713 0.224411 0.101979 0.103267 0.097348 0.0989577 0.210081
0 0.448532 0.302435 0.449855 0.206098 0.357198 0.204826 0.355875 0.301162
0 0.527906 0.283121 0.529356 0.200553 0.449122 0.199144 0.447672 0.281712
0 0.261665 0.683146 0.266088 0.544637 0.147341 0.540845 0.142918 0.679354
0 0.604165 0.127101 0.605223 0.0305652 0.525202 0.0296876 0.524143 0.126223
0 0.463433 0.432199 0.464257 0.342798 0.36767 0.341907 0.366846 0.431309
0 0.917747 0.288841 0.920543 0.196032 0.797845 0.192336 0.795049 0.285145
0 0.286216 0.961666 0.286536 0.861807 0.181706 0.861472 0.181386 0.96133
0 0.442112 0.139231 0.44391 0.0393683 0.328831 0.0372962 0.327033 0.137159
0 0.933559 0.922975 0.937134 0.819113 0.806451 0.814615 0.802877 0.918477
0 0.0816089 0.106714 0.213288 0.0815359 0.198397 0.00365294 0.0667172 0.0288308
0 0.509941 0.479675 0.666103 0.470337 0.662721 0.413777 0.506559 0.423115
0 0.27886 0.861559 0.28023 0.734007 0.151672 0.732626 0.150302 0.860178
0 0.381414 0.599619 0.469505 0.598613 0.468533 0.513493 0.380442 0.514499
0 0.666313 0.31633 0.668594 0.20324 0.599618 0.201849 0.597337 0.314939
0 0.827276 0.787513 0.932595 0.787097 0.932237 0.696375 0.826918 0.696791
0 0.1179 0.688422 0.174156 0.669925 0.139558 0.564704 0.0833018 0.583201
0 0.374985 0.518684 0.487389 0.516761 0.485839 0.426172 0.373435 0.428095
0 0.674228 0.683567 0.755435 0.682834 0.754855 0.618552 0.673647 0.619286
0 0.822822 0.513088 0.824006 0.440694 0.675201 0.438261 0.674018 0.510655
0 0.0472852 0.897998 0.110495 0.878946 0.0774716 0.769382 0.0142616 0.788434
0 0.8296 0.53126 0.929376 0.530454 0.92885 0.465366 0.829074 0.466172
0 0.433113 0.348868 0.433414 0.296533 0.367982 0.296156 0.36768 0.348491
0 0.940289 0.96753 0.941571 0.92195 0.83613 0.918984 0.834848 0.964564
0 0.116443 0.397354 0.25444 0.396817 0.254237 0.34458 0.11624 0.345117
0 0.825601 0.688418 0.934932 0.687134 0.934213 0.62591 0.824882 0.627194
0 0.249185 0.493792 0.25015 0.386391 0.124199 0.385259 0.123234 0.492661
0 0.665168 0.299382 0.718517 0.299264 0.718302 0.201894 0.664953 0.202012
0 0.751172 0.759839 0.828477 0.759685 0.8283 0.670911 0.750995 0.671065
0 0.830326 0.469492 0.924008 0.468352 0.923337 0.41314 0.829655 0.41428
0 0.818076 0.60982 0.931512 0.608563 0.930616 0.527681 0.81718 0.528938
0 0.0617394 0.7141 0.123141 0.695125 0.0864647 0.576441 0.0250632 0.595416
0 0.012581 0.155819 0.0714363 0.140515 0.0621565 0.104827 0.00330122 0.120131
0 0.253573 0.533009 0.25459 0.469961 0.131548 0.467977 0.130531 0.531025
0 0.818012 0.125436 0.818518 0.0414885 0.767504 0.0411809 0.766998 0.125128
0 0.518456 0.405572 0.51847 0.339449 0.458417 0.339437 0.458403 0.40556
0 0.825423 0.335766 0.919109 0.335251 0.918818 0.282337 0.825132 0.282852
0 0.798765 0.292855 0.800594 0.203078 0.722349 0.201484 0.72052 0.291261
0 0.529919 0.699802 0.53038 0.581248 0.385784 0.580685 0.385323 0.699239
0 0.10192 0.894806 0.181511 0.874809 0.154481 0.767226 0.0748901 0.787223
0 0.134438 0.355767 0.250147 0.340957 0.238258 0.248073 0.122549 0.262883
0 0.929689 0.826734 0.930852 0.778423 0.842057 0.776285 0.840894 0.824596
0 0.318296 0.0527047 0.431567 0.0522492 0.431363 0.00153106 0.318093 0.00198657
0 0.178308 0.999709 0.292592 0.998737 0.29221 0.953843 0.177926 0.954814
0 0.944179 1.00118 0.944326 0.961379 0.844614 0.961012 0.844467 1.00081
0 0.000703428 0.723326 0.054981 0.712313 0.0310464 0.594354 -0.0232311 0.605367
0 0.75777 0.289293 0.75948 0.207966 0.715706 0.207045 0.713996 0.288373
0 0.571493 0.670608 0.645676 0.661519 0.639781 0.613412 0.565599 0.622502
0 0.823685 0.350569 0.919474 0.349909 0.919174 0.306257 0.823384 0.306917
0 -0.00235941 1.0044 0.09579 1.00273 0.0948515 0.947592 -0.00329792 0.949263
0 -0.000942301 0.916511 0.0481733 0.908081 0.029431 0.798877 -0.0196846 0.807306
0 -0.000105297 0.953518 0.0439948 0.952331 0.0425883 0.900082 -0.00151175 0.901269
0 0.0718961 0.0347588 0.172912 0.0162123 0.166588 -0.0182354 0.0655715 0.000311078
0 0.809384 0.446629 0.80999 0.409644 0.688033 0.407647 0.687427 0.444632
0 0.684349 0.559638 0.744308 0.558226 0.743186 0.510598 0.683227 0.51201
0 1.00073 0.600941 1.00137 0.523468 0.981758 0.523307 0.981123 0.60078
0 1.0004 0.292757 1.00175 0.209319 0.985047 0.209049 0.983698 0.292488
0 0.999793 0.366818 1.00061 0.260528 0.987052 0.260423 0.986231 0.366713
0 1.00031 0.477829 1.0005 0.390115 0.98643 0.390086 0.98625 0.4778
0 1.0012 0.415881 1.0016 0.310014 0.984124 0.309948 0.983726 0.415815
0 0.795094 0.594038 0.83136 0.592787 0.829875 0.54973 0.793609 0.550981
