0 0.311644 0.490871 0.338536 0.39162 0.178281 0.314426 0.151388 0.413677
0 0.418596 0.949695 0.493198 0.885091 0.40482 0.70366 0.330218 0.768265
0 0.231827 0.652756 0.258037 0.532432 0.16097 0.494842 0.134759 0.615165
0 0.36791 0.808408 0.48801 0.656624 0.433638 0.58014 0.313538 0.731923
0 0.130328 0.6103 0.183113 0.517981 0.0166023 0.348724 -0.0361831 0.441043
0 0.780242 0.923479 0.829861 0.862935 0.749292 0.745547 0.699673 0.806091
0 0.247024 0.185449 0.304878 0.113183 0.20222 -0.0329205 0.144367 0.0393456
0 0.709707 0.826571 0.762421 0.767514 0.675328 0.629314 0.622615 0.688371
0 0.489724 1.08212 0.558612 0.999968 0.459838 0.852711 0.390949 0.934859
0 0.69543 0.27895 0.725404 0.172293 0.657408 0.138322 0.627434 0.244979
0 0.622765 0.710284 0.670826 0.651349 0.581049 0.521195 0.532988 0.58013
0 0.288826 0.378667 0.350844 0.226882 0.282825 0.177475 0.220808 0.329259
0 0.0322421 0.995049 0.0742835 0.929499 -0.00230249 0.842175 -0.0443439 0.907725
0 0.73383 0.193871 0.774322 0.0120288 0.698173 -0.0181167 0.65768 0.163725
0 0.91464 0.572279 0.934064 0.477692 0.860532 0.450847 0.841108 0.545435
0 0.958657 1.04794 0.999681 0.950949 0.932079 0.900118 0.891055 0.997112
0 0.935775 0.481891 0.966993 0.371211 0.888556 0.331879 0.857337 0.442559
0 0.380347 0.331818 0.423168 0.2197 0.364842 0.180098 0.322021 0.292216
0 0.987993 0.978539 1.04697 0.853905 0.988583 0.80479 0.929608 0.929425
0 0.53435 0.598966 0.582564 0.537525 0.470243 0.38083 0.422029 0.442271
0 0.432304 0.487248 0.496433 0.394345 0.435951 0.320126 0.371823 0.413029
0 0.335444 0.281652 0.381175 0.16896 0.284058 0.0988956 0.238326 0.211588
0 0.768745 0.402209 0.809007 0.321408 0.690162 0.216131 0.6499 0.296932
0 0.0812014 0.154592 0.107402 -0.00558289 0.00341429 -0.0358233 -0.0227869 0.124352
0 0.862549 0.494837 0.902471 0.412404 0.761646 0.291159 0.721724 0.373592
0 0.643883 0.333678 0.684003 0.268269 0.603528 0.180516 0.563408 0.245925
0 0.777862 0.47168 0.80813 0.369878 0.740533 0.334149 0.710266 0.435951
0 1.00058 0.12559 1.00444 -0.0101227 0.893927 -0.0157132 0.890066 0.12
