0 0.996625 0.239881 0.997881 0.0735689 0.871974 0.0718782 0.870718 0.23819
0 0.840887 0.336373 0.842485 0.194327 0.737517 0.192227 0.735918 0.334273
0 0.523211 0.903374 0.526015 0.762442 0.417029 0.758588 0.414225 0.899519
0 0.965687 0.407602 0.966428 0.233442 0.837448 0.232467 0.836708 0.406628
0 0.645187 0.290635 0.646792 0.150623 0.550388 0.148658 0.548783 0.28867
0 0.282275 0.374749 0.282409 0.22002 0.179231 0.219861 0.179097 0.374589
0 0.0223421 0.322031 0.116782 0.320918 0.116169 0.228399 0.0217288 0.229512
0 0.127751 0.574017 0.129501 0.427225 0.0259431 0.425031 0.0241935 0.571822
0 0.42717 0.970641 0.428341 0.823272 0.316114 0.821687 0.314943 0.969056
0 0.113088 0.103482 0.11698 0.0244583 0.0190003 0.0158788 0.015108 0.0949028
0 0.198904 0.606031 0.200094 0.506821 0.126264 0.505247 0.125074 0.604457
0 0.125003 0.434295 0.125343 0.316883 0.034145 0.316414 0.033805 0.433825
0 0.560101 0.58469 0.563454 0.364702 0.45708 0.361819 0.453727 0.581807
0 0.389829 0.603418 0.390297 0.492664 0.304622 0.49202 0.304154 0.602773
0 0.168853 0.220622 0.279703 0.220269 0.279379 0.0388437 0.168529 0.0391957
0 0.561995 0.401384 0.564217 0.234508 0.442569 0.231628 0.440347 0.398504
0 0.7315 0.579118 0.732767 0.475039 0.638705 0.473004 0.637438 0.577082
0 0.384424 0.595348 0.465796 0.594761 0.465332 0.480383 0.38396 0.480969
0 0.0581043 0.930964 0.168176 0.929396 0.167007 0.783455 0.0569349 0.785023
0 0.641796 0.588088 0.64441 0.489087 0.564597 0.485341 0.561982 0.584341
0 0.0178797 0.226968 0.111551 0.225563 0.110998 0.159941 0.0173264 0.161346
0 0.108098 0.167862 0.108172 0.0947802 0.0153781 0.0946136 0.0153043 0.167695
0 0.29528 0.614407 0.29594 0.402974 0.19173 0.402396 0.19107 0.613829
0 0.117171 1.00124 0.118116 0.903774 0.0500819 0.902601 0.0491372 1.00007
0 0.948522 1.01378 0.952568 0.942453 0.837792 0.930877 0.833746 1.00221
0 0.311819 0.608708 0.313987 0.514094 0.272518 0.512405 0.27035 0.607019
0 0.352362 0.0594551 0.353668 -0.00152269 0.228616 -0.0062847 0.22731 0.0546931
0 0.0612346 0.987989 0.0652432 0.835663 -0.00274066 0.832483 -0.00674922 0.984809
0 0.950508 0.891117 1.0056 0.89036 1.00452 0.750986 0.949431 0.751743
0 0.380693 1.00836 0.381759 0.975552 0.274529 0.969362 0.273464 1.00217
0 0.135027 0.0304805 0.135057 0.000537666 0.0254774 0.000344458 0.0254477 0.0302873
0 0.566015 0.336083 0.645239 0.335464 0.644998 0.280591 0.565773 0.28121
0 0.0498109 1.00025 0.0505559 0.974793 0.00374102 0.972358 0.00299602 0.997819
