0 0.747132 0.869432 0.784445 0.79389 0.571834 0.734818 0.534521 0.810359
0 0.663753 0.636 0.737119 0.582339 0.595688 0.47357 0.522322 0.527231
0 0.6486 0.985633 0.67558 0.89722 0.544387 0.874701 0.517407 0.963114
0 0.135833 0.14326 0.218465 0.0858359 0.11452 0.00170046 0.0318883 0.0591246
0 0.509197 0.956658 0.578341 0.884254 0.341647 0.757109 0.272503 0.829514
0 0.225121 0.200425 0.300293 0.140408 0.210601 0.0772164 0.135429 0.137234
0 1.00304 0.377939 1.00703 0.268538 0.881616 0.265963 0.877623 0.375364
0 0.405978 0.332888 0.481998 0.277544 0.362609 0.185299 0.286589 0.240643
0 0.867118 0.363952 0.898078 0.251425 0.770157 0.231628 0.739197 0.344154
0 0.520955 0.560864 0.619245 0.485555 0.456255 0.365897 0.357965 0.441206
0 0.296158 0.257869 0.376644 0.197689 0.295828 0.136891 0.215342 0.19707
0 0.327791 0.643737 0.482381 0.505177 0.3705 0.434963 0.21591 0.573524
0 0.0346212 0.0765682 0.127789 0.0149664 0.0731315 -0.0315333 -0.0200367 0.0300685
0 0.719123 0.782528 0.795319 0.67579 0.704598 0.639361 0.628402 0.746098
0 0.257517 0.833093 0.309077 0.748629 0.191421 0.708229 0.13986 0.792692
0 0.90527 0.0665816 0.90537 -0.00375143 0.760053 -0.00386715 0.759954 0.0664658
0 0.846702 0.747469 0.89832 0.662854 0.820329 0.636091 0.76871 0.720706
0 0.152503 0.797616 0.205474 0.718047 0.0815529 0.671643 0.0285824 0.751212
0 0.992114 0.930012 1.07026 0.876963 0.968212 0.792409 0.890069 0.845458
0 0.904125 0.859476 0.990466 0.792668 0.917507 0.73963 0.831166 0.806438
0 0.784645 0.707145 0.842683 0.627678 0.712674 0.574268 0.654637 0.653736
0 0.871982 1.0529 0.979778 0.990971 0.919891 0.932332 0.812094 0.994259
0 -0.00351971 0.488792 0.0245411 0.488759 0.0243632 0.405562 -0.0036976 0.405595
0 0.829097 1.00323 0.98066 0.999559 0.977576 0.92801 0.826013 0.931685
