0 0.204856 0.896364 0.273118 0.804855 0.200455 0.774365 0.132193 0.865875
0 0.494009 0.133825 0.495124 0.0498689 0.35279 0.0488054 0.351675 0.132762
0 0.249477 0.280245 0.259627 0.190639 0.140753 0.183065 0.130603 0.272671
0 0.199158 0.542232 0.241457 0.436575 0.130855 0.411668 0.088556 0.517325
0 0.60129 0.425087 0.702395 0.424559 0.701454 0.323197 0.600349 0.323725
0 0.104752 0.352777 0.161168 0.172106 0.049331 0.152462 -0.00708478 0.333134
0 0.412125 0.406 0.545571 0.402165 0.542962 0.351085 0.409516 0.354919
0 0.248952 0.0804672 0.257831 0.0234922 0.106694 0.0102445 0.097816 0.0672195
0 0.223149 0.148405 0.234623 0.0723627 0.0786255 0.0591231 0.0671521 0.135166
0 0.4362 0.524087 0.55735 0.523559 0.556666 0.435241 0.435516 0.435769
0 0.0746034 0.860711 0.139703 0.769531 0.0483283 0.732834 -0.0167716 0.824014
0 0.51444 0.290124 0.517732 0.22162 0.344811 0.216945 0.341519 0.285449
0 0.380553 0.359032 0.526731 0.356778 0.524678 0.281869 0.378499 0.284123
0 0.584777 0.327224 0.692407 0.326024 0.691175 0.263839 0.583545 0.265039
0 0.849 0.960553 0.96397 0.928274 0.887937 0.775943 0.772968 0.808221
0 0.357787 0.0540754 0.494022 0.0525403 0.493071 0.00506353 0.356836 0.0065986
0 0.946049 0.741457 0.958187 0.663813 0.789508 0.64898 0.77737 0.726624
0 0.406883 0.987349 0.526243 0.885594 0.467975 0.847148 0.348615 0.948902
0 0.138563 0.978187 0.17014 0.9297 0.0916301 0.900939 0.0600528 0.949426
0 0.929398 1.03282 1.02203 0.980726 0.93795 0.896639 0.845323 0.948735
0 0.438949 0.625537 0.476193 0.554359 0.323993 0.509563 0.28675 0.580741
0 0.948102 0.458429 0.997258 0.395164 0.866862 0.338175 0.817707 0.40144
0 0.235889 0.563332 0.304014 0.456356 0.244448 0.435019 0.176323 0.541994
0 0.0537022 0.496037 0.104402 0.331657 0.0150695 0.316158 -0.0356305 0.480538
0 0.316499 1.0534 0.410214 0.967393 0.316456 0.90993 0.222742 0.995939
0 0.670697 0.0971609 0.670722 0.0318815 0.550575 0.031855 0.550549 0.0971345
0 0.349554 0.275997 0.362597 0.204875 0.258379 0.194124 0.245336 0.265246
0 0.986766 0.409074 1.10614 0.266049 0.991723 0.212333 0.87235 0.355358
0 0.468672 0.864109 0.579156 0.76406 0.52117 0.728041 0.410686 0.82809
0 0.189541 0.944824 0.228699 0.89146 0.130193 0.8508 0.0910342 0.904164
0 0.563623 0.662118 0.567025 0.604415 0.497344 0.602104 0.493942 0.659807
0 1.0129 0.186432 1.05697 0.0480921 0.888867 0.0179729 0.844801 0.156313
0 0.0503084 0.674156 0.0903539 0.579883 0.0120748 0.561179 -0.0279707 0.655452
0 0.55005 0.039067 0.679693 0.0376711 0.678905 -0.00353552 0.549262 -0.00213961
0 0.16126 0.780114 0.191201 0.722356 0.088642 0.69245 0.0587006 0.750209
0 0.509857 0.197302 0.511606 0.129841 0.358941 0.127614 0.357192 0.195076
0 0.573561 1.0064 0.606673 0.973228 0.532282 0.931454 0.49917 0.964622
0 0.974018 0.649678 1.02811 0.578093 0.926836 0.535043 0.87274 0.606628
0 0.481129 0.606706 0.565096 0.606342 0.564436 0.520621 0.480469 0.520984
0 0.881956 0.532792 0.935271 0.462081 0.786373 0.398932 0.733059 0.469643
0 0.426672 0.820759 0.529782 0.737666 0.482791 0.704866 0.379681 0.78796
0 0.607777 0.525275 0.699343 0.524159 0.697168 0.423759 0.605602 0.424875
0 0.638807 1.00948 0.7207 0.94357 0.607882 0.864724 0.52599 0.930637
0 0.832186 0.565778 0.866253 0.52101 0.767886 0.478904 0.733818 0.523673
0 0.953149 0.719586 1.00373 0.719353 1.00301 0.632011 0.952433 0.632244
0 0.492884 0.644001 0.513081 0.563526 0.44834 0.554387 0.428143 0.634861
0 0.0448603 0.905864 0.0782446 0.84769 -0.0050386 0.820806 -0.0384229 0.878979
0 0.423925 0.452992 0.552832 0.448636 0.549702 0.396544 0.420795 0.400901
0 0.33821 0.883799 0.368731 0.810495 0.293446 0.792863 0.262926 0.866168
0 0.997513 0.399479 1.04166 0.334543 0.917927 0.287227 0.873781 0.352163
0 0.310225 0.779533 0.385116 0.677588 0.307899 0.64568 0.233008 0.747624
0 0.136057 1.03954 0.170473 0.979137 0.0511495 0.940896 0.0167331 1.0013
0 0.243406 0.720521 0.274572 0.640141 0.0881523 0.599483 0.0569863 0.679862
0 0.039765 0.12251 0.0450752 0.00254151 -0.00029789 0.0014118 -0.00560811 0.12138
0 0.890635 0.680045 0.93174 0.619385 0.859852 0.591984 0.818748 0.652645
0 0.723524 1.01106 0.72684 0.962365 0.644653 0.959218 0.641338 1.00792
0 0.737643 0.711879 0.766197 0.57381 0.649466 0.56023 0.620912 0.698299
0 0.561246 1.00956 0.565179 0.966267 0.481934 0.962014 0.478001 1.00531
0 1.00837 0.572404 1.01781 0.484766 0.947065 0.48048 0.937626 0.568118
0 0.506107 0.890999 0.604249 0.815921 0.554705 0.779491 0.456562 0.854569
0 0.238436 0.0241945 0.240356 -0.00139105 0.121144 -0.00642413 0.119223 0.0191614
0 1.00446 0.0581417 1.0096 0.00856234 0.958982 0.00560629 0.953834 0.0551857
0 0.9094 0.480192 0.93615 0.44286 0.813447 0.393404 0.786697 0.430736
0 0.331924 0.416055 0.340858 0.314277 0.294115 0.311969 0.285181 0.413747
0 0.569551 0.224263 0.673081 0.222605 0.670723 0.139823 0.567193 0.141481
0 0.713577 0.263622 0.716482 0.137158 0.57435 0.135322 0.571445 0.261785
0 0.0396314 0.940036 0.0399731 0.88412 -0.0076689 0.883956 -0.00801056 0.939872
0 1.00468 0.328094 1.03848 0.244962 0.963146 0.227737 0.929353 0.310869
0 0.0256065 0.409939 0.0521559 0.323448 -0.00689704 0.313252 -0.0334465 0.399742
0 0.657009 0.138684 0.661477 0.0970538 0.531721 0.089222 0.527254 0.130853
0 0.627822 1.00482 0.629801 0.970996 0.566355 0.968908 0.564376 1.00273
