0 0.810353 0.869433 0.838336 0.793886 0.678872 0.734821 0.65089 0.810368
0 0.352947 0.143774 0.414272 0.087566 0.336128 0.00230782 0.274803 0.0585155
0 0.747819 0.635999 0.802844 0.58233 0.696769 0.473577 0.641745 0.527247
0 0.736473 0.985614 0.75668 0.897215 0.658256 0.874716 0.638049 0.963116
0 0.203115 0.967235 0.24317 0.892636 0.0939037 0.812489 0.0538489 0.887088
0 0.419604 0.199801 0.475071 0.139406 0.407776 0.0776011 0.352309 0.137996
0 0.632001 0.956499 0.683752 0.884415 0.505993 0.756797 0.454242 0.828881
0 1.00227 0.377936 1.00526 0.268535 0.911213 0.26596 0.908218 0.375361
0 0.554443 0.332899 0.611411 0.277597 0.521721 0.185205 0.464753 0.240507
0 0.900337 0.363952 0.92356 0.251424 0.827624 0.231624 0.8044 0.344153
0 0.468602 0.25542 0.534718 0.195594 0.477389 0.132238 0.411273 0.192064
0 0.640833 0.560947 0.71455 0.485516 0.592152 0.365898 0.518435 0.441329
0 0.497257 0.644515 0.61149 0.503552 0.526821 0.434938 0.412588 0.575901
0 0.789346 0.782536 0.846495 0.67579 0.778447 0.639359 0.721298 0.746105
0 0.178328 0.675833 0.183593 0.59989 0.114397 0.595092 0.109131 0.671035
0 0.141864 0.447016 0.153767 0.396869 0.0466968 0.371456 0.0347942 0.421602
0 0.265217 0.462728 0.268248 0.403137 0.20847 0.400096 0.205439 0.459688
0 0.276539 0.0694867 0.345924 0.0107842 0.307566 -0.0345537 0.238181 0.0241488
0 0.445139 0.832791 0.482365 0.749214 0.391938 0.708936 0.354712 0.792513
0 0.368266 0.797062 0.403501 0.714233 0.310137 0.674516 0.274902 0.757346
0 0.928947 0.066584 0.929022 -0.00375757 0.820041 -0.00387367 0.819966 0.0664679
0 0.885023 0.747474 0.923742 0.662854 0.865249 0.63609 0.82653 0.72071
0 0.994087 0.93001 1.05269 0.876966 0.976157 0.792405 0.917551 0.845449
0 0.928097 0.85948 0.992854 0.792672 0.93813 0.739629 0.873373 0.806437
0 0.159393 0.622187 0.17165 0.552691 0.0917977 0.538606 0.07954 0.608102
0 0.838489 0.707147 0.88201 0.627669 0.784498 0.574273 0.740977 0.653751
0 0.241557 0.268745 0.262133 0.177102 0.0728464 0.134603 0.0522703 0.226246
0 0.903993 1.0529 0.984836 0.99097 0.939915 0.93233 0.859071 0.99426
0 0.210918 0.474819 0.216616 0.420063 0.147026 0.412822 0.141328 0.467578
0 0.0308667 0.324487 0.0370896 0.276622 -0.00334951 0.271364 -0.00957249 0.319229
0 0.020321 0.428474 0.0347795 0.366696 -0.00367911 0.357695 -0.0181376 0.419473
0 0.233959 0.535386 0.241377 0.473571 0.178212 0.465992 0.170795 0.527807
0 0.230985 0.26715 0.242265 0.206401 0.0860544 0.177395 0.0747742 0.238144
0 0.205056 0.596683 0.215393 0.525932 0.153878 0.516944 0.14354 0.587695
0 0.871833 1.00323 0.985494 0.999559 0.98318 0.928002 0.86952 0.931676
0 0.104608 0.477395 0.113604 0.43107 0.0554018 0.419767 0.0464054 0.466092
0 0.259554 0.0329119 0.263808 -0.00480366 0.213712 -0.0104535 0.209459 0.0272621
0 0.0348979 0.973231 0.0360147 0.909654 -0.00390658 0.908953 -0.00502339 0.972529
0 0.0231127 0.810487 0.0239163 0.76193 -0.00107725 0.761517 -0.00188079 0.810073
