0 0.729702 0.948446 0.808036 0.901513 0.724187 0.761563 0.645853 0.808496
0 0.150647 0.904068 0.359672 0.755446 0.279833 0.643159 0.0708084 0.791781
0 0.26133 0.479793 0.372769 0.419967 0.251475 0.194028 0.140036 0.253854
0 0.393851 0.301326 0.394682 0.190756 0.279372 0.18989 0.278541 0.300459
0 0.0667795 0.729298 0.247644 0.579488 0.149115 0.460535 -0.0317494 0.610344
0 0.329814 0.522794 0.440986 0.416661 0.380081 0.352865 0.268909 0.458998
0 0.279562 1.08666 0.486464 0.940293 0.412869 0.836258 0.205967 0.98262
0 0.218158 1.00011 0.417264 0.837131 0.341647 0.744753 0.142541 0.907731
0 0.520681 0.314167 0.523433 0.163094 0.39062 0.160675 0.387868 0.311747
0 0.111467 0.774913 0.29486 0.652639 0.244518 0.577133 0.0611253 0.699408
0 0.00941159 0.589977 0.17585 0.45314 0.0771834 0.33313 -0.0892547 0.469967
0 0.832347 0.788418 0.943016 0.713382 0.794189 0.49388 0.68352 0.568916
0 0.494505 0.629133 0.597067 0.552622 0.491546 0.411173 0.388984 0.487684
0 0.630147 0.611804 0.764639 0.495097 0.669569 0.385541 0.535078 0.502248
0 0.78576 0.0516071 0.883761 0.0511641 0.883515 -0.00317344 0.785514 -0.0027304
0 0.835297 1.05661 0.906309 0.959923 0.784465 0.870437 0.713454 0.967124
0 1.00461 1.01021 1.00871 0.879064 0.890827 0.875379 0.886727 1.00652
0 0.785016 0.324163 0.796464 0.160832 0.67566 0.152365 0.664212 0.315695
0 0.384452 1.0026 0.513094 1.00064 0.512032 0.930789 0.383389 0.932746
0 0.0722924 0.390407 0.0745507 0.270692 -0.0351301 0.268623 -0.0373884 0.388338
0 0.819111 0.327703 0.904441 0.327548 0.904236 0.2148 0.818906 0.214955
0 0.976944 0.281686 1.0024 0.280928 1.00045 0.215597 0.974999 0.216355
0 0.874692 0.0311128 0.997029 0.0244326 0.995306 -0.00711715 0.872969 -0.00043697
0 -0.000848077 0.408993 0.0991487 0.408584 0.0983949 0.224408 -0.00160185 0.224817
0 0.88353 0.483276 1.01372 0.396162 0.94692 0.296338 0.816733 0.383452
0 0.0628082 1.00277 0.063578 0.905708 -0.012391 0.905105 -0.0131608 1.00217
0 0.660636 0.832419 0.768469 0.6457 0.553209 0.521385 0.445377 0.708104
0 0.67825 0.818163 0.719818 0.731713 0.633582 0.690247 0.592014 0.776698
0 0.0887591 1.00449 0.0887624 0.846626 0.00219576 0.846624 0.00219248 1.00448
0 0.942711 0.789567 1.00511 0.78748 1.00147 0.678631 0.939071 0.680717
0 0.0582724 1.00149 0.0587391 0.940408 0.000556862 0.939964 9.01356e-05 1.00105
0 0.783985 0.322393 0.878781 0.321586 0.877853 0.212564 0.783057 0.213371
0 0.868205 0.0583183 0.993202 0.0536163 0.992041 0.0227497 0.867044 0.0274517
0 0.984429 0.561185 1.03192 0.533063 0.984218 0.4525 0.936725 0.480621
0 0.946684 0.568908 1.00311 0.567912 1.00094 0.445565 0.944523 0.446562
