0 0.641226 0.675494 0.755491 0.589356 0.592009 0.372492 0.477744 0.458631
0 0.286552 0.183854 0.440711 0.0631143 0.381234 -0.0128249 0.227075 0.107915
0 0.0281541 0.6862 0.170324 0.597551 0.114087 0.507361 -0.0280829 0.59601
0 0.48762 0.453243 0.58081 0.345066 0.480412 0.258576 0.387221 0.366753
0 0.859789 1.0172 1.01017 0.922752 0.872082 0.702889 0.721705 0.797332
0 0.246153 0.652461 0.337516 0.597224 0.244755 0.443794 0.153391 0.499032
0 0.219802 0.975971 0.349893 0.877724 0.302178 0.814543 0.172087 0.91279
0 0.884073 0.155119 1.04606 0.043553 0.972296 -0.0635472 0.810309 0.0480188
0 1.01937 0.789816 1.03818 0.68999 0.944353 0.672311 0.925544 0.772138
0 0.207262 0.451718 0.373108 0.352154 0.301349 0.232623 0.135503 0.332187
0 0.166121 0.313354 0.265458 0.259247 0.242607 0.217293 0.14327 0.2714
0 0.489364 0.486673 0.586824 0.429393 0.559245 0.382468 0.461785 0.439749
0 -0.00256443 0.169711 0.0351586 0.16941 0.0344631 0.0822879 -0.00325999 0.082589
0 0.879878 0.145493 0.953631 0.0991249 0.88895 -0.00375613 0.815197 0.0426124
0 0.947273 0.270876 1.00611 0.267896 1.00133 0.173423 0.942488 0.176403
0 0.462277 1.00682 0.630026 1.00268 0.627576 0.903207 0.459827 0.907339
0 0.597419 1.04662 0.617745 0.939233 0.488273 0.914727 0.467947 1.02212
0 0.714338 0.343892 0.787342 0.248639 0.650382 0.143669 0.577378 0.238922
0 0.162236 0.759881 0.230836 0.70046 0.169795 0.629992 0.101196 0.689413
0 0.0696285 0.353888 0.128259 0.197303 -0.0211534 0.141358 -0.0797843 0.297943
0 0.735235 0.573103 0.793064 0.532214 0.67103 0.359624 0.613201 0.400513
0 0.177664 0.0581304 0.286992 0.0557233 0.285621 -0.00654442 0.176293 -0.00413727
0 0.310561 0.0875068 0.311608 0.00600891 0.172871 0.00422775 0.171825 0.0857256
0 0.198971 0.999415 0.356345 0.856165 0.159835 0.640281 0.00246163 0.783531
0 0.119335 1.05602 0.200495 0.980208 0.102688 0.875499 0.0215279 0.95131
0 -0.00676668 0.333479 0.112301 0.332085 0.109936 0.130134 -0.00913185 0.131529
0 0.377709 0.116539 0.538565 0.110699 0.534455 -0.00250892 0.373599 0.00333055
0 0.405635 0.853892 0.479998 0.769302 0.384146 0.685039 0.309783 0.76963
0 0.85156 0.52815 0.923998 0.476694 0.836257 0.353174 0.763819 0.40463
0 0.0599114 0.755077 0.0603192 0.649701 -0.0240498 0.649374 -0.0244577 0.754751
0 0.356916 0.353919 0.403566 0.326294 0.350039 0.235905 0.303389 0.263531
0 0.0845969 0.773951 0.0848781 0.625276 -0.000671448 0.625114 -0.000952659 0.773789
0 0.187156 0.921694 0.256459 0.87169 0.114309 0.674677 0.0450061 0.724681
