0 0.481559 0.372224 0.486248 0.251228 0.399424 0.247863 0.394735 0.36886
0 0.22607 0.267649 0.226353 0.185073 0.122683 0.184718 0.1224 0.267294
0 0.946013 0.102396 0.947131 0.0286334 0.835681 0.0269449 0.834564 0.100708
0 0.335091 0.902525 0.337688 0.775334 0.252749 0.7736 0.250152 0.900791
0 0.214948 0.657785 0.217759 0.55298 0.107877 0.550032 0.105065 0.654837
0 0.465746 0.500819 0.47636 0.37225 0.390991 0.365203 0.380377 0.493772
0 0.208822 0.731023 0.211225 0.65467 0.0840626 0.650667 0.0816593 0.72702
0 0.362279 0.245209 0.362898 0.125738 0.27385 0.125276 0.273231 0.244748
0 0.904227 0.422926 0.906887 0.352116 0.788269 0.34766 0.785609 0.418471
0 0.487871 0.246944 0.490137 0.138686 0.407283 0.136952 0.405017 0.24521
0 0.636904 0.64608 0.640277 0.577709 0.465781 0.569101 0.462409 0.637472
0 0.115406 0.63169 0.116594 0.550418 0.0266723 0.549104 0.0254848 0.630376
0 0.468558 0.680337 0.472138 0.566369 0.405661 0.564281 0.40208 0.678248
0 0.339396 0.778989 0.340704 0.698355 0.260644 0.697056 0.259336 0.777691
0 0.368164 0.125682 0.368303 0.0113595 0.278279 0.0112499 0.27814 0.125572
0 0.922554 0.356174 0.924751 0.294884 0.796506 0.290288 0.79431 0.351577
0 0.0879426 0.827693 0.208484 0.82766 0.208457 0.727139 0.0879155 0.727172
0 1.00093 0.797224 1.00196 0.706377 0.942205 0.705704 0.941183 0.796552
0 0.746646 0.502821 0.748262 0.403144 0.625946 0.401161 0.62433 0.500837
0 0.928764 0.298425 0.931799 0.230907 0.799945 0.224978 0.796909 0.292496
0 0.232759 0.142662 0.23356 0.0780672 0.125359 0.0767254 0.124558 0.14132
0 0.490266 0.142095 0.495684 0.0167731 0.414595 0.0132677 0.409177 0.138589
0 0.359409 0.338531 0.359861 0.244612 0.272838 0.244193 0.272386 0.338112
0 0.93472 0.227293 0.937394 0.162339 0.821195 0.157554 0.81852 0.222508
0 0.223935 0.387038 0.224017 0.310296 0.128494 0.310193 0.128412 0.386935
0 0.620725 0.385504 0.620945 0.313094 0.536137 0.312837 0.535917 0.385247
0 0.942393 0.16726 0.944408 0.0984258 0.83451 0.0952088 0.832495 0.164043
0 0.623339 0.319911 0.625411 0.259439 0.535525 0.256359 0.533453 0.316831
0 0.950502 0.658948 1.00267 0.658623 1.0022 0.5842 0.95004 0.584524
0 0.128446 0.192664 0.226978 0.192442 0.22685 0.135842 0.128318 0.136063
0 0.381477 0.50301 0.382793 0.360775 0.264279 0.359678 0.262962 0.501913
0 0.88089 0.672251 0.882237 0.58386 0.74051 0.5817 0.739163 0.670092
0 0.340593 0.703797 0.341978 0.614765 0.265211 0.613571 0.263826 0.702603
0 0.895414 0.502716 0.897125 0.417865 0.755405 0.415007 0.753694 0.499858
0 0.751429 0.362961 0.755671 0.230128 0.664281 0.22721 0.660039 0.360042
0 0.610673 0.435138 0.61417 0.382311 0.533674 0.376982 0.530176 0.429808
0 0.113759 0.477128 0.115918 0.398456 0.0315209 0.396141 0.0293626 0.474812
0 1.00016 0.710363 1.00041 0.654817 0.948229 0.654585 0.947981 0.710131
0 0.617335 0.503244 0.619159 0.42259 0.524504 0.42045 0.522681 0.501104
0 0.423044 0.907635 0.4267 0.827572 0.325607 0.822955 0.321951 0.903018
0 0.225911 0.318295 0.226105 0.260514 0.124225 0.260172 0.124031 0.317953
0 0.104448 0.389268 0.104956 0.324139 -0.00124805 0.323311 -0.00175599 0.38844
0 0.403981 0.671984 0.407284 0.564734 0.341972 0.562722 0.338668 0.669972
0 0.55675 0.932488 0.556975 0.855277 0.419421 0.854875 0.419196 0.932086
0 0.409055 1.01838 0.415104 0.90677 0.246072 0.89761 0.240024 1.00922
0 0.21855 0.481786 0.220618 0.380996 0.112757 0.378783 0.110689 0.479573
0 0.999122 0.905613 1.00101 0.799019 0.935716 0.797865 0.933832 0.904459
0 0.626572 0.267594 0.630013 0.209969 0.544509 0.204863 0.541068 0.262488
0 0.519012 0.819929 0.680283 0.791937 0.658626 0.667164 0.497355 0.695156
0 0.665559 0.0748646 0.665706 -0.00195537 0.546957 -0.00218238 0.54681 0.0746375
0 1.00054 0.444844 1.00489 0.367712 0.974818 0.366018 0.970473 0.44315
0 1.00215 0.521909 1.00635 0.439204 0.966558 0.437184 0.962359 0.519889
0 0.895755 0.854789 0.89934 0.794681 0.804968 0.789053 0.801383 0.849161
0 0.0292046 0.638441 0.0324908 0.547841 -0.00205202 0.546588 -0.00533823 0.637188
0 0.236515 0.0775379 0.236699 0.0133658 0.128774 0.013057 0.12859 0.0772291
0 0.540505 0.216533 0.649419 0.216523 0.649414 0.155447 0.540499 0.155457
0 1.00098 0.367839 1.00198 0.317078 0.97462 0.316538 0.973618 0.367299
0 0.213947 1.00934 0.21614 0.836511 0.030449 0.834155 0.0282559 1.00698
0 0.0387658 0.474739 0.0406284 0.406044 -0.000493849 0.404929 -0.00235653 0.473624
0 0.87845 1.07313 0.971253 1.00021 0.866207 0.866516 0.773404 0.939434
0 0.781828 0.750148 0.783386 0.669774 0.663155 0.667443 0.661597 0.747817
0 0.838243 0.0306404 0.953925 0.0306061 0.953916 -0.000980188 0.838233 -0.000945855
0 0.65985 0.167562 0.66022 0.10948 0.548734 0.10877 0.548364 0.166852
0 0.678663 0.889364 0.832939 0.853948 0.817274 0.785708 0.662998 0.821123
0 1.00031 0.315737 1.00151 0.259973 0.983085 0.259574 0.981878 0.315338
0 0.0404514 0.0364099 0.125065 0.0363919 0.125057 -0.00191328 0.0404433 -0.00189538
0 1.00073 0.266276 1.0015 0.201107 0.985632 0.20092 0.984864 0.266089
0 0.470604 0.795507 0.47226 0.721121 0.399695 0.719506 0.39804 0.793893
0 0.664602 0.125881 0.665209 0.0805502 0.549297 0.0789992 0.548691 0.12433
0 0.349021 0.367045 0.349757 0.321004 0.274999 0.319809 0.274263 0.36585
0 0.891409 0.496388 0.894851 0.419996 0.809361 0.416144 0.805919 0.492536
0 0.997722 0.845103 0.999586 0.792504 0.939377 0.790369 0.937512 0.842969
0 0.485346 0.0208654 0.485916 -9.33744e-05 0.424792 -0.0017546 0.424223 0.0192041
0 0.347286 0.616564 0.349016 0.560012 0.270531 0.55761 0.2688 0.614162
0 0.236416 0.0286093 0.237008 0.000926395 0.137716 -0.00119693 0.137124 0.026486
0 0.683399 0.659873 0.707078 0.594032 0.643356 0.571115 0.619677 0.636956
0 0.0646695 0.327337 0.066071 0.278435 -0.000643308 0.276523 -0.00204478 0.325425
0 0.635672 0.674444 0.73722 0.673917 0.737036 0.638453 0.635488 0.63898
0 0.774702 0.821694 0.77608 0.742038 0.658221 0.739999 0.656842 0.819655
0 0.880199 0.6377 0.882781 0.583296 0.744432 0.576729 0.741849 0.631133
0 0.371946 0.0160334 0.372163 -0.000594744 0.294183 -0.00161347 0.293966 0.0150147
0 -0.00297328 0.0278922 0.0376069 0.0277798 0.0375273 -0.000959776 -0.00305289 -0.000847372
0 0.590717 1.00313 0.714837 1.0007 0.71448 0.98247 0.59036 0.984902
0 0.147699 0.996354 0.148388 0.90236 0.0253619 0.901459 0.0246729 0.995452
0 -0.000782154 0.998207 0.0168655 0.998051 0.0161743 0.91982 -0.00147334 0.919976
0 0.0268478 0.736405 0.0283895 0.651177 -0.00226137 0.650623 -0.00380307 0.73585
0 0.999886 0.215566 1.00008 0.158293 0.986121 0.158246 0.985931 0.215519
