0 0.220559 0.702657 0.224844 0.609064 0.141163 0.602253 0.136878 0.695846
0 0.74654 0.404163 0.750922 0.281372 0.679345 0.276831 0.674963 0.399623
0 0.623596 0.185201 0.627923 0.0679499 0.549852 0.062828 0.545525 0.180079
0 0.47778 0.965899 0.479405 0.848062 0.379836 0.845622 0.378212 0.963459
0 0.795715 0.575125 0.809433 0.455411 0.735023 0.440253 0.721305 0.559966
0 0.830813 0.215346 0.834735 0.097881 0.728457 0.0915729 0.724535 0.209038
0 0.562447 0.384894 0.571537 0.253663 0.507275 0.245749 0.498184 0.37698
0 0.233554 0.618235 0.237566 0.527854 0.142188 0.520327 0.138176 0.610708
0 0.35788 0.753698 0.360578 0.639619 0.280296 0.636245 0.277599 0.750324
0 0.546863 0.1813 0.555037 0.0525806 0.487533 0.0449593 0.479358 0.173679
0 0.98971 0.211459 0.993166 0.140845 0.886717 0.131584 0.883261 0.202197
0 0.205175 0.985969 0.210819 0.913826 0.0976219 0.898082 0.0919777 0.970225
0 0.725299 0.740814 0.733735 0.635012 0.67494 0.626678 0.666504 0.73248
0 0.987982 0.28868 0.989862 0.203664 0.878001 0.199268 0.876122 0.284284
0 0.364751 0.901038 0.3682 0.823187 0.2645 0.815021 0.261052 0.892873
0 0.788101 0.788139 0.795311 0.638321 0.722172 0.632063 0.714962 0.781882
0 0.356388 0.980497 0.361455 0.895333 0.266366 0.885275 0.261299 0.970439
0 0.980134 0.589358 0.985142 0.473426 0.859009 0.46374 0.854001 0.579672
0 0.218311 0.843107 0.222182 0.771744 0.132798 0.763123 0.128927 0.834486
0 0.211754 0.917832 0.217387 0.839526 0.122947 0.827449 0.117315 0.905755
0 0.362883 0.830841 0.366921 0.751472 0.270505 0.742752 0.266467 0.822121
0 0.307466 0.15726 0.324494 0.0288585 0.272134 0.0165142 0.255106 0.144916
0 0.236281 0.532298 0.239699 0.44777 0.149371 0.441277 0.145953 0.525805
0 0.983524 0.14291 0.985635 0.058592 0.883763 0.054059 0.881653 0.138377
0 0.970051 0.417465 0.973337 0.339977 0.873363 0.332441 0.870077 0.409928
0 0.622041 0.537972 0.627081 0.41674 0.564 0.412077 0.55896 0.533309
0 0.727119 0.556919 0.738529 0.427802 0.679761 0.41857 0.668352 0.547687
0 0.220159 0.77514 0.221974 0.693999 0.134939 0.690538 0.133124 0.771679
0 0.672415 0.550017 0.682502 0.420336 0.626545 0.412599 0.616458 0.54228
0 0.536715 0.541216 0.554968 0.430524 0.505663 0.41607 0.487411 0.526762
0 0.979839 0.345761 0.982477 0.282925 0.876277 0.274998 0.873639 0.337833
0 0.833759 0.107818 0.837356 0.00616827 0.734987 -0.000271857 0.73139 0.101378
0 0.672918 0.192323 0.680945 0.0822085 0.625381 0.0750081 0.617354 0.185123
0 0.72336 0.19771 0.730222 0.0851879 0.677761 0.0795002 0.670899 0.192022
0 0.970744 0.475534 0.972359 0.409066 0.866992 0.404515 0.865377 0.470983
0 0.990815 0.776903 0.993256 0.655925 0.849932 0.650783 0.847491 0.771761
0 0.241012 0.456149 0.242004 0.373803 0.148524 0.3718 0.147531 0.454146
0 0.505046 0.347927 0.510219 0.247778 0.443989 0.241697 0.438817 0.341846
0 0.985932 0.0683914 0.987597 -0.00298222 0.895923 -0.00678475 0.894258 0.0645888
0 0.487228 0.172942 0.493645 0.031824 0.354158 0.020547 0.347741 0.161665
0 0.626433 0.388101 0.630717 0.258247 0.56465 0.254372 0.560366 0.384226
0 0.786376 0.93042 0.78932 0.782025 0.702112 0.778949 0.699167 0.927344
0 0.938381 0.900323 0.941678 0.823482 0.840538 0.815767 0.837241 0.892609
0 0.360613 0.156427 0.365911 0.0351762 0.318283 0.0314765 0.312985 0.152728
0 0.933927 0.970309 0.936751 0.894399 0.834949 0.887667 0.832125 0.963577
0 0.48578 0.523558 0.527458 0.410243 0.469712 0.372483 0.428033 0.485798
0 0.680373 0.393164 0.685193 0.270084 0.626312 0.265985 0.621493 0.389065
0 0.948659 0.830671 0.952395 0.754522 0.847739 0.745395 0.844003 0.821543
0 0.816046 0.391772 0.817419 0.284749 0.744566 0.283086 0.743193 0.39011
0 0.384653 0.649706 0.387423 0.465264 0.284674 0.462521 0.281904 0.646963
0 0.915294 1.00496 0.916213 0.961609 0.826187 0.958213 0.825267 1.00156
0 0.676958 0.764945 0.683512 0.623193 0.565363 0.613481 0.558809 0.755234
0 0.38695 0.709107 0.450815 0.629614 0.41068 0.57229 0.346815 0.651784
0 0.571019 1.00133 0.589563 0.840173 0.538402 0.829707 0.519858 0.990865
0 0.482987 0.809468 0.489775 0.649739 0.38544 0.641857 0.378652 0.801586
0 0.736023 0.0591223 0.738232 -0.00172743 0.648322 -0.00752899 0.646114 0.0533207
0 0.478304 1.00448 0.478521 0.957145 0.376302 0.956314 0.376086 1.00365
0 0.813967 0.459022 0.815141 0.378562 0.752292 0.376932 0.751118 0.457392
0 0.436365 0.470132 0.485568 0.380085 0.437866 0.333747 0.388663 0.423794
0 0.0308031 0.706557 0.0723689 0.655964 0.0106442 0.565811 -0.0309216 0.616405
0 0.39534 0.856797 0.482895 0.856568 0.482781 0.779232 0.395226 0.779461
0 1.00081 0.588301 1.00416 0.45319 0.968368 0.451613 0.96502 0.586724
0 0.409048 0.426458 0.46884 0.321003 0.340873 0.192015 0.281081 0.29747
0 0.619166 1.02764 0.66059 0.873454 0.541685 0.816661 0.500261 0.970844
0 0.358324 1.00254 0.358762 0.965834 0.256746 0.963665 0.256307 1.00037
0 0.610091 1.00807 0.664319 0.941643 0.570521 0.805514 0.516293 0.87194
0 0.185299 0.426845 0.253256 0.319777 0.164454 0.219576 0.0964971 0.326645
0 1.00108 0.811298 1.00297 0.677524 0.980195 0.676949 0.978298 0.810723
0 0.250772 0.147793 0.279544 0.0327659 0.204512 -0.000599653 0.17574 0.114427
0 0.202837 1.00928 0.204046 0.970798 0.10182 0.965091 0.100612 1.00358
0 0.0505081 0.767908 0.0632596 0.678127 -0.00745117 0.660273 -0.0202027 0.750054
0 0.665757 1.04361 0.689734 0.952771 0.625268 0.92252 0.601292 1.01336
0 0.240443 0.15148 0.29431 0.0550741 0.168723 -0.0696752 0.114856 0.0267309
0 0.721321 0.850126 0.724759 0.769851 0.658927 0.764839 0.655489 0.845114
0 0.116585 0.855914 0.117987 0.765123 0.0509882 0.763284 0.0495869 0.854076
0 0.132081 0.623883 0.132794 0.545429 0.081173 0.544595 0.0804603 0.623049
0 0.148855 0.55042 0.149486 0.474739 0.0862928 0.473802 0.0856612 0.549482
0 0.684103 0.687851 0.686894 0.626882 0.568659 0.617258 0.565867 0.678227
0 0.0422446 0.818405 0.0453045 0.755518 -0.00258294 0.751376 -0.00564291 0.814262
0 -0.00461378 0.907707 0.0418278 0.907199 0.0410341 0.778174 -0.00540754 0.778682
0 0.029474 0.225985 0.113384 0.0732419 0.0101898 -0.0275414 -0.0737207 0.125202
0 1.00062 0.867839 1.00119 0.801395 0.967223 0.800883 0.966659 0.867326
0 0.112869 0.337133 0.198018 0.21989 0.0949707 0.0868426 0.00982179 0.204085
0 0.402582 0.030481 0.402859 -0.00282763 0.333362 -0.00385833 0.333084 0.0294503
0 0.449011 0.307737 0.452808 0.251016 0.368191 0.240946 0.364394 0.297666
0 0.637778 0.0371196 0.638212 0.00175603 0.552291 -0.000117158 0.551858 0.0352465
0 0.047875 0.560009 0.0513805 0.456946 -0.00555485 0.453503 -0.00906036 0.556566
