0 0.294079 0.776992 0.299792 0.706799 0.188215 0.701691 0.182502 0.771884
0 0.995843 0.555162 1.002 0.458939 0.906661 0.455506 0.900501 0.551728
0 0.831311 0.388857 0.836713 0.302645 0.732708 0.29898 0.727306 0.385192
0 0.845914 0.260216 0.85214 0.172964 0.738561 0.168405 0.732335 0.255657
0 0.637116 0.974422 0.639296 0.885997 0.506419 0.884154 0.504239 0.97258
0 0.749581 0.538615 0.761811 0.440338 0.676474 0.434365 0.664244 0.532641
0 0.348284 0.0908135 0.356145 0.0119323 0.267853 0.00698287 0.259991 0.0858641
0 0.311387 0.713683 0.316756 0.645892 0.189583 0.640226 0.184214 0.708017
0 0.477266 0.815273 0.480851 0.72973 0.373726 0.727205 0.370142 0.812748
0 0.273566 0.989476 0.281092 0.93537 0.130163 0.923562 0.122638 0.977668
0 0.486319 0.925781 0.490917 0.86739 0.352673 0.861268 0.348076 0.919658
0 0.729711 0.385754 0.740079 0.290758 0.649709 0.28521 0.639342 0.380207
0 0.47518 0.985371 0.48194 0.921504 0.355167 0.913957 0.348407 0.977824
0 0.970803 0.805657 0.979789 0.72452 0.898132 0.719433 0.889145 0.80057
0 0.410764 0.36772 0.432013 0.274375 0.361064 0.26529 0.339815 0.358635
0 0.291084 0.882333 0.296247 0.828808 0.177065 0.822341 0.171902 0.875866
0 0.282339 0.938373 0.289848 0.879644 0.163929 0.870587 0.15642 0.929317
0 0.560261 0.106066 0.568704 0.0185509 0.461832 0.0127517 0.453389 0.100267
0 0.634468 0.247051 0.639435 0.169006 0.555159 0.165989 0.550193 0.244034
0 0.48383 0.873123 0.489204 0.813592 0.360677 0.807067 0.355304 0.866597
0 0.983894 0.291473 0.991084 0.181919 0.840958 0.176376 0.833768 0.28593
0 0.314979 0.649192 0.319642 0.585985 0.199237 0.580989 0.194574 0.644196
0 0.82923 0.653506 0.836374 0.562126 0.752332 0.55843 0.745189 0.649811
0 0.269288 0.0835913 0.274776 0.00753386 0.164292 0.00304987 0.158805 0.0791073
0 0.293543 0.831354 0.295962 0.770498 0.179919 0.767903 0.1775 0.82876
0 0.460469 0.0952697 0.465617 0.0118169 0.350801 0.00783242 0.345652 0.0912852
0 0.969261 0.131606 0.977422 0.0482557 0.898501 0.0439091 0.89034 0.12726
0 0.715364 0.656035 0.73999 0.572803 0.67444 0.561894 0.649814 0.645126
0 0.740834 0.259077 0.745951 0.170186 0.632283 0.166506 0.627166 0.255396
0 0.896105 0.662725 0.91008 0.565613 0.835646 0.559588 0.821671 0.656699
0 0.558896 0.258009 0.56384 0.163257 0.449018 0.159887 0.444074 0.254639
0 0.897751 0.394123 0.907829 0.312161 0.832911 0.306979 0.822833 0.388942
0 0.964377 0.398982 0.972469 0.312871 0.902579 0.309176 0.894486 0.395288
0 0.321358 0.592111 0.322724 0.53042 0.198055 0.528868 0.196689 0.590558
0 0.650888 0.378527 0.658094 0.277945 0.471231 0.270414 0.464025 0.370996
0 0.972312 0.66815 0.985836 0.569404 0.905796 0.563238 0.892271 0.661983
0 0.894948 0.118659 0.902418 0.0332445 0.82473 0.0294226 0.817259 0.114837
0 0.835343 0.539824 0.841471 0.443044 0.75413 0.439933 0.748002 0.536713
0 0.673328 0.510796 0.680123 0.435937 0.591825 0.431429 0.58503 0.506288
0 0.348772 0.232625 0.355955 0.144914 0.269784 0.140945 0.262602 0.228656
0 0.167025 0.0742696 0.169099 -0.00218757 0.0478581 -0.00403722 0.0457845 0.07242
0 0.480781 0.367126 0.487377 0.278551 0.423719 0.275884 0.417124 0.364459
0 0.623241 0.107121 0.634397 0.0189451 0.564111 0.0139431 0.552955 0.102119
0 0.819931 0.117534 0.828616 0.0133498 0.744983 0.00942817 0.736299 0.113612
0 0.906641 0.545182 0.913533 0.451378 0.83527 0.448144 0.828378 0.541948
0 0.647938 0.642532 0.703064 0.557488 0.626057 0.529409 0.57093 0.614453
0 0.452102 0.24686 0.46033 0.152433 0.351256 0.147087 0.343029 0.241514
0 0.513756 0.73733 0.517475 0.598995 0.379546 0.596909 0.375827 0.735244
0 0.902313 0.82362 0.911989 0.717963 0.754383 0.709844 0.744707 0.815501
0 0.515867 0.781887 0.601238 0.722229 0.547734 0.679161 0.462363 0.73882
0 0.761173 1.00106 0.785689 0.880192 0.717696 0.872434 0.69318 0.993305
0 0.643886 0.857977 0.653439 0.737052 0.513995 0.730856 0.504443 0.851781
0 0.271173 0.239123 0.289051 0.15334 0.0721047 0.127907 0.0542265 0.21369
0 0.0586044 0.0692359 0.0607803 0.00219472 -0.00722433 0.00095322 -0.00940017 0.0679944
0 1.00065 0.141533 1.00406 0.0626469 0.967292 0.0617522 0.96388 0.140638
0 0.581783 0.602534 0.647412 0.534938 0.583706 0.500147 0.518078 0.567743
0 0.637849 1.00341 0.638159 0.967858 0.501768 0.96719 0.501458 1.00274
0 0.0410775 0.779911 0.0964894 0.74197 0.0141978 0.674365 -0.0412141 0.712306
0 1.00298 0.672212 1.00766 0.60209 0.968492 0.600619 0.963809 0.67074
0 0.527195 0.892501 0.643855 0.892322 0.643696 0.833892 0.527035 0.834071
0 0.816077 1.00527 0.886411 0.957486 0.761535 0.854093 0.691202 0.901875
0 0.335027 0.360617 0.371086 0.278649 0.275132 0.254904 0.239073 0.336872
0 0.477755 1.0019 0.478341 0.974385 0.342332 0.972756 0.341746 1.00027
0 0.822603 1.02 0.878131 0.90507 0.721918 0.862615 0.666389 0.977546
0 0.546446 0.569784 0.625698 0.490385 0.453934 0.393946 0.374682 0.473345
0 0.249501 0.569919 0.337903 0.48953 0.217001 0.414743 0.128599 0.495132
0 0.738372 0.10539 0.745316 0.0143979 0.628682 0.00939065 0.621737 0.100383
0 0.270458 1.00696 0.272069 0.978103 0.135762 0.973821 0.134151 1.00268
0 0.0673387 0.825933 0.0843428 0.758597 -0.0099345 0.745206 -0.0269386 0.812541
0 0.891845 1.03109 0.919634 0.963122 0.830516 0.942627 0.802727 1.0106
0 0.155448 0.891936 0.157316 0.823844 0.0679841 0.822465 0.0661154 0.890557
0 1.0002 0.402119 1.00685 0.330196 0.96544 0.328044 0.958794 0.399966
0 0.176118 0.717914 0.17707 0.65907 0.108226 0.658444 0.107274 0.717287
0 0.966606 0.88915 0.971422 0.826174 0.877335 0.822127 0.872518 0.885103
0 0.198409 0.662764 0.199242 0.606199 0.115103 0.605503 0.11427 0.662067
0 0.0106455 0.399801 0.120623 0.278807 0.0188998 0.226798 -0.0910776 0.347792
0 0.924618 0.946762 1.01369 0.945232 1.01059 0.843938 0.921525 0.845468
0 1.00168 0.277897 1.00435 0.191994 0.976934 0.191517 0.974273 0.27742
0 0.0563235 0.863803 0.0604035 0.81664 -0.00344645 0.813533 -0.00752643 0.860696
0 -0.00615239 0.930778 0.0557695 0.930398 0.0547113 0.833631 -0.00721051 0.834011
0 0.951619 0.0550286 1.00396 0.0540017 1.00217 0.00264745 0.949828 0.00367434
0 1.00222 0.761835 1.00248 0.725897 0.970146 0.725764 0.969883 0.761702
0 0.598442 0.480508 0.603465 0.438413 0.490753 0.430847 0.48573 0.472942
0 0.0637413 0.669954 0.0685133 0.592979 -0.00738022 0.590333 -0.0121522 0.667308
