0 0.662054 0.303113 0.667896 0.211035 0.572466 0.207629 0.566624 0.299707
0 0.498067 0.138891 0.503878 0.0510557 0.399878 0.047185 0.394067 0.13502
0 0.302901 0.72558 0.305775 0.636225 0.172151 0.633807 0.169277 0.723162
0 0.479061 0.877377 0.483856 0.801189 0.357374 0.796712 0.352579 0.8729
0 0.727695 0.431282 0.745879 0.341526 0.646625 0.330215 0.62844 0.419971
0 0.774418 0.16151 0.779648 0.0734078 0.637934 0.0686755 0.632703 0.156778
0 0.416277 0.288726 0.428726 0.190311 0.343267 0.18423 0.330818 0.282645
0 0.116245 0.905479 0.122 0.844943 0.00947392 0.838926 0.00371897 0.899461
0 0.395737 0.135893 0.406688 0.0394777 0.31685 0.0337382 0.3059 0.130153
0 0.98628 0.158594 0.990887 0.105632 0.848956 0.0986867 0.844349 0.151648
0 0.633793 0.555446 0.644932 0.476365 0.566484 0.470149 0.555345 0.549231
0 0.983971 0.216505 0.986478 0.152748 0.837334 0.14945 0.834828 0.213207
0 0.717789 0.590841 0.727229 0.478968 0.629395 0.474324 0.619956 0.586198
0 0.144073 0.565058 0.147246 0.480091 0.0418222 0.477877 0.0386495 0.562843
0 0.29488 0.832325 0.300113 0.771361 0.170393 0.765098 0.16516 0.826062
0 0.109273 0.956475 0.114806 0.898408 0.003623 0.892448 -0.00191072 0.950515
0 0.27247 0.986274 0.277775 0.928852 0.156054 0.922527 0.150749 0.979949
0 0.973442 0.441891 0.980035 0.354951 0.812041 0.347786 0.805448 0.434726
0 0.152849 0.675952 0.157072 0.617121 0.021928 0.611664 0.017705 0.670495
0 0.978028 0.107183 0.980842 0.0439449 0.845016 0.0405462 0.842203 0.103784
0 0.960068 0.313102 0.964451 0.254985 0.831151 0.249331 0.826769 0.307447
0 0.496066 0.403471 0.502785 0.31247 0.418572 0.308973 0.411853 0.399973
0 0.0786346 0.117353 0.0981469 0.0214392 0.025009 0.0130699 0.00549673 0.108984
0 0.636169 0.417676 0.651346 0.320854 0.572993 0.313946 0.557816 0.410768
0 0.563283 0.412492 0.576646 0.315248 0.502013 0.30948 0.488651 0.406724
0 0.382208 0.405817 0.40649 0.322767 0.34094 0.311986 0.316658 0.395036
0 0.122243 0.850661 0.128495 0.792788 0.0136257 0.785808 0.00737365 0.843681
0 0.973119 0.259321 0.976637 0.212195 0.835037 0.206249 0.831519 0.253375
0 0.881692 0.778271 0.882534 0.718553 0.76811 0.717645 0.767268 0.777363
0 0.778349 0.0808623 0.783144 0.0046254 0.646647 -0.000203729 0.641852 0.0760332
0 0.563918 0.144237 0.574559 0.0616524 0.500464 0.0562823 0.489823 0.138867
0 0.150368 0.622871 0.154848 0.56297 0.0300043 0.557719 0.0255245 0.61762
0 0.631151 0.148279 0.640277 0.0638851 0.570331 0.0596304 0.561204 0.144024
0 0.287311 0.88215 0.290971 0.82561 0.178597 0.821518 0.174938 0.878058
0 0.960998 0.356636 0.963146 0.306797 0.822651 0.303392 0.820504 0.353231
0 0.138758 0.734745 0.14735 0.672703 0.024083 0.663101 0.0154913 0.725143
0 0.132065 0.795665 0.136176 0.728194 0.0182763 0.724153 0.0141647 0.791624
0 0.301037 0.776834 0.305072 0.720459 0.173271 0.715152 0.169236 0.771528
0 0.987606 0.584458 0.990854 0.491781 0.799908 0.488017 0.79666 0.580694
0 0.316058 0.129635 0.324778 0.0242297 0.139024 0.0155858 0.130304 0.120991
0 0.339945 0.260863 0.346857 0.185973 0.258836 0.181404 0.251925 0.256294
0 0.680706 0.899873 0.684307 0.794081 0.547915 0.791469 0.544314 0.897261
0 0.98124 0.0512945 0.983461 -0.00224206 0.86123 -0.00509416 0.85901 0.0484424
0 0.674722 0.963721 0.678324 0.892247 0.538188 0.888275 0.534585 0.959748
0 0.501779 0.291096 0.507691 0.193701 0.419773 0.190699 0.413861 0.288094
0 0.715659 0.700122 0.719208 0.585447 0.602421 0.583414 0.598872 0.698089
0 0.485082 0.943705 0.494931 0.877517 0.355754 0.865867 0.345905 0.932054
0 0.877814 0.879977 0.996147 0.805445 0.941389 0.756543 0.823056 0.831075
0 0.911755 0.728583 0.91609 0.667921 0.779134 0.662416 0.7748 0.723079
0 0.0997274 1.00235 0.100805 0.947911 0.000469755 0.946794 -0.000607512 1.00123
0 0.14775 0.116878 0.154631 0.0264806 0.0907598 0.0237459 0.0838789 0.114143
0 0.313883 0.392544 0.369975 0.307821 0.293498 0.27934 0.237406 0.364064
0 0.57382 0.294891 0.580299 0.202584 0.501776 0.199484 0.495297 0.291791
0 0.918433 0.675148 0.922875 0.617862 0.786924 0.611933 0.782483 0.669219
0 0.932347 0.623056 0.937231 0.565682 0.796848 0.558961 0.791965 0.616334
0 0.754722 0.2938 0.756556 0.213559 0.659419 0.21231 0.657585 0.292551
0 0.182363 0.486472 0.184998 0.349538 0.0446057 0.348018 0.0419706 0.484952
0 0.182435 0.531681 0.267579 0.47244 0.214207 0.429291 0.129063 0.488532
0 0.569245 0.573079 0.577893 0.467369 0.420809 0.46014 0.41216 0.56585
0 0.668457 1.00553 0.669657 0.955336 0.525554 0.953399 0.524354 1.00359
0 0.280879 0.932559 0.283754 0.874174 0.152705 0.870543 0.14983 0.928928
0 0.432492 0.754209 0.456639 0.628389 0.382975 0.620437 0.358828 0.746257
0 0.312021 0.607444 0.319101 0.487326 0.178855 0.482677 0.171775 0.602794
0 0.648028 0.044361 0.650977 -0.00129972 0.531023 -0.00565859 0.528074 0.0400022
0 0.485092 0.993475 0.490799 0.935907 0.348395 0.927967 0.342688 0.985535
0 0.267369 1.01551 0.272264 0.981098 0.135095 0.970121 0.130199 1.00453
0 0.751961 0.344266 0.753524 0.283921 0.669724 0.2827 0.66816 0.343045
0 0.246353 0.352563 0.314334 0.286514 0.25284 0.250912 0.184859 0.31696
0 0.537666 0.839992 0.643544 0.775978 0.591902 0.727932 0.486023 0.791946
0 0.473956 0.756958 0.551178 0.702758 0.426223 0.602617 0.349001 0.656817
0 1.00105 0.4412 1.00554 0.339849 0.957838 0.33866 0.953349 0.440011
0 0.213529 0.319795 0.291854 0.240148 0.118384 0.14419 0.0400587 0.223836
0 0.193467 0.642515 0.310977 0.642251 0.31074 0.58308 0.19323 0.583344
0 0.46744 0.804823 0.47069 0.748476 0.366125 0.745084 0.362875 0.80143
0 0.513476 0.797547 0.590403 0.722552 0.533264 0.689583 0.456337 0.764579
0 1.00131 0.607849 1.00368 0.508794 0.973581 0.508389 0.971212 0.607444
0 0.478937 1.00324 0.4793 0.979163 0.340756 0.977989 0.340394 1.00206
0 0.0192544 0.102212 0.0239695 0.0207098 -0.00115248 0.0198922 -0.00586759 0.101394
0 1.01416 0.968741 1.0175 0.885913 0.931337 0.883956 0.927993 0.966784
0 0.819596 0.833275 0.918666 0.791545 0.883421 0.744478 0.784351 0.786208
0 0.628489 0.637811 0.633213 0.577527 0.545228 0.573649 0.540504 0.633933
0 0.92032 0.915438 0.991259 0.866627 0.947032 0.83047 0.876092 0.879281
0 1.00072 0.651318 1.00135 0.601674 0.955891 0.601349 0.955258 0.650992
0 0.578564 0.516022 0.582321 0.470182 0.42517 0.462938 0.421413 0.508778
0 0.264642 0.230574 0.269777 0.188646 0.157086 0.180881 0.15195 0.222809
0 0.516721 0.0278943 0.517336 0.00133118 0.403241 -0.000156956 0.402625 0.0264062
0 0.204667 0.0229281 0.205115 -0.00214586 0.109092 -0.00311096 0.108644 0.021963
