0 0.961614 0.453643 0.969664 0.348478 0.875329 0.341256 0.867278 0.446422
0 0.9453 0.541288 0.950035 0.444721 0.856411 0.44013 0.851676 0.536697
0 0.803569 0.156198 0.811949 0.0693424 0.733106 0.0617356 0.724726 0.148591
0 0.298395 0.121957 0.298934 0.0297982 0.210057 0.0292783 0.209518 0.121437
0 0.983346 0.357805 0.992054 0.288133 0.892092 0.275639 0.883384 0.345311
0 0.178879 0.899969 0.181658 0.811469 0.0912515 0.80863 0.0884722 0.89713
0 0.851213 0.311306 0.874393 0.197427 0.802422 0.182777 0.779241 0.296656
0 0.901934 0.209888 0.918949 0.0948098 0.826313 0.0811129 0.809297 0.196191
0 0.686203 0.185164 0.7379 0.0395838 0.614876 -0.004104 0.563178 0.141476
0 0.835452 0.427955 0.862053 0.306173 0.776634 0.287515 0.750032 0.409297
0 0.782927 0.99403 0.787616 0.880442 0.700461 0.876844 0.695772 0.990432
0 0.623491 0.887142 0.624731 0.822313 0.561364 0.821101 0.560124 0.88593
0 0.915037 0.787702 0.915939 0.711099 0.826548 0.710046 0.825646 0.786648
0 0.822877 0.837486 0.922394 0.83718 0.922234 0.784878 0.822717 0.785183
0 0.0674681 0.902488 0.0681338 0.841912 0.00179264 0.841183 0.0011269 0.901759
0 0.741002 0.364897 0.767529 0.231563 0.702859 0.218697 0.676332 0.352031
0 0.822391 0.908003 0.932571 0.907646 0.932331 0.833325 0.82215 0.833682
0 0.634811 0.958457 0.637484 0.907825 0.521156 0.901684 0.518483 0.952315
0 0.806011 0.55184 0.835449 0.416643 0.746792 0.397338 0.717354 0.532536
0 0.494105 0.755873 0.597855 0.755513 0.597623 0.688681 0.493873 0.689041
0 0.817596 0.957478 0.919622 0.956639 0.919169 0.901543 0.817143 0.902381
0 0.494695 0.892967 0.495119 0.820803 0.416082 0.820339 0.415659 0.892503
0 0.180027 0.109608 0.192316 0.0335979 0.118453 0.0216567 0.106164 0.0976667
0 0.477652 0.81242 0.479165 0.702904 0.353471 0.701168 0.351958 0.810684
0 0.492285 0.485634 0.511362 0.396096 0.411495 0.374819 0.392418 0.464356
0 0.243065 0.593515 0.283618 0.509135 0.209697 0.47361 0.169145 0.55799
0 0.159837 0.313902 0.244966 0.31314 0.244275 0.236006 0.159147 0.236769
0 0.103645 0.966421 0.203427 0.952551 0.194487 0.88824 0.0947053 0.90211
0 0.312616 0.500615 0.330042 0.373265 0.231459 0.359775 0.214034 0.487126
0 0.288617 0.941049 0.292207 0.856114 0.202261 0.852311 0.19867 0.937246
0 0.987422 0.610922 0.990433 0.548016 0.871249 0.542312 0.868238 0.605217
0 0.647729 0.410253 0.658719 0.335655 0.613202 0.328949 0.602212 0.403547
0 0.0586467 0.418289 0.0717427 0.359342 0.0234676 0.348617 0.0103716 0.407563
0 0.793229 0.883871 0.794411 0.73476 0.686548 0.733905 0.685367 0.883016
0 0.299868 0.584693 0.326502 0.519262 0.286851 0.503122 0.260218 0.568553
0 0.695761 0.536244 0.741141 0.349831 0.67515 0.333766 0.62977 0.520179
0 0.528148 0.418765 0.549783 0.365752 0.444606 0.322829 0.422971 0.375843
0 0.219387 0.166658 0.301707 0.161798 0.298986 0.115706 0.216666 0.120566
0 0.376224 0.45878 0.389787 0.390635 0.327224 0.378183 0.313661 0.446328
0 0.146505 0.151593 0.150921 0.106879 0.0943559 0.101293 0.0899402 0.146007
0 0.474249 0.25563 0.517095 0.0999087 0.450009 0.0814504 0.407163 0.237172
0 0.203006 0.153579 0.204185 0.110658 0.155459 0.10932 0.15428 0.15224
0 0.422896 0.388869 0.42968 0.289559 0.336172 0.283171 0.329388 0.382482
0 0.127662 0.329429 0.14345 0.257614 0.0790163 0.243449 0.0632283 0.315263
0 0.603491 0.516428 0.612906 0.424391 0.527608 0.415665 0.518193 0.507703
0 0.0668603 0.783693 0.125693 0.768132 0.100928 0.674498 0.0420952 0.690058
0 0.457706 0.290217 0.464672 0.237313 0.411007 0.230247 0.404041 0.28315
0 0.0948212 0.693468 0.0959781 0.641882 -0.00390949 0.639642 -0.00506642 0.691228
0 0.0657256 0.0883799 0.0702452 0.0149875 -0.000452711 0.0106338 -0.00497232 0.0840262
0 0.0411217 0.657822 0.0877255 0.533882 0.0328412 0.513245 -0.0137627 0.637184
0 0.79253 0.779085 0.794829 0.726629 0.701272 0.722527 0.698972 0.774983
0 0.811954 0.581009 0.816313 0.534565 0.720843 0.525604 0.716484 0.572049
0 0.243404 0.726048 0.320219 0.574624 0.25777 0.542945 0.180955 0.694369
0 0.129527 0.825558 0.14629 0.766115 0.0909354 0.750505 0.0741723 0.809949
0 0.293189 0.83221 0.350372 0.832028 0.350203 0.779182 0.29302 0.779365
0 0.414934 0.697685 0.416355 0.629871 0.352143 0.628526 0.350722 0.69634
0 0.532772 0.902637 0.573687 0.892436 0.557616 0.827974 0.516701 0.838174
0 0.49273 0.591539 0.531308 0.51969 0.391609 0.444681 0.353031 0.516529
0 0.984082 0.266395 1.05133 0.0840927 0.982215 0.0585951 0.914964 0.240898
0 0.597721 1.00704 0.60037 0.953665 0.51196 0.949276 0.50931 1.00265
0 0.817158 0.735332 0.821915 0.555121 0.699939 0.551901 0.695182 0.732112
0 0.295778 0.514224 0.311424 0.442153 0.218715 0.422027 0.203069 0.494098
0 0.215775 0.219909 0.218785 0.152003 0.142529 0.148622 0.139518 0.216528
0 0.696353 0.87327 0.698452 0.772446 0.663473 0.771717 0.661374 0.872542
0 0.10575 0.619136 0.191886 0.506896 0.113316 0.446599 0.0271795 0.558839
0 0.821964 0.997781 0.908539 0.997189 0.908263 0.95676 0.821688 0.957351
0 1.00494 0.2995 1.01255 0.25774 0.906697 0.238451 0.899087 0.280211
0 1.00084 0.550849 1.00266 0.507183 0.974776 0.506017 0.972951 0.549684
0 0.228758 1.00158 0.29762 1.00157 0.297615 0.971556 0.228753 0.971568
0 0.350297 0.791829 0.350478 0.727742 0.272141 0.72752 0.271959 0.791607
0 0.128987 0.240001 0.132013 0.183329 0.0801572 0.180561 0.0771319 0.237233
0 0.350139 0.712243 0.35659 0.652115 0.288385 0.644798 0.281935 0.704926
0 0.40991 0.388617 0.418065 0.324218 0.341549 0.314529 0.333394 0.378928
0 0.412325 0.61821 0.440216 0.554223 0.357149 0.518015 0.329258 0.582002
0 0.158201 0.827719 0.238783 0.790023 0.178849 0.661902 0.0982676 0.699598
0 0.413756 0.907469 0.4201 0.848262 0.357954 0.841604 0.35161 0.90081
0 -0.000805562 0.969946 0.0620608 0.969818 0.0619127 0.897285 -0.000953639 0.897414
0 0.104616 1.01004 0.206279 1.00381 0.203302 0.955177 0.10164 0.961398
0 0.297589 0.981962 0.297907 0.93274 0.226949 0.932282 0.226631 0.981504
0 0.76087 0.268973 0.78198 0.18964 0.721009 0.173416 0.699899 0.252748
0 0.59999 0.681317 0.663445 0.681032 0.663035 0.590076 0.59958 0.590361
0 0.127665 0.0582765 0.133291 0.00260781 0.0823913 -0.00253614 0.0767654 0.0531325
0 0.0995526 0.473328 0.143437 0.375005 0.0846667 0.348775 0.0407825 0.447097
0 0.0849902 0.233376 0.0951584 0.148426 0.0376861 0.141547 0.0275179 0.226496
0 0.176861 0.683513 0.236569 0.577818 0.166091 0.538004 0.106383 0.643699
0 0.0494317 0.308483 0.0560511 0.237725 -0.00022188 0.232461 -0.00684136 0.303219
0 0.971509 0.0531707 1.00054 0.0525382 0.999265 -0.00597306 0.970234 -0.00534063
0 0.314043 0.876326 0.314417 0.830404 0.267174 0.830019 0.266801 0.875942
0 0.194973 0.0401428 0.199687 -0.00185719 0.146371 -0.00784224 0.141656 0.0341577
0 0.724519 0.430996 0.737372 0.350991 0.676572 0.341224 0.663719 0.421228
0 0.599315 0.706535 0.66407 0.706307 0.663863 0.647514 0.599108 0.647742
0 0.509706 0.608625 0.549993 0.527382 0.441183 0.473427 0.400897 0.554669
0 0.378435 1.00105 0.405808 0.927832 0.327858 0.898689 0.300485 0.971903
0 0.40909 0.836848 0.484208 0.82703 0.480388 0.7978 0.40527 0.807617
0 0.67556 0.600833 0.67867 0.516217 0.606437 0.513562 0.603327 0.598178
0 0.100011 0.657209 0.125205 0.575968 0.0731278 0.559818 0.0479339 0.641058
0 0.505876 0.609615 0.533113 0.525236 0.469924 0.504839 0.442687 0.589219
0 0.429777 0.143287 0.431568 0.0755198 0.367935 0.0738379 0.366143 0.141605
0 0.215645 0.766866 0.253366 0.745176 0.204535 0.660253 0.166813 0.681944
0 0.45358 0.683799 0.455821 0.620965 0.407098 0.619228 0.404857 0.682061
0 0.0684051 0.321548 0.0871546 0.247142 0.0342341 0.233807 0.0154846 0.308212
0 0.207602 0.643669 0.235982 0.581156 0.159444 0.546408 0.131063 0.608921
0 0.0841952 0.49032 0.0988074 0.436846 0.0465468 0.422565 0.0319346 0.47604
0 0.55321 0.668983 0.569191 0.586588 0.51268 0.575628 0.496699 0.658023
0 0.0748847 0.0153756 0.0751602 -0.00143636 -0.000405957 -0.00267487 -0.0006815 0.0141371
0 0.561968 0.378599 0.58587 0.310543 0.491125 0.277269 0.467223 0.345325
0 0.133099 0.187751 0.135246 0.145886 0.092529 0.143696 0.090382 0.18556
0 0.634719 1.0018 0.635372 0.956002 0.567202 0.95503 0.566549 1.00083
0 0.144464 0.0288904 0.146952 -0.00219083 0.0913393 -0.0066434 0.0888508 0.0244378
0 0.604732 0.382897 0.610362 0.323929 0.557647 0.318895 0.552016 0.377864
0 0.0589676 0.17031 0.0656942 0.0829031 -0.00296007 0.0776197 -0.00968663 0.165027
0 0.692924 0.777614 0.693339 0.726587 0.660824 0.726322 0.660409 0.77735
0 0.490522 0.364878 0.518017 0.282754 0.470474 0.266837 0.44298 0.348962
0 0.518985 0.496721 0.541986 0.419284 0.500745 0.407034 0.477744 0.484472
0 0.0153056 0.314544 0.0208159 0.262922 -0.00209882 0.260476 -0.00760911 0.312098
0 0.51372 0.685229 0.519984 0.629932 0.441508 0.621043 0.435245 0.67634
0 0.288357 0.163233 0.355503 0.163198 0.355468 0.0962867 0.288322 0.0963217
0 0.341967 1.00205 0.394851 1.00069 0.394244 0.977168 0.34136 0.978534
0 0.068703 1.00103 0.0687841 0.97779 0.00361831 0.977562 0.00353712 1.00081
0 0.0333047 0.445205 0.0370794 0.398476 -0.00153283 0.395357 -0.00530753 0.442085
0 0.755337 1.00331 0.755784 0.987336 0.678978 0.985186 0.678531 1.00116
0 0.334115 1.00167 0.393104 0.999892 0.391358 0.941953 0.332369 0.943731
0 0.404507 0.0567588 0.405171 2.87779e-05 0.354225 -0.000567377 0.353561 0.0561626
0 1.00135 0.0679088 1.00236 0.0257216 0.971723 0.024992 0.970718 0.0671792
0 0.409463 0.642084 0.421452 0.603399 0.32895 0.574732 0.316961 0.613418
