0 0.743897 0.440867 0.751531 0.364824 0.556234 0.353795 0.5486 0.429838
0 0.936911 0.583207 0.941771 0.507711 0.827804 0.503584 0.822943 0.579079
0 0.33613 0.650532 0.489582 0.543364 0.411536 0.480502 0.258083 0.58767
0 0.834056 0.572385 0.838196 0.483239 0.719278 0.480133 0.715138 0.569279
0 0.399767 0.687116 0.545165 0.597108 0.485391 0.542795 0.339994 0.632803
0 1.00133 0.470637 1.00835 0.378119 0.925896 0.374596 0.918869 0.467114
0 0.261488 0.592321 0.416582 0.487049 0.340875 0.424309 0.185781 0.529582
0 0.337648 0.345685 0.545509 0.253248 0.476636 0.166131 0.268775 0.258569
0 0.712692 0.573531 0.737287 0.488478 0.665937 0.476872 0.641342 0.561925
0 0.471326 0.726241 0.589191 0.640413 0.528767 0.593737 0.410901 0.679565
0 1.00275 0.589895 1.00698 0.513579 0.931421 0.511226 0.927195 0.587541
0 0.944007 0.254929 0.949518 0.184021 0.868595 0.180483 0.863084 0.251391
0 0.139989 0.652129 0.189772 0.567592 0.025591 0.513207 -0.0241923 0.597744
0 0.0898623 0.712179 0.11387 0.625524 0.00149134 0.608011 -0.0225162 0.694666
0 0.0378917 0.875212 0.0411411 0.823007 -0.00447654 0.821409 -0.00772592 0.873615
0 1.00708 0.731796 1.01196 0.644819 0.938236 0.642492 0.933355 0.729469
0 0.11561 0.570204 0.263757 0.434273 0.17539 0.380099 0.0272426 0.51603
0 0.072528 0.772141 0.0904426 0.706284 -0.00669671 0.69142 -0.0246114 0.757277
0 0.926985 0.460702 0.932692 0.369798 0.802694 0.365207 0.796987 0.456111
0 1.00056 0.272236 1.00304 0.199175 0.938528 0.197941 0.936045 0.271003
0 0.936639 0.731346 0.951928 0.649576 0.736834 0.626954 0.721545 0.708724
0 0.498764 0.789813 0.648927 0.694622 0.588489 0.640994 0.438327 0.736185
0 0.704359 0.320792 0.894865 0.179241 0.651774 -0.00478853 0.461268 0.136762
0 0.554148 0.474411 0.60002 0.371398 0.403565 0.322188 0.357692 0.425201
0 0.0366765 0.823843 0.0421624 0.780896 -0.00589875 0.777442 -0.0113846 0.82039
0 0.847415 0.159878 0.945689 0.0685492 0.708785 -0.074843 0.610511 0.0164861
0 0.812768 0.446663 0.81783 0.369239 0.734006 0.366156 0.728944 0.44358
0 0.598317 0.834649 0.716321 0.743356 0.643745 0.690588 0.525741 0.781881
0 0.64848 0.561597 0.666272 0.492447 0.580208 0.479991 0.562416 0.549141
0 0.038271 0.44396 0.0548925 0.365175 -0.012432 0.357186 -0.0290535 0.435971
0 0.59582 0.519434 0.609595 0.45563 0.526303 0.445515 0.512529 0.50932
0 0.377585 1.00241 0.523853 0.999356 0.521453 0.934741 0.375185 0.937797
0 0.682429 0.905376 0.799617 0.804762 0.689481 0.732605 0.572292 0.83322
0 0.889241 1.06235 0.988991 0.980273 0.88903 0.911941 0.789281 0.994022
0 -0.00149901 0.996856 0.0305411 0.996716 0.030159 0.947699 -0.00188116 0.94784
0 0.334912 0.0846667 0.502454 0.0183131 0.458742 -0.0437718 0.291199 0.0225818
0 0.977237 0.869243 1.05645 0.809696 0.965591 0.741716 0.886383 0.801263
0 0.966372 0.14323 0.981009 0.0617652 0.896667 0.053241 0.88203 0.134706
0 1.00649 0.118277 1.00936 0.0220127 0.962191 0.021222 0.959322 0.117486
0 0.386928 0.744659 0.445637 0.70914 0.416562 0.682106 0.357853 0.717625
0 0.906519 0.0261784 0.987629 0.0261117 0.987586 -0.0026686 0.906476 -0.00260189
0 0.40025 0.0744571 0.445723 -0.00350053 0.342356 -0.0374166 0.296883 0.040541
0 0.02489 0.943549 0.0255671 0.882833 -0.00311144 0.882653 -0.00378854 0.943369
0 0.267695 0.491497 0.3469 0.445513 0.236127 0.338186 0.156922 0.384169
0 0.823091 1.00095 0.92519 0.921235 0.786716 0.821466 0.684617 0.901177
0 0.0259599 0.894152 0.0274502 0.846929 -0.000813983 0.846427 -0.00230431 0.89365
0 0.932641 0.803949 0.976534 0.742721 0.903043 0.713086 0.85915 0.774315
