0 0.679935 0.341477 0.688624 0.262222 0.602031 0.256882 0.593342 0.336137
0 0.967107 0.498049 0.974151 0.418381 0.890779 0.414234 0.883734 0.493902
0 0.647164 0.963928 0.651854 0.895362 0.521809 0.890358 0.517119 0.958925
0 0.679621 0.223606 0.688166 0.129459 0.592383 0.124569 0.583838 0.218716
0 0.903163 0.221621 0.99988 0.221407 0.999559 0.139907 0.902841 0.140121
0 0.860109 0.0729289 0.862093 -0.00166877 0.740584 -0.00348649 0.7386 0.0711112
0 0.744003 0.617695 0.765166 0.524415 0.694115 0.515348 0.672953 0.608628
0 0.410753 0.190284 0.41827 0.114426 0.223025 0.103543 0.215508 0.179401
0 0.895491 0.355511 0.902238 0.272926 0.791523 0.267838 0.784776 0.350423
0 0.752342 0.236695 0.759944 0.12933 0.685835 0.126378 0.678233 0.233744
0 0.79404 0.345101 0.798517 0.262426 0.682927 0.258905 0.67845 0.34158
0 0.603753 0.333289 0.608794 0.257914 0.494399 0.253611 0.489358 0.328986
0 0.500935 0.322466 0.504896 0.233034 0.3858 0.230067 0.381839 0.319499
0 0.891592 0.508782 0.897152 0.413116 0.782832 0.409378 0.777271 0.505044
0 0.648406 0.899412 0.652801 0.8354 0.531989 0.830734 0.527594 0.894747
0 0.832096 0.240276 0.837236 0.137159 0.754931 0.134851 0.749791 0.237968
0 0.0696277 0.436666 0.212123 0.347502 0.151098 0.292643 0.0086026 0.381808
0 0.930701 0.0718143 0.932525 0.0021691 0.855462 0.00103341 0.853637 0.0706786
0 0.909465 0.240273 0.911264 0.145229 0.834371 0.14441 0.832572 0.239454
0 0.985786 0.629124 0.993011 0.528067 0.803817 0.520458 0.796592 0.621516
0 0.138041 0.475929 0.256281 0.390566 0.19615 0.343716 0.0779106 0.429079
0 0.654954 0.842009 0.656336 0.780143 0.531509 0.778575 0.530127 0.84044
0 0.956409 0.357854 0.967918 0.271115 0.898212 0.265912 0.886703 0.352651
0 0.379602 0.323487 0.404029 0.238406 0.332392 0.226837 0.307965 0.311918
0 1.00045 0.763706 1.00335 0.682323 0.925118 0.680754 0.922215 0.762136
0 0.0148967 0.397974 0.155099 0.292349 0.0739917 0.231791 -0.0662102 0.337416
0 0.682147 0.482454 0.689389 0.394694 0.603252 0.390696 0.59601 0.478455
0 0.633163 1.00924 0.636954 0.955785 0.525193 0.951326 0.521402 1.00478
0 0.814168 0.617201 0.820795 0.528396 0.757172 0.525725 0.750545 0.61453
0 1.00111 0.0656675 1.00237 -0.000602391 0.925894 -0.00141967 0.924635 0.0648503
0 0.785387 0.496659 0.79354 0.40245 0.684536 0.397144 0.676384 0.491352
0 0.857247 0.987991 0.862142 0.848199 0.71231 0.845249 0.707416 0.985041
0 0.901722 0.853044 0.987826 0.788217 0.934859 0.748644 0.848754 0.813471
0 0.594612 0.210327 0.599902 0.11999 0.468055 0.115647 0.462765 0.205984
0 0.188629 0.844455 0.230646 0.742448 0.0545532 0.701649 0.012537 0.803656
0 0.165266 0.54007 0.315989 0.445312 0.255759 0.391423 0.105036 0.486181
0 1.00064 0.505294 1.00626 0.422114 0.96683 0.420614 0.961204 0.503793
0 0.601135 0.482905 0.617417 0.400664 0.403664 0.376859 0.387381 0.4591
0 0.969103 0.895911 1.04671 0.810839 0.974887 0.773985 0.897281 0.859056
0 0.221227 0.225435 0.268579 0.122359 0.0684656 0.0706494 0.0211144 0.173725
0 1.00027 0.35978 1.00846 0.272611 0.958816 0.269985 0.950619 0.357154
0 0.736566 0.0567064 0.738501 0.00144848 0.554633 -0.00217413 0.552697 0.0530838
0 0.479597 0.196705 0.484197 0.119109 0.400334 0.116313 0.395735 0.193909
0 0.807024 1.00309 0.80779 0.972402 0.711317 0.971048 0.710551 1.00174
0 0.873201 1.04113 0.942564 0.971266 0.86062 0.925502 0.791256 0.995365
0 0.885479 0.821695 0.96639 0.739433 0.789881 0.641779 0.708971 0.724041
0 0.668343 0.610754 0.704486 0.528626 0.608814 0.504943 0.572672 0.587072
0 0.399482 1.03942 0.419811 0.948596 0.276671 0.930574 0.256341 1.0214
0 0.315251 0.311255 0.33242 0.242322 0.246164 0.230237 0.228994 0.29917
0 0.265476 0.585363 0.384593 0.493247 0.311009 0.439724 0.191892 0.53184
0 0.587978 0.81894 0.67108 0.737732 0.545942 0.6657 0.46284 0.746908
0 0.999547 0.631214 1.00502 0.543933 0.978988 0.543015 0.973516 0.630296
0 0.533275 0.91282 0.534345 0.853034 0.448343 0.852168 0.447272 0.911954
0 0.265106 0.267321 0.274553 0.204392 0.189865 0.197241 0.180418 0.260169
0 0.0616014 0.852434 0.072369 0.759046 -0.0235649 0.752825 -0.0343325 0.846213
0 0.509107 0.967329 0.509819 0.909405 0.441771 0.908935 0.44106 0.966859
0 0.29419 0.999843 0.441031 0.879812 0.280869 0.769598 0.134028 0.889629
0 0.342959 0.651391 0.460388 0.550446 0.356003 0.482141 0.238574 0.583085
0 0.00846779 0.068914 0.212275 0.0254467 0.185493 -0.0451872 -0.0183137 -0.00171983
0 0.053152 0.304181 0.0682608 0.210233 -0.0243072 0.20186 -0.039416 0.295808
0 0.954757 1.00101 0.95516 0.965556 0.880107 0.965077 0.879704 1.00053
0 1.00052 0.906258 1.0014 0.847085 0.969136 0.846816 0.968259 0.905988
0 0.435293 1.00027 0.490256 1.00004 0.489978 0.963524 0.435015 0.96376
0 0.997936 0.904291 1.02203 0.821484 0.947337 0.809259 0.923243 0.892066
0 0.490424 0.752721 0.595887 0.671248 0.455317 0.568896 0.349854 0.650369
0 0.983949 0.203267 1.00515 0.202734 1.00201 0.132417 0.980808 0.13295
