0 0.586716 0.854921 0.590101 0.767762 0.497674 0.764173 0.494289 0.851332
0 0.465803 0.638918 0.469016 0.510957 0.354473 0.508081 0.35126 0.636043
0 0.745 0.705019 0.749651 0.620924 0.660118 0.615972 0.655467 0.700068
0 0.446124 0.852542 0.44776 0.779707 0.335202 0.77718 0.333567 0.850015
0 0.910863 0.677199 0.913483 0.609098 0.81731 0.605398 0.814691 0.6735
0 0.886352 0.917631 0.887935 0.831294 0.804815 0.82977 0.803232 0.916107
0 0.90937 0.738364 0.912463 0.676043 0.816832 0.671296 0.813738 0.733617
0 0.900617 0.797963 0.902887 0.731919 0.810154 0.728731 0.807884 0.794775
0 0.739226 0.746756 0.743505 0.700217 0.652172 0.691819 0.647893 0.738358
0 0.577136 0.965273 0.579036 0.903523 0.494597 0.900925 0.492698 0.962675
0 0.602765 0.777987 0.608003 0.725336 0.511661 0.715752 0.506423 0.768403
0 0.783827 0.365249 0.907058 0.335283 0.888457 0.258787 0.765225 0.288754
0 0.756158 0.557662 0.757758 0.494383 0.68435 0.492527 0.682749 0.555805
0 0.441675 0.917106 0.443774 0.848617 0.334576 0.845272 0.332477 0.913761
0 0.144975 0.673525 0.15201 0.614962 0.0578314 0.603648 0.0507962 0.662211
0 0.72529 0.973212 0.728565 0.855057 0.625694 0.852206 0.622418 0.97036
0 0.356899 0.594129 0.358233 0.512495 0.286826 0.511328 0.285492 0.592962
0 0.800487 0.432496 0.953536 0.413258 0.944739 0.343269 0.79169 0.362506
0 0.575018 0.91059 0.577682 0.851536 0.494798 0.847797 0.492134 0.906851
0 0.454415 0.692971 0.458298 0.635427 0.356316 0.628546 0.352433 0.686089
0 0.450237 0.783943 0.452007 0.682772 0.34078 0.680826 0.33901 0.781997
0 0.766211 0.298303 0.892528 0.258656 0.874826 0.202255 0.748509 0.241902
0 0.888551 0.993131 0.88912 0.912077 0.800265 0.911454 0.799697 0.992508
0 0.952045 0.583468 0.952498 0.489192 0.829662 0.488602 0.829209 0.582878
0 0.233555 0.592542 0.235138 0.516094 0.163995 0.514621 0.162412 0.591069
0 0.735772 0.861878 0.738152 0.789969 0.635986 0.786587 0.633606 0.858496
0 0.60587 0.726535 0.60804 0.624589 0.50872 0.622475 0.50655 0.724421
0 0.738365 0.795899 0.740126 0.735178 0.636892 0.732184 0.635132 0.792906
0 0.434887 0.977093 0.437317 0.911464 0.322414 0.907209 0.319984 0.972837
0 0.637131 0.619207 0.639535 0.505143 0.515122 0.50252 0.512717 0.616584
0 0.737354 0.250579 0.854588 0.205205 0.831435 0.145387 0.714202 0.190761
0 0.2943 0.59442 0.294657 0.513632 0.227712 0.513336 0.227354 0.594124
0 0.756335 0.62541 0.758241 0.555374 0.675673 0.553127 0.673767 0.623163
0 0.147495 0.716982 0.149197 0.66743 0.0581188 0.664302 0.0564168 0.713853
0 0.679504 0.563014 0.680558 0.506868 0.629601 0.505911 0.628547 0.562057
0 0.883317 0.897803 0.931531 0.897787 0.931515 0.849541 0.883302 0.849556
0 0.0511194 0.763372 0.155063 0.762057 0.154404 0.709953 0.0504604 0.711268
0 0.152136 0.967207 0.152627 0.906552 0.0413961 0.905651 0.0409046 0.966306
0 0.58873 1.00283 0.588784 0.95275 0.48547 0.952639 0.485416 1.00272
0 0.8897 0.841088 0.893136 0.794673 0.815538 0.788928 0.812102 0.835343
0 0.999427 0.997421 0.999825 0.929026 0.950084 0.928736 0.949685 0.997131
0 0.0495468 0.822475 0.163875 0.821705 0.163404 0.751739 0.0490757 0.752508
0 0.173981 0.622745 0.17906 0.519066 0.0639012 0.513424 0.0588218 0.617103
0 0.128921 1.00398 0.129096 0.958094 0.0441102 0.957769 0.043935 1.00366
0 0.720267 1.00552 0.721881 0.963206 0.625971 0.959549 0.624357 1.00187
0 1.00122 0.730921 1.00556 0.666696 0.972357 0.66445 0.968012 0.728674
0 0.233247 0.259024 0.366118 0.0890954 0.256092 0.00306373 0.123221 0.172992
0 0.827306 0.613188 0.913378 0.612854 0.913201 0.567252 0.827129 0.567586
0 0.657986 0.115348 0.762709 0.0322761 0.723791 -0.0167855 0.619068 0.0662865
0 0.161688 0.91797 0.163433 0.857202 0.0570413 0.854146 0.0552958 0.914914
0 0.432945 1.00419 0.433308 0.974379 0.304047 0.972805 0.303684 1.00261
0 0.641585 0.0846771 0.709945 -0.00757306 0.636584 -0.0619364 0.568223 0.0303137
0 1.00023 0.776247 1.00053 0.727105 0.97948 0.726974 0.979174 0.776116
0 0.195999 0.123654 0.221131 0.0396764 0.133436 0.0134328 0.108305 0.0974106
0 0.709795 0.198587 0.833016 0.144472 0.807799 0.0870527 0.684578 0.141168
0 1.00125 0.932979 1.00433 0.866151 0.96787 0.864469 0.964788 0.931298
0 0.951431 0.818479 0.952227 0.753715 0.89683 0.753034 0.896034 0.817798
0 0.164723 0.874543 0.165643 0.829999 0.0493535 0.827597 0.0484332 0.872141
0 0.951329 0.439894 1.03135 0.425472 0.998907 0.24546 0.918887 0.259881
0 0.93894 0.850541 0.939367 0.809005 0.894069 0.808539 0.893642 0.850076
0 0.348852 0.221393 0.378262 0.149621 0.318649 0.125192 0.289238 0.196964
0 1.00127 0.675232 1.00285 0.555861 0.977636 0.555527 0.976055 0.674898
0 0.679008 0.159973 0.800125 0.0852799 0.767142 0.0317971 0.646025 0.10649
0 1.00045 0.886632 1.00103 0.772386 0.976981 0.772263 0.976396 0.886509
0 0.263587 1.00331 0.264196 0.977179 0.185895 0.975353 0.185286 1.00148
0 1.00068 0.516961 1.00069 0.488608 0.948601 0.488584 0.948588 0.516937
0 0.877537 1.00132 0.877849 0.97805 0.795046 0.976938 0.794734 1.00021
0 0.969163 0.0663382 1.00042 0.0655997 0.998888 0.000575429 0.967627 0.00131391
0 0.310264 0.927437 0.312126 0.683906 0.210037 0.683126 0.208175 0.926656
0 0.251692 0.22767 0.285416 0.174198 0.181042 0.108372 0.147318 0.161843
0 1.00155 0.8861 1.00263 0.819533 0.973073 0.819054 0.971996 0.885622
0 0.639196 0.571521 0.642412 0.511986 0.525402 0.505667 0.522187 0.565202
0 0.532846 0.0333933 0.602315 0.0313648 0.601363 -0.00122292 0.531894 0.000805561
0 0.887544 0.208659 0.889257 0.146165 0.82629 0.144439 0.824577 0.206933
0 0.93531 0.998972 0.936156 0.936438 0.887171 0.935775 0.886325 0.998309
