0 0.227179 0.634105 0.229329 0.514967 0.129104 0.51175 0.126953 0.630889
0 0.359289 0.836491 0.362882 0.734928 0.268028 0.728963 0.264435 0.830526
0 0.544616 0.242502 0.559741 0.122595 0.486152 0.106093 0.471027 0.226
0 0.0871832 0.873971 0.0914999 0.793259 0.00710663 0.785235 0.00278995 0.865947
0 0.538318 0.454311 0.545331 0.305072 0.472119 0.298955 0.465106 0.448195
0 0.475409 0.407235 0.483681 0.301713 0.424906 0.293522 0.416634 0.399044
0 0.221162 0.776432 0.225086 0.695146 0.127795 0.686798 0.123872 0.768084
0 0.10768 0.420022 0.110048 0.306934 0.0312868 0.304002 0.0289187 0.41709
0 0.081954 0.941965 0.0861041 0.864544 0.00271475 0.856597 -0.00143537 0.934019
0 0.20435 0.981698 0.208329 0.905136 0.11704 0.896703 0.113061 0.973265
0 0.728177 0.256147 0.733512 0.140017 0.60941 0.129881 0.604074 0.246011
0 0.723986 0.0832023 0.725339 0.00360905 0.620095 0.000428547 0.618742 0.0800218
0 0.42189 0.216923 0.432752 0.0864732 0.377282 0.0782616 0.36642 0.208711
0 0.114613 0.567935 0.117779 0.489481 0.0164712 0.482214 0.0133058 0.560668
0 0.47636 0.224089 0.488959 0.0938562 0.430571 0.0838141 0.417972 0.214046
0 0.37188 0.205042 0.377536 0.0815684 0.314848 0.0764631 0.309191 0.199937
0 0.285978 0.208612 0.30586 0.0954093 0.257046 0.0801682 0.237164 0.193371
0 0.0916819 0.80088 0.0963706 0.723717 0.0102179 0.714411 0.00552911 0.791574
0 0.112603 0.497179 0.116002 0.417336 0.0225268 0.41026 0.019127 0.490103
0 0.215483 0.842866 0.218228 0.767479 0.133949 0.762022 0.131203 0.83741
0 0.848161 0.84021 0.850488 0.731553 0.77378 0.728632 0.771452 0.837289
0 0.738823 0.45012 0.742976 0.325134 0.600743 0.316732 0.59659 0.441718
0 0.874008 0.517324 0.877119 0.349337 0.785243 0.346312 0.782132 0.514299
0 0.104072 0.646328 0.110518 0.56361 0.0180631 0.550803 0.0116178 0.633521
0 0.0990457 0.72755 0.102129 0.637594 0.0137072 0.632207 0.0106242 0.722163
0 0.427633 0.0607428 0.430093 -0.00261001 0.373476 -0.00651763 0.371017 0.0568352
0 0.787409 0.466978 0.792126 0.334836 0.734586 0.331185 0.729869 0.463326
0 0.22578 0.702442 0.228805 0.627285 0.129947 0.620209 0.126921 0.695367
0 0.493118 0.0733921 0.494681 -0.000873288 0.428567 -0.00334841 0.427003 0.070917
0 0.774805 0.735041 0.863297 0.733595 0.862169 0.610834 0.773676 0.61228
0 0.71838 0.142703 0.720193 0.0757736 0.617432 0.0708243 0.615619 0.137754
0 0.508883 0.86827 0.51427 0.726962 0.413321 0.720121 0.407934 0.861429
0 0.660338 0.70421 0.660918 0.624484 0.577206 0.623403 0.576627 0.703129
0 0.882683 0.277774 0.891948 0.141375 0.830618 0.133969 0.821353 0.270367
0 0.505973 0.951857 0.508583 0.856069 0.403704 0.850989 0.401095 0.946777
0 0.53688 0.599409 0.539405 0.447311 0.451449 0.444715 0.448924 0.596813
0 0.3638 0.924954 0.371189 0.836694 0.266806 0.821158 0.259417 0.909418
0 0.231666 0.191919 0.279893 0.0751402 0.225035 0.034864 0.176808 0.151643
0 0.562344 0.127943 0.565148 0.0420679 0.501988 0.0384008 0.499184 0.124276
0 0.658903 0.840025 0.747901 0.741552 0.706119 0.674421 0.617122 0.772895
0 0.76187 0.960858 0.845064 0.960748 0.844966 0.829857 0.761773 0.829967
0 0.695805 0.497195 0.699747 0.421199 0.598601 0.411871 0.594659 0.487867
0 0.0747932 1.00313 0.075601 0.930548 0.000351126 0.929059 -0.000456686 1.00164
0 0.684454 0.638006 0.687316 0.550765 0.585188 0.544811 0.582327 0.632052
0 0.888433 0.133971 0.889254 0.034151 0.774123 0.0324678 0.773302 0.132288
0 0.370918 0.0557042 0.372145 -0.00516161 0.314084 -0.00724215 0.312857 0.0536237
0 0.688692 0.568427 0.691817 0.489318 0.590317 0.482189 0.587191 0.561297
0 0.872891 0.629304 0.874639 0.518389 0.783115 0.515824 0.781367 0.62674
0 0.139101 0.315834 0.141278 0.130904 0.0332494 0.128643 0.0310721 0.313573
0 0.136061 0.374049 0.199891 0.295871 0.159421 0.237128 0.0955905 0.315306
0 0.426933 0.430666 0.433579 0.289865 0.315503 0.279956 0.308856 0.420757
0 0.501348 1.00726 0.502209 0.940406 0.394235 0.937932 0.393373 1.00478
0 0.827611 0.258337 0.833879 0.131886 0.780341 0.127169 0.774074 0.25362
0 0.210661 0.910076 0.212817 0.832232 0.114528 0.827393 0.112372 0.905236
0 0.324399 0.67226 0.342454 0.504428 0.287216 0.493863 0.269161 0.661696
0 0.779372 0.25537 0.786717 0.113655 0.724609 0.107931 0.717263 0.249647
0 0.233587 0.476016 0.239207 0.316467 0.134406 0.309904 0.128786 0.469453
0 0.174978 0.137849 0.241012 0.0507351 0.201805 -0.00209967 0.135771 0.0850143
0 0.363794 0.991272 0.368061 0.914533 0.261297 0.903979 0.25703 0.980718
0 0.312044 0.0533741 0.313675 -0.00128095 0.249244 -0.00470074 0.247613 0.0499543
0 0.200526 1.02068 0.204198 0.974798 0.101321 0.96016 0.0976487 1.00604
0 0.890988 0.0475878 0.891369 -0.0010303 0.783039 -0.00253608 0.782659 0.046082
0 0.403447 0.786864 0.482782 0.701108 0.443839 0.63706 0.364504 0.722816
0 0.564988 0.0525349 0.565291 -0.00242001 0.49715 -0.0030866 0.496848 0.0518684
0 0.355367 0.675945 0.413325 0.6037 0.319711 0.470188 0.261753 0.542434
0 0.145178 0.523381 0.233071 0.523083 0.232921 0.444756 0.145029 0.445054
0 0.350566 0.739763 0.353006 0.664635 0.274588 0.660108 0.272149 0.735236
0 0.384985 0.729959 0.442844 0.630111 0.400071 0.586048 0.342212 0.685895
0 0.359192 1.00431 0.359463 0.972221 0.255581 0.970662 0.255311 1.00275
0 0.61755 0.779678 0.688465 0.720307 0.658851 0.657424 0.587936 0.716794
0 0.757344 0.952603 0.772232 0.864803 0.712985 0.846944 0.698097 0.934743
0 0.690607 0.887748 0.745366 0.824127 0.712351 0.773608 0.657592 0.837229
0 0.195361 0.0774864 0.195674 -0.0475785 0.089513 -0.0480496 0.0892008 0.0770153
0 0.996929 1.01049 1.00285 0.839033 0.974704 0.837304 0.968781 1.00877
0 0.47139 0.51701 0.474742 0.43658 0.40887 0.4317 0.405518 0.51213
0 0.434125 0.355631 0.436972 0.29341 0.318566 0.283779 0.315719 0.346
0 0.726041 0.0169325 0.726369 0.00026894 0.631465 -0.00305429 0.631137 0.0136093
