0 0.760053 0.591528 0.766414 0.512371 0.701304 0.507139 0.694943 0.586296
0 0.975241 0.74819 0.980623 0.668374 0.918169 0.664162 0.912787 0.743978
0 0.759671 0.473418 0.766221 0.379731 0.694349 0.374707 0.687799 0.468393
0 0.895928 0.322402 0.898102 0.220037 0.808688 0.218138 0.806514 0.320503
0 0.55786 0.440466 0.563505 0.364738 0.417187 0.353831 0.411542 0.429559
0 0.814082 0.486665 0.820105 0.379602 0.764449 0.376471 0.758426 0.483533
0 0.927385 0.471824 1.00007 0.471538 0.999748 0.389663 0.927064 0.389948
0 0.845594 0.59507 0.848807 0.512513 0.762077 0.509137 0.758864 0.591695
0 0.921725 0.605558 0.926649 0.523147 0.843503 0.518179 0.838579 0.600589
0 0.702964 0.583328 0.706601 0.507842 0.620843 0.503711 0.617207 0.579197
0 0.808289 0.867164 0.823787 0.774423 0.770305 0.765486 0.754807 0.858227
0 0.793563 0.272339 0.796512 0.196969 0.706557 0.193449 0.703608 0.268819
0 0.252094 0.650533 0.36718 0.543364 0.308644 0.480503 0.193557 0.587673
0 0.625652 0.572291 0.628472 0.483306 0.539259 0.480478 0.536439 0.569464
0 0.918766 0.758903 0.922935 0.663089 0.837101 0.659355 0.832933 0.755169
0 0.874144 0.490354 0.878058 0.38742 0.815954 0.385059 0.81204 0.487993
0 0.299821 0.687125 0.408852 0.597115 0.36401 0.542797 0.254979 0.632807
0 0.708132 0.2544 0.711625 0.183495 0.651099 0.180513 0.647606 0.251418
0 0.196113 0.592322 0.312435 0.487052 0.255654 0.42431 0.139332 0.529581
0 0.999473 1.00119 1.00154 0.932794 0.943294 0.93103 0.941222 0.999423
0 0.253253 0.345712 0.409123 0.25324 0.357434 0.166113 0.201564 0.258585
0 0.536736 0.571433 0.549783 0.486333 0.495412 0.477997 0.482366 0.563097
0 0.932255 0.490207 0.933554 0.395261 0.875727 0.39447 0.874428 0.489416
0 0.98892 0.879129 0.994455 0.777945 0.853125 0.770214 0.84759 0.871398
0 0.967398 0.607843 0.975988 0.521193 0.92358 0.515998 0.91499 0.602648
0 0.353544 0.726298 0.441943 0.640564 0.396531 0.593741 0.308132 0.679475
0 0.949741 0.3179 0.953626 0.234727 0.891221 0.231812 0.887336 0.314985
0 0.761613 0.732453 0.76706 0.644656 0.702444 0.640647 0.696997 0.728444
0 0.104991 0.652129 0.142328 0.567587 0.0191921 0.513205 -0.018145 0.597748
0 0.947011 0.318353 1.014 0.310861 1.00265 0.209404 0.935663 0.216897
0 0.0673958 0.712177 0.0854003 0.625523 0.00111796 0.608011 -0.0168866 0.694665
0 0.860575 0.867011 0.865485 0.778469 0.817928 0.775832 0.813017 0.864373
0 0.0284186 0.875211 0.0308556 0.823008 -0.0033573 0.821411 -0.00579426 0.873614
0 0.83902 0.746776 0.845175 0.652404 0.763472 0.647075 0.757317 0.741447
0 0.0867071 0.570201 0.197821 0.434269 0.13155 0.380096 0.0204353 0.516028
0 0.0543936 0.772141 0.0678293 0.706281 -0.00502249 0.691419 -0.0184582 0.757278
0 0.695952 0.460173 0.699697 0.369554 0.601764 0.365506 0.598019 0.456125
0 0.700952 0.732628 0.713042 0.650549 0.552786 0.626943 0.540695 0.709022
0 1.00051 0.755259 1.00474 0.672128 0.975162 0.670622 0.970928 0.753753
0 0.374108 0.79001 0.486768 0.694872 0.441268 0.640992 0.328608 0.73613
0 1.00251 0.107019 1.0082 0.0307134 0.970535 0.0279047 0.964845 0.10421
0 1.00023 0.609841 1.00638 0.522551 0.969089 0.519923 0.962938 0.607214
0 0.415596 0.474354 0.449833 0.371132 0.302634 0.322308 0.268396 0.425531
0 0.0275061 0.823844 0.0316205 0.780897 -0.00442495 0.777444 -0.00853931 0.820391
0 0.609639 0.446244 0.613094 0.369365 0.550358 0.366547 0.546904 0.443425
0 0.486604 0.561393 0.499486 0.491993 0.434999 0.480023 0.422117 0.549423
0 0.751324 0.860381 0.778255 0.778576 0.70648 0.754947 0.679549 0.836753
0 0.449119 0.834697 0.537374 0.743272 0.48251 0.69031 0.394255 0.781736
0 0.519966 0.322845 0.670112 0.180172 0.493017 -0.00619816 0.342871 0.136475
0 0.999656 0.881076 1.00381 0.793816 0.98433 0.79289 0.980182 0.88015
0 0.863936 1.03958 0.913218 0.987292 0.826169 0.905248 0.776887 0.957535
0 0.0287034 0.443961 0.0411709 0.365175 -0.00932499 0.357184 -0.0217925 0.435971
0 0.633927 0.159575 0.709174 0.0673388 0.532721 -0.0766141 0.457473 0.0156222
0 0.447047 0.519441 0.457088 0.455597 0.394606 0.44577 0.384565 0.509614
0 0.983519 0.0557206 0.986281 -0.00193744 0.920095 -0.00510737 0.917334 0.0525506
0 0.28308 1.00242 0.393017 0.999365 0.391221 0.934717 0.281284 0.937771
0 0.511328 0.904694 0.598776 0.804182 0.51666 0.732739 0.429212 0.83325
0 0.666794 1.06326 0.742805 0.980028 0.666998 0.910797 0.590987 0.994027
0 -0.00112458 0.996856 0.022906 0.996716 0.0226193 0.9477 -0.00141125 0.94784
0 0.251197 0.0846651 0.376816 0.0183181 0.344027 -0.0437633 0.218408 0.0225838
0 0.902757 0.146501 0.908522 0.0398071 0.731488 0.0302418 0.725724 0.136936
0 0.290195 0.744661 0.33424 0.709134 0.312434 0.682098 0.268388 0.717626
0 0.924619 0.0289006 0.92494 -0.00132793 0.872266 -0.00188752 0.871945 0.028341
0 0.30016 0.0744937 0.334343 -0.00352598 0.256842 -0.0374815 0.22266 0.0405381
0 0.0186672 0.943548 0.0191752 0.88283 -0.0023339 0.88265 -0.00284185 0.943369
0 0.974323 0.18697 1.00431 0.186503 1.00313 0.110399 0.973137 0.110867
0 0.948269 0.990978 0.952293 0.936153 0.868042 0.929969 0.864018 0.984795
0 0.200773 0.491496 0.260179 0.445509 0.177097 0.338184 0.117691 0.384172
0 0.01947 0.894151 0.0205879 0.846932 -0.000610478 0.84643 -0.00172839 0.893649
0 0.988085 0.455266 1.00414 0.45471 1.00162 0.382226 0.985572 0.382782
