0 0.220557 0.776992 0.224842 0.706799 0.141164 0.701691 0.136879 0.771884
0 0.746518 0.553104 0.750907 0.461017 0.679328 0.457606 0.67494 0.549692
0 0.623604 0.388898 0.627558 0.302423 0.549368 0.298847 0.545414 0.385323
0 0.634627 0.260141 0.639232 0.172554 0.553823 0.168064 0.549218 0.25565
0 0.477781 0.974425 0.479405 0.886046 0.379833 0.884216 0.378209 0.972595
0 0.795677 0.68135 0.809367 0.59158 0.735016 0.580241 0.721325 0.670011
0 0.83064 0.41146 0.834562 0.323473 0.728362 0.318739 0.72444 0.406726
0 0.990193 0.40829 0.993635 0.355988 0.886216 0.348918 0.882773 0.401219
0 0.261212 0.0908142 0.267109 0.0119326 0.20089 0.00698222 0.194993 0.0858638
0 0.562513 0.538692 0.571511 0.440287 0.507186 0.434405 0.498188 0.53281
0 0.233543 0.713683 0.237569 0.645893 0.14219 0.640228 0.138164 0.708018
0 0.357885 0.815271 0.360581 0.729718 0.280294 0.727187 0.277598 0.81274
0 0.987943 0.466515 0.990019 0.403099 0.877795 0.399425 0.875718 0.462841
0 0.205175 0.989477 0.210819 0.935369 0.0976223 0.923561 0.0919782 0.977669
0 0.725299 0.805611 0.733735 0.726257 0.674939 0.720007 0.666503 0.79936
0 0.36475 0.92578 0.368199 0.867391 0.264506 0.861266 0.261057 0.919656
0 0.788101 0.841104 0.795311 0.728742 0.722172 0.724049 0.714962 0.836411
0 0.356387 0.985371 0.361455 0.9215 0.266367 0.913956 0.261299 0.977826
0 0.547375 0.385718 0.555023 0.29063 0.487148 0.285171 0.4795 0.380259
0 0.99639 0.260757 0.998808 0.168708 0.895485 0.165993 0.893067 0.258042
0 0.979392 0.359315 0.984581 0.297571 0.887784 0.289436 0.882595 0.35118
0 0.980157 0.692015 0.985189 0.605093 0.858995 0.597786 0.853963 0.684709
0 0.308073 0.36772 0.324007 0.274377 0.270796 0.265294 0.254862 0.358636
0 0.218311 0.882332 0.222183 0.828808 0.132796 0.822342 0.128924 0.875866
0 0.211754 0.938374 0.217387 0.879644 0.122948 0.870587 0.117315 0.929316
0 0.420219 0.106041 0.426535 0.0185633 0.346343 0.0127727 0.340026 0.100251
0 0.475813 0.247073 0.479586 0.169021 0.416497 0.16597 0.412723 0.244023
0 0.362884 0.873132 0.366922 0.813605 0.270505 0.807064 0.266467 0.866591
0 0.236236 0.649192 0.239731 0.585981 0.149427 0.580987 0.145931 0.644199
0 0.970083 0.563055 0.973423 0.50515 0.873219 0.499369 0.869879 0.557274
0 0.201967 0.0835874 0.206081 0.00753652 0.123218 0.00305433 0.119105 0.0791052
0 0.622005 0.65352 0.627066 0.562577 0.564107 0.559073 0.559045 0.650016
0 0.72703 0.667726 0.738517 0.570812 0.679843 0.563858 0.668357 0.660772
0 0.220162 0.831355 0.221977 0.7705 0.134939 0.767904 0.133125 0.828759
0 0.345338 0.0952694 0.349204 0.0118164 0.263107 0.00782793 0.259241 0.0912809
0 0.979917 0.509372 0.982625 0.462349 0.87604 0.456211 0.873333 0.503234
0 0.536673 0.65593 0.554958 0.572899 0.505702 0.562052 0.487417 0.645083
0 0.726179 0.131561 0.732108 0.0479194 0.673968 0.0437978 0.668039 0.127439
0 0.672397 0.66252 0.682491 0.565204 0.626553 0.559401 0.616459 0.656718
0 0.735016 0.291327 0.742369 0.182273 0.631099 0.174771 0.623746 0.283825
0 0.555664 0.259066 0.559453 0.170097 0.474136 0.166463 0.470346 0.255432
0 0.41916 0.257991 0.422881 0.16329 0.336755 0.159906 0.333034 0.254607
0 0.672863 0.394297 0.680719 0.312406 0.624887 0.307051 0.617032 0.388941
0 0.835503 0.317007 0.839186 0.193405 0.731708 0.190202 0.728025 0.313804
0 0.97071 0.60668 0.972376 0.556917 0.866939 0.553388 0.865273 0.603151
0 0.723278 0.398544 0.730052 0.314318 0.677718 0.310108 0.670943 0.394334
0 0.241017 0.592111 0.242041 0.530419 0.148541 0.528867 0.147517 0.590559
0 0.488278 0.378512 0.493687 0.277983 0.353388 0.270434 0.347979 0.370964
0 0.990814 0.832692 0.993255 0.741941 0.849931 0.738086 0.84749 0.828837
0 0.670904 0.119626 0.676752 0.0324427 0.618713 0.0285496 0.612865 0.115733
0 0.505168 0.510829 0.510244 0.435906 0.443829 0.431407 0.438753 0.50633
0 0.261576 0.232626 0.266963 0.144913 0.202339 0.140944 0.196951 0.228657
0 0.626559 0.541036 0.630626 0.443825 0.564447 0.441056 0.56038 0.538267
0 0.786377 0.94781 0.789319 0.836516 0.702101 0.83421 0.699158 0.945504
0 0.125271 0.0742706 0.126826 -0.00218464 0.035891 -0.00403478 0.0343355 0.0724204
0 0.360588 0.367124 0.365539 0.278554 0.317792 0.275885 0.312842 0.364455
0 0.938382 0.925241 0.941678 0.867612 0.84054 0.861826 0.837243 0.919455
0 0.467422 0.107115 0.475783 0.018984 0.423092 0.0139848 0.41473 0.102116
0 0.614659 0.118325 0.621594 0.0128215 0.558891 0.0086997 0.551956 0.114203
0 0.933928 0.977737 0.936752 0.920798 0.83495 0.915748 0.832125 0.972688
0 0.48623 0.642521 0.527246 0.55736 0.469236 0.529421 0.42822 0.614582
0 0.680441 0.54488 0.685206 0.452491 0.626356 0.449456 0.62159 0.541844
0 0.948659 0.873003 0.952394 0.815896 0.847738 0.809051 0.844003 0.866158
0 0.842683 0.154469 0.866253 0.0410173 0.734315 0.0136064 0.710745 0.127058
0 0.815959 0.54351 0.817365 0.463503 0.744526 0.462224 0.74312 0.54223
0 1.0005 0.181932 1.00267 0.12915 0.902377 0.12504 0.900214 0.177822
0 0.980991 0.301109 0.983959 0.252852 0.895526 0.247413 0.892557 0.295669
0 0.339066 0.246852 0.345232 0.152428 0.263441 0.147087 0.257275 0.24151
0 0.384609 0.737312 0.387369 0.599041 0.284706 0.596992 0.281947 0.735263
0 0.915296 1.00372 0.916216 0.971204 0.826185 0.968657 0.825265 1.00117
0 0.676964 0.823704 0.683519 0.717398 0.565358 0.710112 0.558803 0.816418
0 0.386949 0.781831 0.450815 0.72221 0.41068 0.679217 0.346814 0.738838
0 1.00102 0.138505 1.01407 0.031738 0.899156 0.0176849 0.8861 0.124452
0 0.571023 1.001 0.589566 0.880134 0.538404 0.872284 0.519861 0.993152
0 0.482982 0.857109 0.489781 0.7373 0.385446 0.73138 0.378647 0.851188
0 0.203381 0.239119 0.216787 0.15334 0.0540762 0.12791 0.0406698 0.213688
0 0.0439524 0.0692358 0.0455842 0.00219312 -0.00541782 0.000951752 -0.00704961 0.0679944
0 0.478306 1.00336 0.478523 0.967856 0.376305 0.967232 0.376089 1.00274
0 0.813946 0.594264 0.815118 0.533961 0.752282 0.532739 0.75111 0.593042
0 0.43643 0.602543 0.485574 0.53497 0.437686 0.500143 0.388543 0.567717
0 0.0308069 0.779912 0.0723661 0.741972 0.0106471 0.674366 -0.0309121 0.712307
0 0.395335 0.892597 0.482897 0.892425 0.482783 0.834423 0.395221 0.834595
0 1.0008 0.691235 1.00415 0.589876 0.968363 0.588694 0.965015 0.690053
0 0.251273 0.360615 0.278314 0.278649 0.20635 0.254907 0.179308 0.336874
0 0.619162 1.02073 0.660592 0.9051 0.541686 0.862498 0.500257 0.978128
0 0.358317 1.0019 0.358756 0.974374 0.256744 0.972748 0.256305 1.00028
0 0.610096 1.00605 0.664319 0.956241 0.570533 0.854141 0.516309 0.903949
0 0.409341 0.569732 0.468795 0.490883 0.340521 0.39416 0.281067 0.473009
0 0.187141 0.569921 0.253432 0.489521 0.162733 0.414739 0.0964432 0.495139
0 1.00108 0.858472 1.00297 0.758146 0.980197 0.757715 0.978299 0.858041
0 0.553659 0.105028 0.558974 0.0142941 0.471552 0.00917235 0.466237 0.0999058
0 0.723665 0.0425482 0.810132 0.0138487 0.79671 -0.0265898 0.710243 0.00210968
0 0.881316 0.064971 0.982947 0.0102781 0.956802 -0.0383041 0.855171 0.0163887
0 0.202836 1.00696 0.204045 0.978099 0.101821 0.973819 0.100612 1.00268
0 0.0505022 0.825935 0.0632596 0.758602 -0.00744247 0.745206 -0.0201999 0.812539
0 0.665762 1.03271 0.689737 0.964578 0.625266 0.941891 0.601292 1.01002
0 0.721322 0.887594 0.72476 0.827389 0.658927 0.82363 0.655489 0.883835
0 0.116586 0.891936 0.117987 0.823843 0.0509878 0.822465 0.0495869 0.890557
0 0.831085 0.332957 0.836799 0.277171 0.738743 0.267129 0.73303 0.322915
0 0.132087 0.717914 0.132802 0.659073 0.0811687 0.658446 0.0804545 0.717287
0 0.148807 0.662763 0.149431 0.606199 0.0863266 0.605503 0.0857025 0.662067
0 0.00797999 0.399801 0.0904754 0.278814 0.0141731 0.226787 -0.0683223 0.347774
0 0.922736 0.041767 0.925835 -0.0166447 0.855977 -0.0203508 0.852878 0.0380609
0 0.684107 0.76589 0.686899 0.720163 0.568659 0.712943 0.565867 0.75867
0 0.0422418 0.863803 0.0453019 0.81664 -0.00258516 0.813533 -0.00564522 0.860696
0 -0.00461379 0.930783 0.0418287 0.930402 0.0410361 0.83363 -0.0054064 0.83401
0 0.907795 0.0274239 0.909855 -0.00350645 0.860931 -0.00676474 0.858871 0.0241656
0 1.00063 0.900878 1.00119 0.851049 0.967224 0.850665 0.966661 0.900494
0 0.448855 0.480632 0.452655 0.438432 0.368063 0.430814 0.364263 0.473015
0 0.0478081 0.669957 0.0513862 0.592976 -0.00553748 0.59033 -0.00911565 0.667311
