0 0.234026 0.525113 0.236438 0.432423 0.140166 0.429917 0.137754 0.522607
0 0.236422 0.375348 0.238141 0.28214 0.144833 0.280419 0.143114 0.373627
0 0.482209 0.87235 0.486362 0.750881 0.398756 0.747886 0.394603 0.869355
0 0.247153 0.201233 0.2487 0.100624 0.142438 0.0989903 0.140891 0.1996
0 0.227979 0.767548 0.228366 0.685143 0.122382 0.684646 0.121996 0.767051
0 0.946161 0.602807 0.948111 0.529899 0.83572 0.526893 0.83377 0.599801
0 0.378383 0.199411 0.378409 0.11329 0.300659 0.113266 0.300633 0.199388
0 0.90414 0.922479 0.906747 0.852098 0.7883 0.847711 0.785693 0.918091
0 0.401729 0.400217 0.404558 0.270008 0.291658 0.267555 0.28883 0.397765
0 0.965528 0.388947 0.968896 0.26113 0.854346 0.258112 0.850978 0.385928
0 0.366959 0.62595 0.368091 0.51124 0.278321 0.510355 0.277189 0.625064
0 0.361908 0.744749 0.36247 0.625626 0.274062 0.625209 0.2735 0.744332
0 0.0737438 0.208399 0.0741094 0.119487 -0.000752815 0.119179 -0.0011184 0.208092
0 0.488045 0.747531 0.490027 0.638447 0.407059 0.63694 0.405078 0.746024
0 0.468408 0.996387 0.476999 0.871299 0.389759 0.865307 0.381167 0.990395
0 0.235924 0.436492 0.238935 0.371859 0.147016 0.367577 0.144005 0.432209
0 0.145998 0.20489 0.148135 0.111342 0.0714715 0.109591 0.069335 0.203139
0 0.922446 0.856282 0.924653 0.794997 0.796401 0.790378 0.794195 0.851663
0 0.488903 0.642021 0.494357 0.517316 0.414812 0.513838 0.409359 0.638542
0 0.250582 0.107427 0.252719 0.0197769 0.163689 0.0176066 0.161552 0.105256
0 0.232767 0.642859 0.234122 0.57922 0.125224 0.576901 0.123869 0.64054
0 0.928735 0.798443 0.9318 0.730922 0.799963 0.724938 0.796898 0.79246
0 0.359577 0.837563 0.359834 0.744362 0.2729 0.744123 0.272643 0.837324
0 0.372138 0.513182 0.373129 0.393725 0.284767 0.392991 0.283775 0.512448
0 0.934231 0.727432 0.936926 0.66251 0.821352 0.657713 0.818657 0.722634
0 0.128532 0.88751 0.223863 0.88746 0.223823 0.809937 0.128491 0.809987
0 0.941638 0.667465 0.944031 0.598634 0.834615 0.59483 0.832222 0.663661
0 0.624711 0.821229 0.628047 0.760217 0.53673 0.755224 0.533394 0.816236
0 0.620949 0.885649 0.621111 0.812935 0.53587 0.812745 0.535708 0.885459
0 0.23416 0.578706 0.235748 0.518755 0.130005 0.515955 0.128418 0.575906
0 0.644503 0.42345 0.65163 0.365 0.557996 0.353583 0.550869 0.412034
0 0.856923 0.34412 0.858136 0.262614 0.786685 0.261551 0.785472 0.343057
0 0.896466 1.00045 0.898122 0.917498 0.754207 0.914625 0.752551 0.997575
0 0.747049 0.996661 0.747888 0.901617 0.62798 0.900558 0.627141 0.995602
0 0.265096 0.997203 0.378864 0.996879 0.378482 0.862925 0.264714 0.86325
0 0.12845 0.692681 0.226363 0.692644 0.226342 0.635946 0.128429 0.635983
0 0.381011 0.105545 0.381331 0.0385611 0.303169 0.0381873 0.302848 0.105171
0 0.420193 0.201987 0.421039 0.132144 0.36482 0.131464 0.363974 0.201306
0 0.839447 0.53377 0.95233 0.533148 0.951759 0.429356 0.838876 0.429978
0 0.751722 0.862746 0.75584 0.729902 0.663277 0.727033 0.659159 0.859876
0 0.954234 0.442592 0.957927 0.385212 0.856698 0.378696 0.853005 0.436075
0 0.733565 0.342525 0.735116 0.266131 0.663984 0.264686 0.662432 0.34108
0 0.610609 0.934585 0.614248 0.882597 0.533692 0.876958 0.530053 0.928946
0 0.522893 1.00272 0.615418 1.00263 0.615342 0.921816 0.522816 0.921904
0 0.225795 0.818166 0.225933 0.760444 0.12454 0.760202 0.124403 0.817924
0 0.104683 0.888562 0.105212 0.824154 -0.0011218 0.82328 -0.00165069 0.887689
0 0.14632 0.363025 0.148375 0.282559 0.0885167 0.28103 0.0864617 0.361496
0 0.113902 0.977388 0.115575 0.897561 0.029934 0.895766 0.0282604 0.975593
0 0.499177 0.516238 0.501039 0.397436 0.422818 0.396209 0.420955 0.515011
0 0.648244 0.469052 0.649873 0.415649 0.556869 0.412813 0.555241 0.466216
0 0.394228 0.0487886 0.471993 0.0485339 0.471826 -0.00242398 0.394061 -0.00216931
0 0.794332 0.344545 0.794668 0.263587 0.727792 0.26331 0.727456 0.344267
0 0.414694 0.187199 0.493778 0.186197 0.492574 0.0911413 0.41349 0.092143
0 0.6287 0.763837 0.629877 0.709342 0.543111 0.707469 0.541934 0.761963
0 0.386301 0.0455776 0.386516 -0.00189043 0.306796 -0.00225145 0.306581 0.0452166
0 0.396136 0.0958313 0.474878 0.0945037 0.474004 0.042693 0.395263 0.0440206
0 1.00026 0.945123 1.00459 0.867422 0.974691 0.865754 0.970358 0.943456
0 0.0369589 0.535468 0.122911 0.534886 0.122298 0.444261 0.0363455 0.444843
0 0.218266 0.980778 0.219459 0.88279 0.113621 0.881501 0.112428 0.979489
0 0.655973 0.514516 0.656411 0.460323 0.557321 0.459523 0.556884 0.513717
0 0.540764 0.716183 0.648833 0.716071 0.64877 0.655425 0.540702 0.655536
0 0.0013774 0.354841 0.0465195 0.354405 0.0458038 0.280308 0.000661768 0.280744
0 1.00086 0.867961 1.00183 0.817158 0.974416 0.816635 0.973447 0.867437
0 0.0907717 0.35789 0.0911969 0.284447 0.0444952 0.284177 0.04407 0.357619
0 1.00061 1.00276 1.00242 0.940661 0.964894 0.939563 0.963078 1.00166
0 0.548994 0.572274 0.663476 0.571743 0.66313 0.497282 0.548648 0.497814
0 0.673011 0.373454 0.679185 0.269393 0.563779 0.262546 0.557605 0.366607
0 0.0389029 0.974412 0.0408923 0.90646 6.63192e-05 0.905265 -0.0019231 0.973217
0 0.659624 0.667209 0.660375 0.60976 0.548465 0.608297 0.547714 0.665746
0 0.496832 0.410042 0.527867 0.30555 0.401849 0.268122 0.370814 0.372614
0 1.00034 0.814229 1.00157 0.763918 0.982453 0.763451 0.981224 0.813762
0 0.892388 0.99572 0.895888 0.919921 0.809753 0.915944 0.806254 0.991743
0 0.0409336 0.508035 0.0416551 0.431193 -0.00413589 0.430763 -0.00485737 0.507605
0 0.134833 0.0238197 0.254461 0.0227404 0.254267 0.00120375 0.134639 0.00228311
0 1.00073 0.766096 1.0015 0.7017 0.985503 0.701508 0.984731 0.765904
0 0.665039 0.625273 0.666064 0.579714 0.549632 0.577093 0.548606 0.622652
0 0.494489 0.519399 0.495635 0.452513 0.421339 0.451241 0.420194 0.518127
0 0.349238 0.866818 0.349861 0.820511 0.274994 0.819504 0.274371 0.865811
0 0.0421403 0.429302 0.0425206 0.366382 -0.000647421 0.366121 -0.00102777 0.429041
0 0.0646524 0.82733 0.0660942 0.778575 -0.000636968 0.776602 -0.00207872 0.825357
0 0.372268 1.00395 0.372647 0.985061 0.281096 0.983224 0.280717 1.00211
0 0.059159 0.0683042 0.0596802 0.0133554 0.000846979 0.0127974 0.000325817 0.0677462
0 0.467095 1.00319 0.467465 0.987378 0.381491 0.985363 0.381121 1.00117
0 0.633064 1.00266 0.741911 1.00177 0.741758 0.983117 0.632911 0.984009
0 0.810985 0.677661 0.812554 0.433645 0.7091 0.43298 0.707531 0.676996
0 0.00150078 0.0283873 0.056199 0.0283837 0.0561971 -0.000358121 0.00149889 -0.000354537
0 0.978594 0.0481863 0.980459 -0.00693887 0.87614 -0.0104669 0.874276 0.0446582
0 0.99979 0.715055 1.00004 0.658065 0.985797 0.658002 0.985545 0.714992
0 0.823466 0.737004 0.823739 0.661515 0.706615 0.661091 0.706341 0.736579
