0 0.210843 0.379885 0.230235 0.247914 0.115101 0.230996 0.0957087 0.362966
0 0.196409 0.864448 0.269504 0.740884 0.202378 0.701176 0.129284 0.82474
0 0.601175 0.233409 0.707269 0.233331 0.707166 0.0922723 0.601072 0.09235
0 0.411169 0.203824 0.541445 0.193557 0.53612 0.125995 0.405844 0.136262
0 0.438844 0.365748 0.557921 0.365138 0.55735 0.253612 0.438273 0.254222
0 0.584671 0.101927 0.703724 0.099443 0.701895 0.0117511 0.582841 0.014235
0 0.0696916 0.811685 0.135114 0.691628 0.0506763 0.645615 -0.0147463 0.765672
0 0.139057 0.970801 0.165735 0.904992 0.086768 0.87298 0.0600899 0.938789
0 0.399361 0.98909 0.524753 0.849533 0.469725 0.80009 0.344332 0.939646
0 0.949039 0.625717 1.00402 0.625411 1.00335 0.505735 0.948375 0.50604
0 0.533682 0.144149 0.53404 0.0566901 0.375925 0.0560435 0.375567 0.143502
0 0.873554 0.377487 0.942525 0.267908 0.804673 0.181141 0.735701 0.29072
0 0.552522 0.2647 0.552609 0.195469 0.411435 0.19529 0.411348 0.264522
0 0.441099 0.49743 0.472649 0.401664 0.321223 0.351777 0.289673 0.447542
0 0.947827 0.275361 0.993078 0.200378 0.867376 0.124518 0.822125 0.199501
0 0.769754 0.625401 0.806323 0.408025 0.651187 0.381926 0.614617 0.599303
0 0.0563066 0.322874 0.103957 0.105311 0.0115068 0.0850633 -0.0361432 0.302626
0 0.241935 0.043847 0.249336 -0.0021763 0.142091 -0.0194231 0.13469 0.0266002
0 0.461226 0.818113 0.585583 0.689459 0.532851 0.638489 0.408494 0.767143
0 0.124127 0.120028 0.138056 0.00244237 0.00860517 -0.0128916 -0.0053233 0.104694
0 0.565927 0.547534 0.569174 0.466164 0.499662 0.463391 0.496416 0.54476
0 0.607741 0.346464 0.698678 0.34589 0.697949 0.230432 0.607011 0.231007
0 0.644179 1.00777 0.712767 0.882321 0.589404 0.814872 0.520816 0.940317
0 0.0575292 0.56085 0.0863628 0.43996 0.0106941 0.421912 -0.0181395 0.542802
0 0.922673 1.03772 1.01734 0.977563 0.943123 0.860763 0.848456 0.920916
0 0.127991 1.06147 0.170014 0.986355 0.0528194 0.920793 0.0107957 0.995913
0 0.57356 1.00903 0.605266 0.961378 0.52897 0.910611 0.497264 0.95826
0 0.907781 0.675639 0.977202 0.509861 0.845573 0.454741 0.776152 0.620518
0 0.830717 0.41943 0.867339 0.361326 0.765777 0.297311 0.729154 0.355415
0 0.992393 0.204604 1.0463 0.113608 0.925376 0.0419755 0.871471 0.132971
0 0.965777 0.53941 1.04176 0.428769 0.949988 0.365744 0.874004 0.476384
0 0.482244 0.481941 0.559614 0.481579 0.559048 0.360709 0.481678 0.361071
0 1.00534 0.435747 1.04101 0.326139 0.971195 0.303424 0.935532 0.413032
0 0.491366 0.518599 0.513304 0.428987 0.448573 0.413139 0.426634 0.502752
0 0.84872 0.949265 0.979918 0.892999 0.887368 0.677199 0.75617 0.733465
0 0.176599 0.92554 0.221197 0.858549 0.134785 0.801021 0.0901868 0.868012
0 0.504879 0.85224 0.611875 0.745027 0.563815 0.697064 0.456819 0.804277
0 0.29583 1.04613 0.378627 0.934291 0.314768 0.887014 0.231971 0.998848
0 0.304966 0.705744 0.376767 0.571336 0.304971 0.532982 0.23317 0.66739
0 0.503532 0.0514543 0.50441 -0.00117545 0.348543 -0.00377391 0.347666 0.0488558
0 0.150035 0.714003 0.190215 0.638459 0.0939813 0.587275 0.0538015 0.662819
0 0.0226664 0.922805 0.0776061 0.792186 -0.0113301 0.754779 -0.0662698 0.885398
0 0.556065 1.0183 0.565367 0.952794 0.486814 0.94164 0.477512 1.00715
0 0.145744 0.738364 0.294187 0.534797 0.182739 0.453528 0.0342969 0.657096
0 0.986742 0.208794 1.08794 0.0333716 0.965029 -0.0375269 0.863836 0.137895
0 0.722591 1.01921 0.725069 0.949784 0.639167 0.946718 0.636689 1.01615
0 0.397007 0.102822 0.518481 0.0977066 0.516089 0.0408993 0.394615 0.0460147
0 0.249872 0.42461 0.305999 0.292137 0.234111 0.261679 0.177984 0.394151
0 0.346415 1.05299 0.413546 0.951785 0.340534 0.903356 0.273403 1.00456
0 0.618792 0.429245 0.739832 0.428548 0.739299 0.335923 0.618259 0.33662
0 0.426327 0.757327 0.527221 0.646345 0.481561 0.604835 0.380667 0.715817
0 0.905829 0.308929 0.933916 0.262065 0.82365 0.195979 0.795562 0.242844
0 0.237854 0.605118 0.261735 0.515803 0.0891253 0.469652 0.0652448 0.558967
0 0.439393 0.0529088 0.518821 0.0523764 0.518464 -0.0008507 0.439036 -0.000318277
0 0.0479136 0.874034 0.0814786 0.800268 -0.00564641 0.760624 -0.0392115 0.83439
0 0.331409 0.852126 0.379342 0.747928 0.303041 0.712828 0.255108 0.817026
0 0.328958 0.219727 0.3346 0.114002 0.29477 0.111877 0.289128 0.217602
0 0.616342 0.0210788 0.727648 0.0206255 0.727554 -0.00261225 0.616248 -0.00215898
0 0.0242552 0.493643 0.0287217 0.420898 -0.000848252 0.419082 -0.00531481 0.491827
0 0.281796 0.43355 0.329115 0.333406 0.275914 0.308269 0.228595 0.408412
0 0.348045 0.0434462 0.353336 0.00117583 0.245525 -0.0123178 0.240234 0.0299526
0 0.699614 0.0168807 0.774768 0.0166494 0.774714 -0.000953833 0.69956 -0.000722459
0 0.0352528 0.920609 0.045233 0.843056 -0.00910432 0.836063 -0.0190846 0.913616
0 1.0208 0.114037 1.03861 0.00963003 0.934952 -0.00805085 0.917143 0.0963561
0 0.943434 0.0447798 0.946246 -0.00691301 0.855711 -0.0118388 0.852898 0.039854
