0 0.804632 0.386323 0.973939 0.304068 0.891216 0.208291 0.721909 0.290546
0 0.705963 0.249787 0.846476 0.185411 0.80156 0.130263 0.661046 0.194639
0 0.555772 0.4714 0.690196 0.37972 0.59375 0.300177 0.459327 0.391857
0 0.714554 0.682069 0.917018 0.564586 0.840625 0.490532 0.638161 0.608015
0 0.979954 0.956822 1.109 0.834937 0.972244 0.753491 0.843197 0.875377
0 0.692038 0.183313 0.799372 0.100503 0.6742 0.00924093 0.566865 0.0920508
0 0.448591 0.401135 0.653872 0.294868 0.571223 0.205061 0.365942 0.311329
0 0.741284 0.290594 0.889642 0.223219 0.851703 0.176227 0.703345 0.243601
0 0.136891 0.785853 0.189845 0.645074 -0.0140071 0.601942 -0.0669603 0.742721
0 0.162846 0.64217 0.318195 0.564771 0.165145 0.391976 0.00979605 0.469374
0 0.694661 0.550831 0.758631 0.436407 0.595568 0.385128 0.531598 0.499553
0 0.609575 0.950266 0.830502 0.851181 0.735362 0.731857 0.514435 0.830942
0 0.0106508 0.0412313 0.24888 0.0274567 0.244302 -0.0170752 0.0060732 -0.00330065
0 0.883432 0.489507 1.06101 0.401668 0.975064 0.303932 0.797486 0.39177
0 0.386047 0.314648 0.514475 0.241504 0.474606 0.202127 0.346177 0.275271
0 0.259642 0.893951 0.492691 0.743918 0.37757 0.643332 0.144521 0.793365
0 0.305823 0.712251 0.37961 0.620624 0.244319 0.55934 0.170532 0.650967
0 1.00993 0.971316 1.01479 0.913283 0.954931 0.910464 0.950072 0.968497
0 0.555343 0.812353 0.686942 0.759603 0.657027 0.717622 0.525427 0.770372
0 0.81005 0.853819 0.87092 0.826349 0.798935 0.736624 0.738066 0.764093
0 0.361158 0.278802 0.515236 0.188099 0.460732 0.136018 0.306653 0.226721
0 0.573445 0.0466122 0.724168 0.0449206 0.723135 -0.00684922 0.572412 -0.00515761
0 0.646267 0.605755 0.760866 0.541237 0.721134 0.501539 0.606535 0.566057
0 0.508662 1.00452 0.690786 1.00251 0.688871 0.904994 0.506747 0.907006
