0 0.414571 0.17438 0.442562 -0.0575633 0.205754 -0.086141 0.177763 0.145802
0 0.292073 0.239121 0.376132 0.238381 0.375394 0.154594 0.291336 0.155333
0 0.853237 0.636218 0.98082 0.55388 0.919026 0.45813 0.791443 0.540469
0 0.0557675 0.781884 0.114955 0.653245 0.0209835 0.610008 -0.0382038 0.738648
0 0.779425 0.499896 0.885238 0.434997 0.85148 0.379957 0.745667 0.444856
0 0.0871559 0.499321 0.24462 0.350474 0.0308028 0.12428 -0.126661 0.273127
0 0.178509 0.538253 0.186269 0.402909 0.0565885 0.395474 0.0488286 0.530818
0 0.666878 0.721388 0.767678 0.629696 0.695312 0.550141 0.594512 0.641833
0 0.359478 1.04185 0.398191 0.892937 0.218069 0.846109 0.179356 0.99502
0 0.78519 0.932475 0.93815 0.815579 0.880808 0.740546 0.727847 0.857442
0 0.766303 0.432527 0.849604 0.347322 0.754927 0.254761 0.671626 0.339966
0 0.586197 0.651029 0.740318 0.544751 0.678548 0.455172 0.524426 0.56145
0 0.806003 0.540706 0.917747 0.472746 0.88922 0.42584 0.777476 0.4938
0 0.711791 0.306879 0.787615 0.267723 0.699605 0.0972951 0.623781 0.136451
0 0.145217 0.652824 0.162948 0.593225 0.0349663 0.555151 0.0172361 0.61475
0 0.374356 0.881147 0.480801 0.823294 0.376996 0.632302 0.270551 0.690155
0 0.940355 0.163897 1.01256 0.114408 0.945451 0.0164832 0.873242 0.0659724
0 0.47263 0.96578 0.537132 0.875928 0.439826 0.806076 0.375325 0.895929
0 0.771528 0.800064 0.818531 0.6858 0.696398 0.63556 0.649395 0.749824
0 0.14899 1.00611 0.243915 1.00276 0.242117 0.951804 0.147192 0.955153
0 0.912714 0.739839 1.04621 0.651556 0.981456 0.553643 0.847962 0.641926
0 0.53935 0.564735 0.635848 0.491443 0.605911 0.452028 0.509413 0.525319
0 0.643993 0.116308 0.680962 0.0421867 0.632814 0.0181721 0.595845 0.0922939
0 0.0553456 0.838607 0.0759307 0.791311 -0.0101008 0.753867 -0.0306859 0.801163
0 0.0312716 0.875519 0.0788897 0.786754 -0.00411856 0.742224 -0.0517367 0.83099
0 0.58769 0.268406 0.66807 0.1273 0.610564 0.0945423 0.530184 0.235648
0 0.992188 0.293391 1.0666 0.238094 0.975356 0.115317 0.900946 0.170615
0 0.910708 0.0893688 0.959528 0.00108249 0.874337 -0.0460254 0.825517 0.0422609
0 0.920345 0.290395 1.00477 0.288519 1.00089 0.113899 0.916465 0.115775
0 -0.00136874 0.159931 0.0282079 0.159149 0.0264868 0.0940238 -0.00308982 0.0948054
0 0.520479 0.528575 0.633204 0.440439 0.59585 0.392664 0.483125 0.4808
0 0.036218 0.876149 0.0563937 0.819591 -0.00196417 0.798773 -0.0221398 0.855332
0 0.0315711 0.918032 0.0329721 0.855778 -0.000177135 0.855032 -0.00157811 0.917286
0 0.425634 1.0108 0.604501 1.00598 0.601033 0.877304 0.422166 0.882125
0 0.734979 0.855942 0.820906 0.791323 0.790888 0.751407 0.704961 0.816026
0 0.936401 0.116659 1.00165 0.11602 1.0005 -0.00164541 0.935248 -0.00100581
0 0.674407 1.00056 0.783501 0.998043 0.782088 0.936721 0.672993 0.939236
