0 0.338778 0.713792 0.449674 0.712738 0.448851 0.558889 0.337955 0.559944
0 1.00281 0.566371 1.00347 0.428687 0.91555 0.427941 0.914893 0.565625
0 0.889826 0.270204 0.890295 0.159758 0.805545 0.159118 0.805076 0.269564
0 0.357456 0.287932 0.461382 0.28623 0.460093 0.14627 0.356166 0.147972
0 0.767305 0.813179 0.884366 0.812846 0.884086 0.638109 0.767025 0.638443
0 0.629829 0.238068 0.630265 0.0945533 0.527963 0.0940007 0.527527 0.237515
0 0.698963 0.272872 0.699975 0.172155 0.625982 0.170833 0.62497 0.271549
0 0.884226 0.262181 0.965288 0.261847 0.965021 0.146541 0.883958 0.146876
0 0.557418 0.595304 0.668094 0.593422 0.666715 0.449286 0.556039 0.451168
0 0.794959 0.281494 0.796042 0.0701916 0.69109 0.0692353 0.690007 0.280537
0 0.818066 0.63337 0.926156 0.632531 0.925533 0.489756 0.817443 0.490595
0 0.625761 0.104195 0.62663 -0.00210817 0.531759 -0.00348684 0.53089 0.102816
0 0.443088 0.670694 0.563957 0.670052 0.56346 0.50374 0.442591 0.504382
0 0.264838 0.301109 0.363085 0.300346 0.36251 0.168814 0.264264 0.169576
0 0.811192 0.27612 0.813571 0.179639 0.773312 0.177874 0.770933 0.274356
0 0.361778 0.0770372 0.451161 0.0761376 0.450701 -0.005137 0.361318 -0.00423732
0 0.455426 0.788771 0.547097 0.787887 0.546379 0.655444 0.454707 0.656329
0 0.783309 0.0473673 0.785609 0.00112279 0.675833 -0.00858609 0.673533 0.0376584
0 0.952851 0.250664 1.00386 0.250657 1.00384 0.0225408 0.952834 0.0225476
0 0.418481 0.982808 0.423245 0.834369 0.330549 0.82908 0.325784 0.977519
0 0.347074 1.00954 0.436242 1.00564 0.43509 0.958787 0.345922 0.962684
0 0.427483 1.00954 0.504817 1.00797 0.503914 0.928807 0.42658 0.930376
0 0.36982 0.977445 0.429089 0.966197 0.411735 0.803642 0.352467 0.81489
