0 0.205331 0.423788 0.269621 0.387419 0.194936 0.313155 0.130646 0.349524
0 0.190468 0.200841 0.244377 0.164086 0.1782 0.109488 0.124291 0.146244
0 0.269626 0.38229 0.326128 0.348057 0.251245 0.278536 0.194743 0.312769
0 0.470533 0.501871 0.531196 0.465464 0.454376 0.393462 0.393712 0.429869
0 0.30582 0.60826 0.366079 0.562602 0.29842 0.512374 0.238162 0.558032
0 0.238747 0.170846 0.306756 0.135382 0.243559 0.0672112 0.17555 0.102675
0 0.386092 0.315484 0.440382 0.286144 0.37169 0.214648 0.317401 0.243988
0 0.435047 0.288323 0.505052 0.253723 0.445361 0.185788 0.375355 0.220389
0 0.418495 0.537492 0.47697 0.506438 0.421717 0.447913 0.363242 0.478967
0 0.381863 0.822156 0.481908 0.742103 0.393277 0.679798 0.293232 0.75985
0 0.132001 0.231061 0.187766 0.192489 0.13096 0.146294 0.0751954 0.184866
0 0.475792 0.754756 0.525442 0.707557 0.453612 0.665055 0.403962 0.712254
0 0.530378 0.467785 0.589742 0.432858 0.531579 0.37725 0.472214 0.412177
0 0.501026 0.251937 0.57188 0.213369 0.505433 0.144704 0.434578 0.183272
0 0.0670309 0.261506 0.124447 0.222126 0.0653104 0.173627 0.00789406 0.213007
0 0.578718 0.677523 0.641026 0.64675 0.587953 0.586302 0.525645 0.617076
0 0.693559 0.606707 0.746181 0.570523 0.674105 0.511561 0.621483 0.547745
0 0.634102 0.397113 0.732529 0.335553 0.667907 0.277433 0.56948 0.338993
0 0.529947 0.717754 0.585575 0.674599 0.515038 0.623453 0.459409 0.666608
0 0.296522 0.138689 0.36351 0.108979 0.309254 0.0401671 0.242266 0.0698771
0 0.00482416 0.289815 0.0671146 0.252437 0.00999562 0.198893 -0.0522948 0.236271
0 0.764966 0.229318 0.897712 0.165598 0.848109 0.10747 0.715362 0.17119
0 0.323503 0.352941 0.390652 0.318175 0.320772 0.242254 0.253623 0.27702
0 0.212 0.671107 0.31721 0.595778 0.235445 0.531541 0.130235 0.606871
0 0.741261 0.565392 0.801908 0.525515 0.727546 0.4619 0.666899 0.501777
0 0.639249 0.65239 0.702954 0.621867 0.63244 0.539082 0.568735 0.569605
0 0.708328 0.470207 0.784237 0.420482 0.74094 0.383304 0.665032 0.433029
0 0.144229 0.455334 0.214101 0.416745 0.139152 0.34041 0.06928 0.378999
0 0.791899 0.535947 0.872191 0.495493 0.798567 0.413296 0.718274 0.453751
0 0.699134 0.144692 0.832342 0.0541946 0.70995 -0.0471436 0.576741 0.0433538
0 0.384479 0.106229 0.443065 0.0436792 0.369533 0.00493846 0.310947 0.0674888
0 0.181609 0.946255 0.262166 0.910576 0.191611 0.820969 0.111054 0.856648
0 0.0450428 0.792296 0.110467 0.688707 -0.00386153 0.64809 -0.0692857 0.751679
0 0.716619 0.177983 0.842769 0.119579 0.800514 0.0682399 0.674364 0.126644
0 -0.00108983 0.0580514 0.0400937 0.0573903 0.0384437 -0.000423355 -0.00273988 0.000237817
0 0.666074 0.891999 0.866618 0.743202 0.776432 0.67483 0.575887 0.823626
0 0.5845 0.433606 0.650651 0.395825 0.578727 0.324989 0.512577 0.362771
0 0.362899 0.570391 0.422712 0.53033 0.355728 0.474073 0.295914 0.514135
0 0.336247 1.00558 0.453352 1.0036 0.451797 0.952012 0.334692 0.953998
0 0.104147 1.01032 0.139332 0.953521 0.0408064 0.919189 0.00562116 0.975987
0 0.186562 0.320762 0.244098 0.279648 0.195573 0.241451 0.138038 0.282565
0 0.141586 0.980683 0.193222 0.941429 0.134807 0.898205 0.0831704 0.937459
0 0.0649952 1.00215 0.0658242 0.96347 0.0018854 0.962699 0.00105641 1.00138
0 0.925472 0.426984 1.00459 0.425239 1.00061 0.323782 0.921493 0.325528
0 0.0196545 0.0333465 0.105043 0.0326059 0.104485 -0.0035839 0.0190965 -0.00284333
0 0.915566 0.995813 1.00522 0.994194 1.00183 0.888739 0.91218 0.890358
0 1.01378 1.00191 1.03483 0.901405 0.95745 0.892288 0.936397 0.992797
0 0.260174 0.0342481 0.337514 0.0333136 0.336679 -0.00556059 0.259339 -0.004626
0 0.337688 0.476709 0.375691 0.455743 0.330407 0.409571 0.292404 0.430537
0 0.0387008 0.678181 0.0399556 0.631004 -0.00232083 0.630372 -0.0035757 0.677548
0 0.352973 0.527377 0.424164 0.477476 0.377798 0.440268 0.306607 0.490168
0 0.829123 0.760274 0.901579 0.722092 0.833041 0.648934 0.760586 0.687115
