0 0.374213 1.01487 0.407978 0.882535 0.302788 0.867438 0.269023 0.999776
0 0.46446 0.15875 0.517925 0.108364 0.442444 0.0633109 0.388978 0.113697
0 0.361632 0.492862 0.400622 0.433761 0.318886 0.403429 0.279896 0.46253
0 0.714436 0.28795 0.775456 0.195142 0.655343 0.15072 0.594323 0.243528
0 0.512951 0.124013 0.595007 0.0763783 0.522072 0.00570485 0.440015 0.0533392
0 0.154023 0.320547 0.220282 0.279987 0.172896 0.236443 0.106637 0.277003
0 0.210865 0.285558 0.279875 0.250273 0.242238 0.208868 0.173228 0.244153
0 0.567178 0.353887 0.622314 0.316428 0.566324 0.270071 0.511189 0.30753
0 0.233288 0.553105 0.344978 0.492591 0.289102 0.43458 0.177412 0.495094
0 0.540672 0.661113 0.588599 0.608389 0.510715 0.568565 0.462787 0.621288
0 0.84879 0.446698 0.928474 0.41129 0.856886 0.320667 0.777201 0.356075
0 0.692151 0.55959 0.754079 0.51848 0.675311 0.451736 0.613383 0.492846
0 0.880051 0.170641 0.983275 0.0949527 0.900855 0.0317251 0.797631 0.107413
0 0.482751 0.701177 0.518236 0.630008 0.418673 0.602084 0.383188 0.673254
0 0.14389 0.808886 0.157048 0.745041 -0.0035363 0.726425 -0.016694 0.790271
0 0.214295 0.986899 0.238161 0.828855 0.111788 0.81812 0.0879212 0.976165
0 0.973334 0.11422 1.04287 0.0549256 0.97145 0.00781034 0.901912 0.0671046
0 0.511027 0.385693 0.573212 0.333911 0.492038 0.279078 0.429854 0.33086
0 0.137702 0.0746039 0.169477 0.0165175 0.107021 -0.00270022 0.0752466 0.0553862
0 0.750379 0.518249 0.805669 0.478157 0.72705 0.417169 0.671759 0.457261
0 0.789293 0.780594 1.02883 0.602549 0.945971 0.539841 0.706431 0.717886
0 0.616417 0.320995 0.684547 0.271837 0.618886 0.220649 0.550757 0.269807
0 0.560735 0.634066 0.651418 0.572792 0.578402 0.512007 0.487719 0.573281
0 0.355516 0.202844 0.45071 0.152984 0.404555 0.103415 0.309361 0.153275
0 0.183884 0.0478733 0.235278 0.00250783 0.187433 -0.0279821 0.136038 0.0173833
0 0.645873 0.589163 0.690717 0.537768 0.633382 0.509627 0.588537 0.561023
0 0.0618554 0.115032 0.115115 0.0471756 0.0207549 0.00551582 -0.0325044 0.0733719
0 0.099902 0.98221 0.134575 0.792772 0.0246362 0.781453 -0.0100363 0.970892
0 0.810145 0.4799 0.85903 0.438721 0.800875 0.399888 0.75199 0.441067
0 0.248023 1.00671 0.249893 0.979103 0.125258 0.974354 0.123388 1.00196
0 0.267927 0.247381 0.330451 0.215584 0.305298 0.187764 0.242775 0.21956
0 0.653394 0.194658 0.7107 0.15148 0.637092 0.0965284 0.579787 0.139706
0 -0.00581657 1.00041 0.0660661 1.0003 0.065791 0.902715 -0.00609166 0.902829
0 0.081216 0.386965 0.170685 0.299701 0.0191319 0.212297 -0.0703375 0.299561
0 0.444714 1.01032 0.465638 0.916553 0.393698 0.907522 0.372773 1.00129
0 0.0355912 0.126212 0.0357305 0.0716971 -0.00363628 0.0716405 -0.00377557 0.126156
0 0.0993654 0.0377576 0.107039 -0.00452696 0.0536157 -0.00998075 0.0459417 0.0323038
0 0.0476447 0.122712 0.0508328 0.0572758 -0.00812183 0.0556602 -0.0113099 0.121097
0 0.94496 0.931477 1.00053 0.930479 0.998256 0.859324 0.942687 0.860323
0 0.394186 0.464304 0.460384 0.427893 0.385817 0.351638 0.31962 0.38805
0 0.748931 0.685287 0.894964 0.580727 0.834523 0.533244 0.68849 0.637804
0 0.387603 0.602579 0.426504 0.570579 0.373269 0.534177 0.334368 0.566178
0 0.956954 0.281367 1.00277 0.281001 1.002 0.226492 0.956179 0.226859
0 -0.00235854 0.605034 0.025429 0.604629 0.0240262 0.550465 -0.00376131 0.55087
0 0.302124 0.21218 0.436681 0.149693 0.38251 0.0840784 0.247953 0.146566
0 1.00618 0.875711 1.00651 0.807932 0.950359 0.807775 0.950023 0.875554
0 0.187477 0.227645 0.230098 0.205226 0.187808 0.160002 0.145187 0.18242
0 1.00082 0.586705 1.00259 0.510434 0.928469 0.509468 0.926701 0.585739
