0 0.932749 0.997386 0.979102 0.953568 0.907285 0.818504 0.860931 0.862322
0 0.920545 0.335041 0.964502 0.293813 0.92052 0.210448 0.876563 0.251677
0 0.964556 0.946446 1.01124 0.906192 0.964103 0.809027 0.917424 0.849281
0 0.240536 0.527613 0.242729 0.429264 0.169311 0.426354 0.167118 0.524702
0 0.833277 0.633665 0.920077 0.500007 0.833412 0.39995 0.746612 0.533607
0 0.327311 0.210527 0.416477 0.151238 0.395056 0.0939651 0.30589 0.153254
0 0.780555 0.648748 0.820117 0.613132 0.758204 0.490868 0.718641 0.526484
0 0.178126 0.550515 0.18065 0.475062 0.118768 0.471383 0.116244 0.546836
0 0.303548 0.502938 0.318873 0.401124 0.236311 0.37903 0.220985 0.480845
0 0.651962 0.551371 0.744731 0.550705 0.744217 0.423427 0.651448 0.424093
0 0.291802 0.660661 0.369427 0.618564 0.328323 0.483822 0.250699 0.525919
0 0.223909 0.694842 0.289516 0.666197 0.257975 0.537769 0.192368 0.566414
0 0.246595 0.154371 0.259739 0.0261663 0.15386 0.00686854 0.140717 0.135073
0 0.609685 0.464442 0.677947 0.387958 0.609161 0.278817 0.540899 0.3553
0 0.942841 0.51268 0.994302 0.473158 0.951569 0.37424 0.900108 0.413763
0 0.613442 0.282539 0.668407 0.200573 0.611651 0.132912 0.556686 0.214878
0 0.206407 0.992629 0.347407 0.967759 0.339411 0.887162 0.198411 0.912031
0 0.0849132 0.452993 0.132216 0.426702 0.103621 0.335241 0.056319 0.361532
0 0.339725 0.829274 0.412286 0.739033 0.33264 0.625182 0.26008 0.715423
0 0.0153543 0.989797 0.0923738 0.92493 0.0582465 0.852893 -0.018773 0.91776
0 0.126351 0.431172 0.197433 0.398934 0.178516 0.324781 0.107434 0.357019
0 0.0803123 0.486551 0.0831774 0.377683 -0.00440653 0.373586 -0.00727158 0.482453
0 0.0655162 0.893004 0.0664212 0.804437 -0.00680574 0.803106 -0.00771069 0.891673
0 0.375817 0.324275 0.517858 0.208027 0.467171 0.0979241 0.32513 0.214173
0 0.334431 0.471501 0.389675 0.413923 0.339977 0.329154 0.284733 0.386732
0 0.707461 0.714862 0.760514 0.67653 0.71275 0.559005 0.659697 0.597337
0 0.874334 0.364322 0.918673 0.33168 0.878704 0.235163 0.834365 0.267805
0 -0.0127337 0.39069 0.0586832 0.390452 0.0584333 0.257032 -0.0129837 0.25727
0 0.444828 0.389925 0.538637 0.313282 0.504454 0.238903 0.410646 0.315546
0 0.615936 0.12007 0.661907 0.0817847 0.605519 -0.038584 0.559548 -0.000298255
0 0.431085 0.996934 0.484866 0.941072 0.421588 0.832768 0.367807 0.88863
0 0.605872 0.650642 0.666117 0.590996 0.600602 0.473354 0.540357 0.533
0 0.745723 0.500085 0.859451 0.425218 0.823895 0.329197 0.710167 0.404064
0 0.822784 0.788844 0.867917 0.755068 0.819592 0.640267 0.774459 0.674043
0 0.153583 0.287335 0.248315 0.229296 0.221105 0.150342 0.126373 0.20838
0 0.438284 0.565273 0.493745 0.485451 0.426868 0.402844 0.371407 0.482666
0 0.484825 0.961359 0.537511 0.914744 0.480923 0.801039 0.428236 0.847654
0 0.388659 0.606774 0.430197 0.57818 0.38681 0.466133 0.345272 0.494727
0 0.156299 0.812512 0.279174 0.752978 0.261761 0.689087 0.138886 0.748621
0 0.776534 0.863068 0.839782 0.815485 0.781859 0.678608 0.718611 0.726191
0 0.83453 0.4067 0.884208 0.362292 0.838558 0.271505 0.78888 0.315913
0 0.0429946 0.633093 0.136938 0.632043 0.136171 0.510028 0.0422276 0.511078
0 0.866444 0.770658 0.921953 0.723714 0.863161 0.600124 0.807652 0.647068
0 0.332165 0.870344 0.412057 0.820114 0.391568 0.76218 0.311676 0.812409
0 0.720982 0.383869 0.755437 0.251499 0.652422 0.20383 0.617967 0.3362
0 0.153633 0.733486 0.158579 0.624893 0.0716201 0.617852 0.0666745 0.726445
0 0.671748 0.757928 0.725647 0.70269 0.655383 0.580803 0.601483 0.636041
0 0.782372 0.948567 0.87526 0.870286 0.843281 0.802827 0.750393 0.881109
0 0.535805 0.909878 0.680119 0.777308 0.619218 0.659449 0.474904 0.792019
0 0.398196 1.03326 0.435236 0.989194 0.381474 0.908864 0.344434 0.952934
0 0.965946 0.841411 1.0176 0.76199 0.939731 0.671945 0.888073 0.751366
0 0.0499131 0.122925 0.1065 0.0222999 0.038907 -0.0452753 -0.0176798 0.0553499
0 0.638654 0.586263 0.682025 0.553178 0.634606 0.44267 0.591235 0.475755
0 0.3052 0.165042 0.395734 0.101396 0.372057 0.0415218 0.281523 0.105168
0 0.473495 0.658507 0.552516 0.600467 0.525035 0.53395 0.446014 0.59199
0 0.429757 0.718959 0.456469 0.646273 0.397361 0.607657 0.37065 0.680343
0 0.658759 0.239708 0.705385 0.206922 0.662638 0.0988483 0.616012 0.131634
0 -0.00679915 1.00813 0.103267 1.00694 0.102849 0.9381 -0.00721699 0.939288
0 0.566875 0.184109 0.583916 0.108369 0.525736 0.0850983 0.508695 0.160837
0 0.96149 0.586916 1.01077 0.585214 1.00904 0.496126 0.959759 0.497828
0 0.156194 0.930072 0.20579 0.906387 0.194298 0.863604 0.144702 0.88729
0 0.18567 0.997488 0.227777 0.959768 0.195905 0.896516 0.153797 0.934236
0 1.00703 0.878134 1.00864 0.78043 0.962058 0.779069 0.960451 0.876772
0 0.571713 0.486676 0.61032 0.448089 0.565826 0.368949 0.52722 0.407535
0 -0.00537575 0.812837 0.042881 0.801682 0.0266958 0.6772 -0.021561 0.688354
0 0.907366 0.533643 0.950189 0.496742 0.909946 0.413717 0.867122 0.450619
0 1.00255 1.00581 1.0034 0.953454 0.967098 0.9524 0.966243 1.00476
0 0.902931 1.04497 0.918451 0.923638 0.816165 0.900378 0.800644 1.02171
0 0.100931 0.0519115 0.205838 0.0224484 0.19757 -0.0298865 0.0926633 -0.000423471
0 0.286752 0.114463 0.37724 0.0545911 0.353831 -0.00830714 0.263342 0.0515643
0 0.996544 0.698036 1.04582 0.604496 0.95438 0.518856 0.905102 0.612397
0 0.511574 1.07435 0.705567 0.863835 0.659874 0.788979 0.465881 0.999496
0 0.80683 0.99534 0.877059 0.945105 0.852262 0.883476 0.782033 0.933711
0 0.616324 0.845636 0.674282 0.773526 0.609294 0.680668 0.551337 0.752777
0 0.204073 0.697145 0.235451 0.640139 0.180571 0.586436 0.149193 0.643443
0 0.549456 0.494379 0.550367 0.417656 0.493251 0.416451 0.492341 0.493174
0 0.213386 1.01796 0.350904 0.999326 0.346208 0.937705 0.208689 0.956337
0 0.0638892 0.642639 0.144422 0.623613 0.135149 0.553838 0.0546166 0.572864
0 0.173941 0.725968 0.23666 0.674377 0.199761 0.594631 0.137042 0.646222
0 1.0251 0.31084 1.03094 0.163954 0.931861 0.156955 0.926025 0.303842
0 0.723999 1.05197 0.789764 0.997529 0.700407 0.805628 0.634641 0.860069
0 0.0607378 0.211643 0.141061 0.170032 0.101603 0.0346244 0.0212798 0.0762356
0 0.036904 0.311963 0.0403447 0.23078 -0.0112308 0.226894 -0.0146715 0.308077
0 0.51993 0.691924 0.580944 0.633568 0.552514 0.580724 0.4915 0.63908
0 0.389421 0.790977 0.431455 0.75683 0.370987 0.624502 0.328953 0.658649
0 0.869898 0.201563 1.03372 0.0604871 0.973776 -0.0632577 0.809956 0.077818
0 0.226853 1.01971 0.357182 1.00706 0.354528 0.958442 0.224199 0.97109
0 0.297346 0.212033 0.299064 0.1391 0.240826 0.136661 0.239108 0.209595
0 0.0373645 1.00404 0.105523 1.00273 0.105066 0.960271 0.0369071 0.961577
0 0.577226 0.157903 0.624043 0.116384 0.55869 -0.0146259 0.511872 0.0268933
0 0.937611 0.385357 1.00737 0.380509 1.00075 0.211258 0.930994 0.216107
0 0.985041 0.480905 1.03397 0.441096 0.981666 0.326831 0.932742 0.36664
0 0.25034 0.312806 0.341496 0.251352 0.31199 0.173543 0.220834 0.234996
0 0.43548 0.11358 0.545306 0.0514633 0.52292 -0.0189016 0.413094 0.0432154
0 0.763481 0.907318 0.811663 0.855477 0.733865 0.726933 0.685684 0.778774
0 0.783922 0.415359 0.832428 0.360525 0.796291 0.303695 0.747785 0.358529
0 0.967191 0.24509 1.00511 0.243036 1.00243 0.154995 0.964509 0.157048
0 0.766629 0.445939 0.832886 0.376522 0.790834 0.305165 0.724576 0.374582
0 -0.0029974 0.0937685 0.0415666 0.0917571 0.0392719 0.00137318 -0.00529213 0.0033846
0 0.559473 0.721103 0.599975 0.632256 0.530444 0.575908 0.489942 0.664755
