0 0.529675 1.01581 0.556129 0.881877 0.477893 0.866423 0.451438 1.00035
0 0.598255 0.158765 0.638519 0.108644 0.581994 0.063236 0.54173 0.113357
0 0.211095 0.869833 0.223229 0.774399 0.0882092 0.757231 0.0760749 0.852665
0 0.341921 0.37347 0.370784 0.262781 0.242117 0.229231 0.213254 0.33992
0 0.785821 0.287952 0.831593 0.195149 0.741512 0.15072 0.69574 0.243522
0 0.521231 0.49305 0.550728 0.433949 0.488974 0.403129 0.459477 0.46223
0 0.634718 0.124045 0.696249 0.0764265 0.6415 0.0056818 0.579969 0.0533004
0 0.367505 0.320656 0.41545 0.278454 0.377848 0.235735 0.329903 0.277937
0 0.408565 0.285729 0.460044 0.25018 0.431312 0.208573 0.379833 0.244121
0 0.425297 0.553664 0.509239 0.492348 0.466492 0.433827 0.38255 0.495142
0 0.675389 0.353877 0.716729 0.316431 0.674748 0.270085 0.633408 0.307532
0 0.655499 0.661101 0.691453 0.608408 0.633067 0.56857 0.597113 0.621263
0 0.886594 0.4467 0.946357 0.411295 0.892667 0.320669 0.832904 0.356074
0 0.769114 0.559589 0.815558 0.518478 0.75648 0.451738 0.710037 0.492849
0 0.910036 0.170641 0.987461 0.094945 0.925648 0.0317198 0.848223 0.107416
0 0.612131 0.701293 0.638865 0.630114 0.564077 0.602024 0.537342 0.673203
0 0.220013 0.185152 0.231463 0.0818891 0.12378 0.0699493 0.11233 0.173212
0 0.358147 0.809131 0.368401 0.744519 0.236179 0.723536 0.225925 0.788148
0 0.980012 0.114222 1.03215 0.0549161 0.978575 0.00781016 0.926434 0.0671161
0 0.633105 0.385722 0.679849 0.334209 0.619082 0.279067 0.572337 0.33058
0 0.355558 0.0738759 0.376294 0.0148056 0.327885 -0.00218798 0.307149 0.0568823
0 0.40976 0.987111 0.429514 0.828467 0.335939 0.816815 0.316185 0.975459
0 0.812784 0.518249 0.854253 0.478157 0.795292 0.417172 0.753823 0.457264
0 0.841965 0.780591 1.02162 0.602552 0.959474 0.539843 0.77982 0.717882
0 0.712292 0.320991 0.763408 0.271851 0.714183 0.220646 0.663067 0.269786
0 0.670549 0.634058 0.738537 0.572805 0.68378 0.512027 0.615792 0.57328
0 0.516758 0.202738 0.58804 0.153005 0.553441 0.103414 0.482159 0.153147
0 0.391787 0.0477483 0.425545 0.000218257 0.386116 -0.0277864 0.352358 0.0197436
0 0.734416 0.589163 0.768034 0.537755 0.725026 0.509631 0.691409 0.56104
0 0.857607 0.4799 0.894273 0.438722 0.850658 0.399886 0.813992 0.441065
0 0.436952 1.00696 0.4384 0.979246 0.34428 0.97433 0.342832 1.00204
0 0.450747 0.247373 0.497804 0.215727 0.47904 0.187825 0.431983 0.219472
0 0.271839 0.116447 0.338164 0.0770027 0.2966 0.00711119 0.230274 0.0465551
0 0.740062 0.194649 0.783024 0.151454 0.727805 0.0965321 0.684843 0.139727
0 0.239911 0.138679 0.284165 0.104286 0.244372 0.0530824 0.200117 0.0874749
0 0.137685 0.627461 0.15304 0.510236 0.00698144 0.491104 -0.00837353 0.608329
0 0.58259 1.01068 0.59887 0.916651 0.545726 0.907449 0.529445 1.00148
0 0.238846 1.01906 0.264639 0.874106 0.1907 0.860949 0.164907 1.0059
0 0.545807 0.464349 0.595501 0.427775 0.539333 0.35146 0.489639 0.388034
0 0.958718 0.931473 1.0004 0.930475 0.998692 0.859321 0.957014 0.860319
0 0.811702 0.685285 0.921228 0.580728 0.875896 0.533242 0.76637 0.637798
0 0.540075 0.602699 0.569764 0.5713 0.530405 0.534084 0.500716 0.565483
0 0.967717 0.281368 1.00208 0.281002 1.0015 0.226493 0.967136 0.226859
0 0.325159 0.0383436 0.330724 -0.00472008 0.289816 -0.0100066 0.284251 0.0330571
0 0.145257 0.0785304 0.193393 0.0521997 0.15745 -0.0135102 0.109314 0.0128205
0 0.476705 0.212111 0.577339 0.149678 0.536619 0.0840438 0.435986 0.146476
0 1.00463 0.875709 1.00489 0.80793 0.96277 0.807772 0.962516 0.875551
0 1.00061 0.58672 1.00194 0.510431 0.946343 0.509466 0.945017 0.585754
0 0.162476 0.0673179 0.201569 0.0430607 0.164713 -0.0163357 0.125621 0.00792152
