0 0.45498 0.209713 0.51724 0.149324 0.452514 0.0825924 0.390254 0.142982
0 0.497191 0.937311 0.526202 0.847248 0.409571 0.809679 0.38056 0.899742
0 0.515421 0.167982 0.595129 0.106053 0.518513 0.00744148 0.438805 0.0693703
0 0.685232 0.391704 0.780653 0.276646 0.67834 0.191795 0.582919 0.306853
0 0.353311 0.660315 0.401777 0.5915 0.325982 0.538118 0.277516 0.606933
0 0.523544 0.885597 0.586403 0.822793 0.536228 0.772575 0.47337 0.83538
0 0.148722 0.427904 0.218593 0.378627 0.178572 0.32188 0.108701 0.371157
0 0.232941 0.738631 0.351358 0.649567 0.294644 0.574162 0.176227 0.663226
0 0.901889 0.232396 0.973511 0.0978883 0.869968 0.042754 0.798346 0.177261
0 1.01485 0.140462 1.03266 0.0310468 0.936365 0.0153652 0.918547 0.124781
0 0.116826 0.099283 0.175072 0.0390151 0.124892 -0.00948244 0.0666451 0.0507855
0 0.802869 0.634356 0.863299 0.579328 0.818313 0.529926 0.757883 0.584954
0 0.206934 0.381045 0.27913 0.335446 0.241689 0.276167 0.169494 0.321766
0 0.876769 0.948875 1.05937 0.758249 0.978336 0.680625 0.795735 0.871252
0 0.750575 0.686702 0.801478 0.629604 0.73937 0.574235 0.688468 0.631333
0 0.70248 0.738427 0.754738 0.66807 0.671692 0.606385 0.619433 0.676742
0 0.167545 0.0587225 0.234048 0.0126299 0.198518 -0.0386339 0.132015 0.00745867
0 0.868484 0.591456 0.935752 0.512499 0.840352 0.431223 0.773085 0.510179
0 0.789969 1.0347 0.994421 0.822816 0.912266 0.743542 0.707815 0.955421
0 0.543523 0.508148 0.580563 0.390996 0.474825 0.357565 0.437785 0.474717
0 0.567901 0.479618 0.624626 0.426047 0.55875 0.356292 0.502025 0.409863
0 0.747769 0.925756 0.900723 0.769444 0.83356 0.703724 0.680606 0.860035
0 0.643416 0.784718 0.694535 0.720274 0.635095 0.673124 0.583976 0.737568
0 0.320282 0.288572 0.456748 0.196642 0.412462 0.130903 0.275997 0.222833
0 0.0340372 0.155389 0.113448 0.107464 0.0612181 0.0209209 -0.0181926 0.0688463
0 0.382632 0.803096 0.421455 0.768752 0.37723 0.718761 0.338408 0.753105
0 0.629243 0.428632 0.684732 0.352895 0.612822 0.300209 0.557333 0.375946
0 0.0436033 0.52265 0.168565 0.446086 0.0598309 0.26862 -0.0651306 0.345184
0 0.155709 1.00211 0.156036 0.967144 0.00175737 0.965705 0.0014312 1.00067
0 0.268635 0.33115 0.328678 0.286376 0.299545 0.247306 0.239501 0.29208
0 0.403715 0.611876 0.449566 0.556857 0.383349 0.501674 0.337498 0.556693
0 0.583555 0.8339 0.647749 0.773531 0.573235 0.694294 0.50904 0.754663
0 9.57747e-05 0.918671 0.0437376 0.918032 0.0428614 0.858217 -0.000780433 0.858856
0 -0.00686302 0.168176 0.0393512 0.16753 0.0383916 0.0988171 -0.00782261 0.0994624
0 -0.00900307 0.801138 0.0374673 0.799422 0.0349026 0.729964 -0.0115677 0.73168
0 -0.00281528 0.297317 0.0306573 0.296034 0.0287101 0.245223 -0.00476247 0.246506
0 0.142435 1.0092 0.242968 1.00878 0.242682 0.94002 0.142149 0.940438
0 0.971044 0.367402 1.00282 0.366605 1.00145 0.31191 0.969672 0.312708
0 0.0674599 0.156551 0.0702999 0.0582142 -0.014046 0.0557783 -0.016886 0.154115
0 0.647799 0.254866 0.708035 0.207467 0.647046 0.129961 0.58681 0.177359
0 0.0599526 0.089557 0.0891009 0.0353044 0.0221386 -0.000672487 -0.00700974 0.0535801
0 0.298181 0.263878 0.358048 0.230677 0.311354 0.146478 0.251486 0.179679
