0 0.233659 0.275092 0.236068 0.182518 0.140637 0.180034 0.138227 0.272608
0 0.236727 0.125549 0.238522 0.0319064 0.144746 0.030109 0.142952 0.123752
0 0.48163 0.622324 0.486285 0.501151 0.399416 0.497814 0.394761 0.618987
0 0.228023 0.517553 0.22848 0.43525 0.122433 0.434662 0.121976 0.516964
0 0.214823 0.90745 0.217669 0.803225 0.107868 0.800226 0.105022 0.904452
0 0.946283 0.352886 0.948378 0.280043 0.835743 0.276804 0.833648 0.349647
0 0.46581 0.750648 0.476359 0.622294 0.390962 0.615276 0.380414 0.74363
0 0.366986 0.375774 0.368067 0.261151 0.278365 0.260304 0.277284 0.374928
0 0.904265 0.67295 0.906925 0.602122 0.788244 0.597665 0.785585 0.668494
0 0.965509 0.139897 0.970282 0.0105357 0.853688 0.00623414 0.848915 0.135596
0 0.361821 0.494947 0.362481 0.375603 0.274132 0.375114 0.273471 0.494458
0 0.637072 0.896025 0.640408 0.827674 0.4658 0.819151 0.462463 0.887502
0 0.487681 0.49728 0.489903 0.388501 0.407254 0.386813 0.405033 0.495592
0 0.115329 0.881657 0.116538 0.80047 0.026794 0.799133 0.0255847 0.88032
0 0.400893 0.150302 0.403839 0.0203997 0.290642 0.0178318 0.287695 0.147734
0 0.468857 0.930164 0.472273 0.81635 0.405476 0.814345 0.40206 0.92816
0 0.235691 0.186551 0.238778 0.121935 0.147002 0.11755 0.143915 0.182165
0 0.922571 0.606211 0.924752 0.544895 0.796489 0.540332 0.794308 0.601648
0 0.488817 0.391992 0.494374 0.267187 0.414904 0.263648 0.409346 0.388454
0 0.210258 0.980907 0.212892 0.904707 0.0835236 0.900235 0.0808893 0.976434
0 0.928778 0.548463 0.931846 0.480919 0.799916 0.474928 0.796849 0.542471
0 0.746629 0.752881 0.748251 0.653111 0.625911 0.651122 0.624289 0.750893
0 0.232745 0.392846 0.234101 0.329212 0.125247 0.326891 0.12389 0.390526
0 0.372088 0.263091 0.373005 0.143655 0.284617 0.142977 0.2837 0.262412
0 0.359274 0.587753 0.35971 0.494611 0.272949 0.494205 0.272513 0.587347
0 0.934432 0.477212 0.937158 0.412623 0.82128 0.407732 0.818554 0.472321
0 0.644999 0.173354 0.652015 0.115088 0.557501 0.103707 0.550485 0.161973
0 0.941673 0.41752 0.94414 0.348671 0.834548 0.344745 0.832081 0.413593
0 0.22391 0.637017 0.223988 0.560301 0.128556 0.560205 0.128478 0.63692
0 0.233924 0.328792 0.235515 0.268769 0.130005 0.265972 0.128414 0.325996
0 0.623377 0.569901 0.62541 0.509407 0.535526 0.506385 0.533492 0.566879
0 0.620735 0.635529 0.620957 0.56309 0.536127 0.56283 0.535905 0.635269
0 0.950351 0.908771 1.00258 0.908458 1.00213 0.833972 0.949904 0.834286
0 0.128413 0.442643 0.226322 0.442637 0.226318 0.385978 0.128409 0.385984
0 0.880978 0.922071 0.882362 0.833845 0.740488 0.83162 0.739104 0.919846
0 0.340807 0.95403 0.342269 0.863487 0.26541 0.862246 0.263947 0.952789
0 0.381405 0.752948 0.382664 0.610622 0.264243 0.609574 0.262983 0.7519
0 0.895345 0.752279 0.897024 0.667825 0.755479 0.665011 0.7538 0.749466
0 0.839104 0.283655 0.952513 0.283256 0.952149 0.179746 0.83874 0.180145
0 0.751422 0.612988 0.755661 0.479869 0.664359 0.476963 0.660121 0.610081
0 0.954342 0.192682 0.958007 0.135147 0.856591 0.128687 0.852926 0.186222
0 0.857347 0.095257 0.858327 0.0128988 0.786711 0.0120461 0.785731 0.0944043
0 0.610696 0.685179 0.614177 0.632276 0.533679 0.626979 0.530198 0.679882
0 0.617402 0.753286 0.619148 0.672296 0.524488 0.670255 0.522742 0.751245
0 0.113698 0.727071 0.115849 0.648501 0.031535 0.646193 0.0293842 0.724763
0 0.225801 0.568276 0.225986 0.510515 0.124527 0.51019 0.124342 0.567951
0 1.00016 0.960357 1.00154 0.905743 0.946014 0.904341 0.944635 0.958954
0 0.104462 0.639197 0.104977 0.574158 -0.0012665 0.573317 -0.0017808 0.638357
0 0.337893 1.00362 0.33988 0.949956 0.263732 0.947135 0.261744 1.00079
0 0.733327 0.0926644 0.734595 0.0156459 0.664059 0.0144847 0.662791 0.0915031
0 0.403936 0.921976 0.407246 0.814828 0.341924 0.81281 0.338614 0.919959
0 0.498524 0.270818 0.500837 0.145399 0.422003 0.143945 0.41969 0.269364
0 0.512785 1.02334 0.66927 0.998304 0.657232 0.923052 0.500748 0.948084
0 0.648395 0.216994 0.650329 0.16793 0.557866 0.164283 0.555932 0.213347
0 0.146611 0.112536 0.148561 0.032619 0.0882267 0.0311468 0.0862767 0.111064
0 0.782074 0.999962 0.783954 0.92011 0.668555 0.917392 0.666674 0.997245
0 0.218596 0.731711 0.220618 0.631005 0.112641 0.628838 0.11062 0.729544
0 0.79424 0.0950466 0.79468 0.0134704 0.727871 0.0131098 0.727431 0.094686
0 0.628832 0.514007 0.630105 0.459826 0.543241 0.457785 0.541968 0.511966
0 1.00056 0.694826 1.00491 0.617698 0.974847 0.616003 0.970498 0.693131
0 1.00217 0.771813 1.00627 0.689247 0.96634 0.687263 0.962237 0.769828
0 0.0373563 0.28537 0.122733 0.284745 0.122077 0.195251 0.0367008 0.195876
0 0.0290382 0.888361 0.032319 0.7979 -0.00209313 0.796652 -0.00537391 0.887113
0 0.649387 0.466023 0.649436 0.405677 0.540667 0.405589 0.540619 0.465935
0 0.941838 1.00047 0.999088 1.00022 0.998895 0.954383 0.941645 0.954625
0 0.656404 0.264369 0.656874 0.210567 0.557414 0.209698 0.556943 0.2635
0 1.00095 0.617836 1.00194 0.566996 0.974588 0.566465 0.973601 0.617305
0 0.000137301 0.103361 0.0487109 0.102972 0.0481329 0.0307872 -0.000440622 0.0311761
0 0.548962 0.321994 0.663344 0.321608 0.663094 0.247517 0.548712 0.247903
0 0.038705 0.724723 0.0405611 0.656091 -0.000565537 0.654979 -0.00242165 0.723611
0 0.0911232 0.10726 0.0914194 0.0348878 0.0439005 0.0346933 0.0436043 0.107066
0 0.670862 0.121192 0.675597 0.0143473 0.569082 0.00962749 0.564348 0.116472
0 0.659719 0.417168 0.660523 0.359972 0.548317 0.358395 0.547513 0.415591
0 0.496151 0.161319 0.529476 0.0579055 0.400581 0.0163693 0.367256 0.119782
0 1.00036 0.564515 1.0016 0.513865 0.982646 0.513399 0.981402 0.564049
0 1.00076 0.516254 1.00153 0.451526 0.985552 0.451337 0.984786 0.516064
0 0.665081 0.37509 0.666122 0.329828 0.549476 0.327146 0.548435 0.372407
0 0.49454 0.269297 0.495635 0.202149 0.421278 0.200937 0.420183 0.268085
0 0.206981 1.00259 0.207299 0.977368 0.0824533 0.975793 0.0821351 1.00102
0 0.0409537 0.257688 0.0416416 0.180789 -0.00405612 0.18038 -0.00474395 0.257279
0 0.349008 0.617056 0.34973 0.571075 0.275044 0.569901 0.274321 0.615882
0 0.686813 0.908044 0.706216 0.841628 0.640403 0.822401 0.621 0.888817
0 0.891347 0.746175 0.89483 0.670015 0.809729 0.666123 0.806246 0.742283
0 0.347145 0.866195 0.348856 0.810149 0.2707 0.807762 0.268989 0.863809
0 0.0414474 0.179403 0.0418711 0.118116 -0.00081717 0.117821 -0.00124088 0.179108
0 0.638433 0.923601 0.735342 0.92324 0.735212 0.888534 0.638304 0.888895
0 0.880078 0.885713 0.882543 0.83347 0.744484 0.826954 0.742018 0.879197
0 0.0646428 0.577319 0.0660388 0.528512 -0.000654211 0.526604 -0.00205019 0.575412
0 0.652455 0.997435 0.690094 0.993077 0.682235 0.925208 0.644596 0.929567
0 0.927619 0.999451 0.927778 0.960429 0.883487 0.960249 0.883329 0.999271
0 0.514019 0.994817 0.520178 0.939525 0.46719 0.933622 0.46103 0.988915
0 0.81091 0.427863 0.812612 0.183625 0.709063 0.182903 0.707361 0.427141
0 0.999798 0.46516 1.00004 0.408107 0.985848 0.408046 0.985602 0.465098
0 0.673822 0.94277 0.736881 0.909881 0.714748 0.867443 0.651688 0.900332
0 0.665012 1.00303 0.776927 1.00247 0.776852 0.987514 0.664937 0.988075
0 0.823548 0.486907 0.823873 0.411768 0.70651 0.411259 0.706184 0.486399
0 0.0269577 0.98875 0.0283488 0.900944 -0.00249763 0.900455 -0.00388881 0.988261
0 0.506577 0.951269 0.569764 0.9457 0.567757 0.922931 0.50457 0.9285
0 0.693306 0.941547 0.724157 0.884466 0.672706 0.856657 0.641854 0.913738
