0 0.188017 0.843656 0.312127 0.733062 0.259804 0.674345 0.135694 0.784938
0 0.911378 0.11208 0.963816 0.078987 0.909214 -0.00753276 0.856776 0.0255605
0 0.664271 0.822663 0.666168 0.756985 0.60264 0.75515 0.600743 0.820828
0 0.25798 0.952867 0.339613 0.858928 0.288999 0.814945 0.207367 0.908884
0 0.582898 0.93425 0.698014 0.933319 0.697089 0.818875 0.581973 0.819806
0 0.575926 0.226034 0.671694 0.131812 0.590749 0.0495389 0.494981 0.143761
0 0.684726 0.499453 0.731519 0.466215 0.656518 0.360631 0.609725 0.39387
0 0.697149 0.135299 0.746301 0.104549 0.700135 0.0307582 0.650984 0.0615083
0 0.1527 0.904676 0.207372 0.811666 0.122215 0.761611 0.0675431 0.854621
0 0.0623019 0.120977 0.0655539 0.0430517 -0.00812211 0.0399771 -0.011374 0.117903
0 0.0392055 0.247901 0.118706 0.214783 0.0763913 0.113205 -0.00310967 0.146324
0 0.531111 0.236882 0.570461 0.210195 0.50774 0.117713 0.46839 0.1444
0 -0.00449848 0.487262 0.104944 0.476231 0.0988525 0.415795 -0.01059 0.426826
0 0.110057 0.365826 0.159828 0.274767 0.0601263 0.220272 0.0103553 0.311331
0 0.762213 0.222524 0.813032 0.184854 0.755387 0.107087 0.704568 0.144756
0 0.714483 0.461004 0.764712 0.429189 0.71804 0.355504 0.66781 0.387319
0 0.401707 0.163127 0.495243 0.162319 0.494419 0.0669846 0.400883 0.0677928
0 0.0234994 0.635059 0.148624 0.600845 0.129243 0.52997 0.0041192 0.564185
0 0.389394 0.0939059 0.429662 0.000492431 0.33127 -0.0419206 0.291003 0.0514929
0 0.0813627 0.103487 0.138547 0.0637195 0.0939204 -0.000452638 0.0367359 0.0393149
0 0.363276 1.02217 0.418583 0.999999 0.381827 0.908316 0.32652 0.930489
0 0.885726 0.316776 0.934116 0.2862 0.86456 0.17612 0.81617 0.206697
0 0.962311 0.619298 1.01768 0.591467 0.972253 0.501089 0.916883 0.528919
0 0.941214 0.395769 0.985287 0.36064 0.937918 0.301212 0.893845 0.33634
0 0.999634 1.02775 1.01425 0.903735 0.894093 0.889571 0.879474 1.01359
0 0.952391 0.846742 1.04013 0.822064 0.998879 0.675416 0.911142 0.700095
0 0.496321 0.123826 0.608002 0.0658407 0.580949 0.0137347 0.469267 0.0717196
0 0.0717156 0.79941 0.142562 0.765485 0.0864306 0.648262 0.0155839 0.682186
0 0.434133 1.0132 0.526594 0.987724 0.482644 0.828232 0.390184 0.85371
0 0.923232 0.290056 0.976442 0.256713 0.905215 0.143048 0.852005 0.176391
0 0.457376 0.286112 0.510573 0.257263 0.462744 0.169068 0.409548 0.197916
0 0.891294 0.154834 0.930366 0.128348 0.868345 0.036856 0.829273 0.0633422
0 0.356465 0.237816 0.416033 0.192973 0.349798 0.104986 0.290229 0.149829
0 0.745569 0.10875 0.789218 0.0744403 0.725549 -0.00656013 0.6819 0.0277492
0 0.778334 1.03019 0.903242 0.994332 0.885738 0.933353 0.760831 0.969207
0 0.138495 0.205697 0.180721 0.183933 0.137091 0.0992873 0.0948662 0.121052
0 0.523273 0.989995 0.626448 0.951134 0.560706 0.776592 0.457532 0.815453
0 0.189498 0.171884 0.244111 0.112976 0.177468 0.0511919 0.122855 0.1101
0 0.284002 0.430937 0.429517 0.333461 0.370454 0.245291 0.22494 0.342767
0 0.844202 0.751971 0.928727 0.721223 0.909117 0.667314 0.824592 0.698061
0 0.866006 0.459251 0.953257 0.396169 0.903446 0.327274 0.816195 0.390355
0 0.18221 0.499369 0.236062 0.458003 0.172214 0.374883 0.118361 0.41625
0 0.232613 0.472539 0.286492 0.435555 0.230043 0.353318 0.176164 0.390301
0 0.983503 0.226237 1.03422 0.1974 0.982012 0.105583 0.931297 0.134419
0 0.615264 0.328253 0.671653 0.292956 0.613227 0.199617 0.556838 0.234913
0 0.572802 0.342292 0.618378 0.31682 0.569832 0.229957 0.524255 0.255429
0 0.501863 0.918385 0.600931 0.876218 0.561941 0.784614 0.462873 0.826781
0 0.522938 0.395173 0.586727 0.360954 0.533133 0.261047 0.469344 0.295266
0 0.903187 0.846676 0.959727 0.825072 0.91891 0.718254 0.862371 0.739858
0 0.389139 0.189608 0.432053 0.164767 0.384052 0.0818434 0.341138 0.106684
0 0.422045 0.317766 0.475614 0.276142 0.405321 0.185676 0.351752 0.227299
0 0.0123502 0.969808 0.0711507 0.937 0.0357006 0.873465 -0.0230999 0.906273
0 0.657171 0.151177 0.700612 0.123474 0.65986 0.0595688 0.616419 0.087271
0 0.848107 0.860621 0.854855 0.710433 0.752296 0.705826 0.745548 0.856014
0 0.686814 0.704776 0.743208 0.679373 0.706096 0.596988 0.649702 0.622391
0 0.783459 0.905463 0.796205 0.778419 0.69904 0.768671 0.686294 0.895715
0 0.698428 1.01282 0.78251 1.0005 0.778552 0.973501 0.69447 0.985829
0 0.479386 0.093876 0.60009 0.0229926 0.569009 -0.0299333 0.448305 0.0409501
0 0.0817935 0.403177 0.16216 0.365369 0.141395 0.321231 0.0610288 0.359039
0 0.798917 0.082248 0.858726 0.0262682 0.791844 -0.0451887 0.732035 0.0107912
0 0.285995 1.01154 0.357925 1.00546 0.352791 0.94473 0.280861 0.950811
0 0.977947 0.372353 1.02156 0.346653 0.981397 0.278484 0.937781 0.304183
0 0.221948 0.243421 0.30164 0.202144 0.275311 0.151313 0.195619 0.19259
0 0.637477 0.647233 0.696807 0.620436 0.657095 0.532513 0.597765 0.559311
0 0.0111689 0.645429 0.0526488 0.624661 0.0168529 0.553166 -0.024627 0.573934
0 0.0303807 0.25496 0.0563768 0.200328 -0.0142596 0.166716 -0.0402557 0.221348
0 0.322208 0.115234 0.360819 0.0854875 0.315013 0.0260323 0.276402 0.0557791
0 0.199107 1.00639 0.267179 0.906038 0.178889 0.846151 0.110817 0.946506
0 0.240193 0.0421938 0.24445 -0.0131698 0.181802 -0.0179866 0.177546 0.037377
0 0.176153 0.290889 0.207631 0.239738 0.149645 0.204053 0.118166 0.255204
0 0.0903393 0.535551 0.0967861 0.474566 0.00609975 0.464979 -0.000346995 0.525964
0 0.964111 0.250036 1.0015 0.221175 0.92958 0.127996 0.892189 0.156856
0 0.33458 0.849173 0.373068 0.81161 0.33016 0.767645 0.291671 0.805208
0 0.145192 0.526746 0.185293 0.497074 0.136106 0.430599 0.0960054 0.460271
0 0.738379 0.668157 0.782423 0.641689 0.739477 0.570225 0.695433 0.596693
0 0.6996 0.575113 0.726167 0.532382 0.683683 0.505969 0.657117 0.5487
0 0.29918 0.120266 0.29968 0.0619107 0.242504 0.061421 0.242004 0.119776
0 0.808892 0.72376 0.982808 0.638513 0.899809 0.469184 0.725893 0.554431
0 0.611096 0.557021 0.689242 0.480153 0.595662 0.385016 0.517515 0.461884
0 0.35126 0.852748 0.620227 0.645092 0.556046 0.561962 0.28708 0.769618
0 0.847427 0.36366 0.90046 0.330044 0.818843 0.201284 0.76581 0.2349
0 0.715805 0.379184 0.765432 0.321326 0.690048 0.256666 0.640421 0.314523
0 0.768086 0.5623 0.828043 0.509143 0.76878 0.442298 0.708823 0.495454
0 0.390705 0.0364147 0.482201 0.0328084 0.480788 -0.00303352 0.389292 0.000572785
0 -0.00237796 0.319541 0.0189067 0.319462 0.0187116 0.267365 -0.00257305 0.267444
0 0.971538 0.325292 1.00433 0.324476 1.00285 0.264939 0.970057 0.265755
0 0.0635624 1.00442 0.0819825 0.938959 0.0225081 0.922223 0.00408797 0.987681
0 0.53142 0.460335 0.62641 0.4006 0.595056 0.350742 0.500066 0.410477
0 0.0208601 1.00278 0.0869929 1.00211 0.0867324 0.976236 0.0205996 0.976902
0 0.969874 0.14429 1.00602 0.143891 1.00546 0.0928264 0.96931 0.0932254
0 0.823645 0.18847 0.878046 0.114529 0.807375 0.0625331 0.752973 0.136474
0 -0.00236428 0.842459 0.0255493 0.84217 0.0248304 0.772615 -0.00308323 0.772903
0 0.987342 0.0602043 0.999509 -0.00756277 0.9233 -0.0212451 0.911133 0.0465219
0 0.365461 0.383154 0.423267 0.33041 0.360666 0.261801 0.30286 0.314545
0 0.0631584 0.671685 0.158655 0.636143 0.140725 0.587965 0.0452277 0.623507
0 0.325275 0.862516 0.353442 0.819414 0.308723 0.790191 0.280556 0.833293
0 0.58913 0.835483 0.612111 0.787562 0.566288 0.765586 0.543307 0.813507
0 0.556988 0.498414 0.647 0.457407 0.621013 0.400366 0.531001 0.441373
0 1.00308 0.0853994 1.00854 0.0171846 0.948313 0.0123658 0.942855 0.0805807
0 0.269966 0.268726 0.330831 0.225513 0.302654 0.185825 0.241789 0.229037
0 0.812412 0.394944 0.892882 0.336699 0.844539 0.269908 0.764068 0.328153
0 0.962993 0.543789 1.01052 0.542886 1.00901 0.463717 0.961488 0.46462
0 0.813716 0.0645316 0.858 0.0186442 0.806542 -0.0310162 0.762258 0.0148712
0 0.139638 0.343311 0.181755 0.317459 0.121094 0.218632 0.0789771 0.244483
0 0.140457 0.0773213 0.183585 0.045747 0.141469 -0.01178 0.098341 0.0197943
0 0.725272 0.583087 0.767786 0.548499 0.717411 0.48658 0.674897 0.521168
0 0.825927 0.0391432 0.904437 0.0383081 0.903964 -0.00611488 0.825455 -0.00527978
0 0.972469 0.960746 1.00532 0.959059 1.00182 0.890947 0.968971 0.892634
0 0.842685 0.159125 0.883906 0.126704 0.834726 0.0641762 0.793505 0.0965976
0 0.781856 0.276353 0.791152 0.212282 0.716238 0.201413 0.706942 0.265484
