0 0.404102 0.418273 0.450926 0.380977 0.394297 0.309883 0.347474 0.347179
0 0.392756 0.201016 0.433393 0.164222 0.383767 0.109414 0.343131 0.146207
0 0.452234 0.382351 0.494602 0.348242 0.438253 0.27825 0.395885 0.31236
0 0.0958912 0.658456 0.13864 0.612706 0.0850294 0.562612 0.0422807 0.608362
0 0.602942 0.501904 0.648432 0.465512 0.590732 0.393387 0.545242 0.429779
0 0.479082 0.608426 0.524775 0.563367 0.474344 0.512227 0.428651 0.557286
0 0.429061 0.170857 0.48011 0.135379 0.432707 0.0671724 0.381658 0.102651
0 0.193787 0.105209 0.242483 0.0760526 0.203603 0.0111157 0.154906 0.0402725
0 0.539682 0.315493 0.580304 0.286163 0.528622 0.214583 0.488 0.243913
0 0.576299 0.288346 0.628781 0.253715 0.583848 0.185621 0.531366 0.220251
0 0.563866 0.537529 0.607753 0.506617 0.56629 0.447751 0.522403 0.478662
0 0.245818 0.297541 0.296922 0.267113 0.247334 0.183833 0.19623 0.214262
0 0.230702 0.329048 0.240083 0.236173 0.153293 0.227406 0.143912 0.320282
0 0.536288 0.822116 0.611434 0.742152 0.545048 0.679765 0.469901 0.75973
0 0.34871 0.231155 0.391103 0.192592 0.348625 0.145896 0.306232 0.18446
0 0.606811 0.754737 0.644072 0.707612 0.590238 0.665045 0.552976 0.712171
0 0.651672 0.467054 0.695073 0.431099 0.649016 0.375504 0.605615 0.411459
0 0.62574 0.251969 0.678932 0.21344 0.629174 0.144744 0.575981 0.183274
0 0.684051 0.677525 0.730777 0.646747 0.690968 0.586309 0.644241 0.617087
0 0.136231 0.624604 0.195194 0.577963 0.138292 0.506028 0.079329 0.552669
0 0.285061 0.788084 0.331664 0.695608 0.242136 0.650491 0.195534 0.742968
0 0.77017 0.606705 0.809636 0.570522 0.755584 0.511566 0.716118 0.54775
0 0.300132 0.26112 0.343505 0.222566 0.299261 0.172791 0.255887 0.211344
0 0.725581 0.39711 0.799397 0.335554 0.750929 0.277435 0.677114 0.338991
0 0.647479 0.717719 0.68915 0.674531 0.636298 0.623536 0.594627 0.666724
0 0.47234 0.138802 0.522687 0.109131 0.482012 0.0401123 0.431665 0.0697834
0 0.49242 0.353122 0.542929 0.318525 0.490438 0.241893 0.439929 0.27649
0 0.175763 0.853672 0.216659 0.816021 0.174714 0.770463 0.133819 0.808114
0 0.142363 0.133996 0.195285 0.102942 0.157817 0.0390881 0.104895 0.0701417
0 0.823723 0.229316 0.923281 0.165601 0.88608 0.107473 0.786522 0.171188
0 0.0392777 0.448077 0.0604935 0.385916 0.00156193 0.365803 -0.0196539 0.427964
0 0.408455 0.671267 0.488027 0.595671 0.426813 0.531236 0.347241 0.606832
0 0.0968954 0.18701 0.154075 0.103934 0.081155 0.0537442 0.0239752 0.136821
0 0.805946 0.565393 0.851431 0.52552 0.795656 0.461895 0.750171 0.501768
0 0.729436 0.652387 0.777216 0.621859 0.724326 0.53908 0.676546 0.569607
0 0.781245 0.470209 0.838177 0.420483 0.805704 0.383304 0.748772 0.43303
0 0.538744 0.106273 0.582179 0.0431875 0.526643 0.0049518 0.483209 0.0680376
0 0.386982 0.945943 0.446708 0.90957 0.393013 0.821399 0.333286 0.857772
0 0.843924 0.535947 0.904145 0.495493 0.848928 0.413296 0.788707 0.453751
0 0.77435 0.14469 0.874253 0.0541865 0.782457 -0.0471415 0.682555 0.0433622
0 0.244338 0.0737771 0.288177 0.0339724 0.236843 -0.0225642 0.193004 0.0172405
0 0.132644 0.885954 0.18029 0.833452 0.119716 0.778481 0.0720699 0.830983
0 0.0153248 0.988366 0.0514241 0.945731 0.00213069 0.903994 -0.0339687 0.946629
0 0.360148 0.457282 0.410883 0.417405 0.352471 0.343088 0.301736 0.382966
0 0.0242347 0.703014 0.0866773 0.64455 0.0449333 0.599965 -0.0175092 0.658428
0 0.787463 0.177983 0.882077 0.119579 0.850386 0.0682399 0.755772 0.126644
0 0.212071 0.820876 0.263293 0.77206 0.214524 0.720888 0.163303 0.769704
0 0.749559 0.891997 0.899968 0.743205 0.832325 0.674828 0.681916 0.82362
0 0.355634 0.980452 0.394453 0.942058 0.351303 0.898432 0.312485 0.936826
0 0.290803 1.02376 0.308456 0.9749 0.236757 0.948996 0.219104 0.997857
0 0.522274 0.570631 0.567299 0.530591 0.51641 0.473365 0.471384 0.513405
0 0.688367 0.43361 0.737987 0.39583 0.684046 0.324984 0.634426 0.362764
0 0.318364 1.01314 0.35526 0.96486 0.288684 0.913983 0.251788 0.962265
0 0.502282 1.00556 0.590029 1.00356 0.588855 0.951973 0.501108 0.95397
0 0.0430768 0.959822 0.0910279 0.924972 0.0383133 0.852441 -0.00963784 0.887292
0 0.262684 0.0331418 0.329118 0.0295415 0.327201 -0.00583023 0.260767 -0.00222989
0 0.390213 0.321102 0.433331 0.27911 0.396289 0.241075 0.353171 0.283067
0 0.944102 0.426992 1.00344 0.425247 1.00045 0.323789 0.941118 0.325534
0 0.240598 0.694475 0.28314 0.650393 0.227192 0.596399 0.18465 0.640481
0 0.936674 0.995812 1.00391 0.994193 1.00137 0.888738 0.934133 0.890358
0 0.12028 0.0515913 0.123882 0.00503426 0.0716555 0.000993026 0.068053 0.0475501
0 1.01033 1.00191 1.02612 0.901411 0.968086 0.892293 0.952297 0.992797
0 0.445044 0.0343102 0.503202 0.0333591 0.502567 -0.00546829 0.444409 -0.00451717
0 0.503275 0.476797 0.5319 0.455658 0.497793 0.409473 0.469168 0.430611
0 0.871841 0.76027 0.926182 0.722091 0.874783 0.648933 0.820442 0.687112
0 0.32769 0.495233 0.342495 0.394986 0.24706 0.380891 0.232255 0.481139
0 0.514648 0.527402 0.568303 0.477699 0.533488 0.440115 0.479833 0.489818
0 0.305051 0.476887 0.307011 0.401378 0.237932 0.399585 0.235973 0.475094
