0 0.451948 0.53506 0.59937 0.53423 0.598218 0.419083 0.450795 0.419913
0 0.838675 0.1778 0.839188 0.0704203 0.704063 0.070057 0.70355 0.177437
0 0.476587 0.216063 0.615224 0.214809 0.613535 0.109783 0.474898 0.111037
0 0.741541 0.446599 0.890282 0.44576 0.889182 0.336019 0.74044 0.336858
0 0.93101 0.204125 0.931868 0.127537 0.834463 0.126924 0.833605 0.203511
0 0.711368 0.0760314 0.835159 0.0760014 0.835125 -0.00327178 0.711333 -0.00324173
0 0.591079 0.502633 0.751727 0.502009 0.750872 0.378203 0.590224 0.378827
0 0.249044 1.01968 0.276515 0.923178 0.16175 0.904802 0.13428 1.00131
0 0.353113 0.225864 0.484025 0.22529 0.483256 0.126642 0.352345 0.127216
0 0.482282 0.0577324 0.601538 0.0570155 0.600888 -0.00382865 0.481631 -0.00311171
0 0.607279 0.591427 0.730428 0.590704 0.729392 0.491433 0.606243 0.492156
0 0.454112 0.856912 0.597704 0.856514 0.597055 0.724842 0.453463 0.72524
0 0.667624 0.915285 0.727765 0.859185 0.660076 0.818367 0.599935 0.874467
0 1.00091 0.205854 1.00279 0.0566059 0.938525 0.0561514 0.936649 0.2054
0 0.736591 0.991058 0.782294 0.966397 0.740145 0.922459 0.694441 0.94712
0 0.676412 0.786143 0.680244 0.700796 0.571708 0.698055 0.567876 0.783403
0 0.937195 0.149002 1.00296 0.147957 1.00048 0.0602469 0.934718 0.0612913
0 0.555669 0.734697 0.55729 0.63382 0.433852 0.632704 0.432231 0.73358
0 0.937702 0.984948 0.937822 0.930558 0.821428 0.930414 0.821308 0.984804
0 0.829808 1.00247 0.943552 1.00216 0.943373 0.965976 0.82963 0.966292
0 0.779558 1.01529 0.781611 0.967464 0.702619 0.965557 0.700566 1.01339
0 0.785956 0.641328 0.955122 0.638506 0.95114 0.50427 0.781974 0.507093
0 0.830468 0.500508 0.831412 0.426738 0.735258 0.426046 0.734314 0.499816
0 0.492309 0.731881 0.572786 0.723267 0.549967 0.603362 0.46949 0.611977
0 1.00201 0.632709 1.00206 0.569186 0.977842 0.569175 0.977789 0.632697
