0 0.348353 0.211664 0.388453 0.144515 0.33184 0.0844124 0.29174 0.151561
0 0.727427 0.144215 0.774216 0.0893327 0.726575 0.0171267 0.679786 0.0720087
0 0.782619 0.429306 0.86219 0.326184 0.799111 0.239654 0.71954 0.342777
0 0.867043 0.334221 0.895702 0.260309 0.835549 0.218844 0.80689 0.292756
0 0.933218 0.236558 0.980133 0.197098 0.940625 0.11359 0.893709 0.15305
0 0.271353 0.65723 0.300536 0.57834 0.239181 0.53799 0.209997 0.61688
0 0.537119 0.383307 0.581275 0.258915 0.490408 0.201571 0.446251 0.325963
0 0.896917 0.290882 0.939425 0.233582 0.886395 0.163643 0.843887 0.220943
0 0.384774 0.165354 0.446259 0.101818 0.391505 0.0076214 0.330021 0.0711576
0 0.115512 0.427394 0.165211 0.373321 0.129676 0.315257 0.079977 0.369331
0 0.158146 0.380741 0.209905 0.333698 0.181682 0.278493 0.129922 0.325536
0 0.175096 0.737358 0.258851 0.65668 0.216913 0.579281 0.133158 0.659958
0 0.425394 0.471896 0.466737 0.421787 0.424714 0.360149 0.383371 0.410259
0 0.405677 0.883058 0.443246 0.8129 0.381903 0.754503 0.344334 0.824661
0 0.657552 0.227924 0.737941 0.129093 0.678263 0.0427962 0.597874 0.141627
0 0.519529 0.746453 0.565805 0.690688 0.506036 0.602513 0.45976 0.658278
0 0.362384 0.938449 0.392354 0.844164 0.315833 0.800921 0.285862 0.895206
0 0.636869 0.595186 0.696885 0.546967 0.642816 0.427325 0.5828 0.475544
0 0.383374 0.514218 0.429931 0.444847 0.368954 0.372095 0.322397 0.441465
0 0.103277 0.0994721 0.127108 0.0220238 0.0802662 -0.00360035 0.0564348 0.0738479
0 0.981846 0.206555 1.03833 0.152634 0.979364 0.0428251 0.92288 0.0967464
0 0.462028 0.427977 0.513492 0.362628 0.46454 0.294093 0.413076 0.359442
0 0.563506 0.690304 0.604106 0.635466 0.54472 0.557304 0.50412 0.612142
0 0.687266 0.903904 0.863828 0.689651 0.803635 0.601467 0.627073 0.81572
0 0.776928 0.0968355 0.814067 0.0353543 0.767957 -0.0141626 0.730818 0.0473186
0 0.42376 0.843892 0.489611 0.76534 0.433771 0.682122 0.367921 0.760674
0 0.266643 0.270445 0.33803 0.20397 0.303414 0.137884 0.232027 0.204359
0 0.484376 0.787039 0.518591 0.717157 0.475114 0.679314 0.4409 0.749196
0 0.13792 0.0638315 0.176457 0.0033373 0.140567 -0.0373094 0.102029 0.0231847
0 0.589097 1.04212 0.744487 0.840587 0.682729 0.755934 0.527339 0.957466
0 0.0463942 0.153377 0.0863387 0.0629028 0.015564 0.00735212 -0.0243805 0.0978259
0 0.610693 0.639288 0.643642 0.580637 0.598578 0.535629 0.565628 0.59428
0 0.836756 0.0430674 0.843304 -0.00667825 0.798679 -0.0171196 0.792132 0.0326261
0 0.200944 0.329843 0.247838 0.287444 0.228973 0.250352 0.18208 0.292751
0 0.490086 0.259581 0.533009 0.201833 0.477679 0.128721 0.434756 0.186469
0 0.80017 0.0190414 0.800195 -0.00423824 0.736593 -0.00436272 0.736567 0.0189169
0 0.114119 1.00422 0.114288 0.959429 0.000206991 0.958664 3.80733e-05 1.00346
0 0.0607485 0.515951 0.128015 0.399777 0.0144788 0.282906 -0.052788 0.39908
0 0.0266941 0.168283 0.0267985 0.0955953 -0.00272774 0.0955199 -0.00283215 0.168208
0 0.0745245 0.0503439 0.0802802 -0.00603794 0.0402119 -0.0133098 0.0344561 0.0430721
0 0.901601 1.00474 0.990113 1.00184 0.988278 0.902292 0.899766 0.905193
0 0.293298 0.803441 0.320956 0.762725 0.280878 0.714326 0.25322 0.755042
0 0.295274 0.619141 0.345137 0.571509 0.289728 0.468393 0.239865 0.516026
0 0.0357333 0.163616 0.0381244 0.0763681 -0.0060913 0.0742138 -0.00848243 0.161462
0 0.982352 1.05055 1.00504 0.949758 0.91898 0.915321 0.896293 1.01611
0 -0.00162881 0.80743 0.0192276 0.806925 0.0182288 0.733652 -0.00262755 0.734158
0 0.226599 0.282898 0.327502 0.199579 0.28687 0.112099 0.185967 0.195418
0 0.938935 0.419609 0.991182 0.349758 0.957673 0.3052 0.905426 0.375051
0 0.561707 0.913872 0.67062 0.77598 0.625064 0.712013 0.516151 0.849904
0 0.140609 0.30353 0.172576 0.273635 0.140854 0.21333 0.108887 0.243225
0 0.847051 0.165246 0.867382 0.132487 0.831894 0.0933324 0.811563 0.126091
0 1.00532 0.99116 1.00852 0.902001 0.959023 0.898845 0.955825 0.988004
