0 0.153999 0.423787 0.202216 0.387418 0.146201 0.313156 0.097984 0.349525
0 0.142852 0.200842 0.183284 0.164086 0.133645 0.109483 0.0932132 0.146238
0 0.20222 0.382291 0.244596 0.348058 0.188434 0.278537 0.146057 0.31277
0 0.3529 0.50188 0.398403 0.465482 0.340789 0.393454 0.295286 0.429852
0 0.76111 1.00528 0.812239 0.912934 0.748669 0.877739 0.697541 0.97009
0 0.229367 0.608262 0.27456 0.562594 0.223812 0.512374 0.178619 0.558042
0 0.179063 0.170845 0.230067 0.135382 0.182668 0.0672118 0.131664 0.102674
0 0.73582 0.424825 0.825307 0.352546 0.783962 0.301358 0.694475 0.373637
0 0.289564 0.315487 0.330285 0.286147 0.278771 0.21465 0.23805 0.24399
0 0.326283 0.288328 0.378791 0.253736 0.334024 0.185784 0.281516 0.220376
0 0.313869 0.537489 0.357727 0.506454 0.316294 0.447903 0.272437 0.478939
0 0.286466 0.82216 0.361416 0.742045 0.294876 0.679795 0.219926 0.75991
0 0.0989996 0.231058 0.140823 0.192485 0.0982184 0.14629 0.0563951 0.184864
0 0.356814 0.754753 0.394075 0.707592 0.340238 0.665056 0.302977 0.712217
0 0.815284 0.938323 0.862192 0.886447 0.794489 0.825227 0.747581 0.877103
0 0.397801 0.467843 0.44233 0.432855 0.398652 0.377268 0.354124 0.412257
0 0.375854 0.252025 0.428995 0.213326 0.379043 0.144735 0.325903 0.183434
0 0.0502748 0.261506 0.0933356 0.222126 0.0489785 0.173623 0.00591765 0.213003
0 0.434063 0.677584 0.480813 0.646805 0.441042 0.586398 0.394293 0.617177
0 0.519881 0.606369 0.559355 0.570468 0.506284 0.512114 0.46681 0.548015
0 0.39737 0.717815 0.439235 0.674829 0.386356 0.623329 0.344491 0.666315
0 0.475643 0.397178 0.549362 0.335379 0.500731 0.277367 0.427011 0.339166
0 0.222389 0.138683 0.272628 0.108974 0.231941 0.0401699 0.181701 0.0698787
0 0.00361784 0.289815 0.0503359 0.252436 0.00749669 0.198894 -0.0392213 0.236274
0 0.242618 0.352936 0.292981 0.318181 0.240578 0.242246 0.190215 0.277001
0 0.574404 0.229268 0.672431 0.16556 0.634834 0.107709 0.536806 0.171417
0 0.158992 0.671104 0.237907 0.595783 0.176593 0.531544 0.0976789 0.606865
0 0.812679 0.50268 0.875759 0.454857 0.841264 0.409357 0.778184 0.45718
0 0.556029 0.564512 0.601002 0.524332 0.545273 0.461957 0.500301 0.502137
0 0.873607 0.546217 0.912238 0.479448 0.8514 0.444249 0.81277 0.511018
0 0.531337 0.470301 0.588165 0.420621 0.55559 0.383359 0.498762 0.433039
0 0.479086 0.651974 0.526875 0.621582 0.474787 0.539679 0.426998 0.570071
0 0.108174 0.455336 0.160579 0.41674 0.104361 0.340408 0.0519559 0.379004
0 0.595505 0.534339 0.655591 0.493135 0.599871 0.411882 0.539786 0.453085
0 0.288358 0.106224 0.332289 0.0436574 0.277152 0.00494278 0.233221 0.0675094
0 0.838892 0.146705 0.90699 0.0820887 0.826853 -0.00236589 0.758754 0.0622508
0 0.525555 0.145042 0.625203 0.0520164 0.532016 -0.0478038 0.432368 0.0452222
0 0.136207 0.946257 0.196625 0.910577 0.143709 0.820972 0.08329 0.856653
0 0.0337668 0.792305 0.0828548 0.688715 -0.00288669 0.648085 -0.0519748 0.751674
0 0.499099 0.891374 0.648951 0.743032 0.58187 0.675268 0.432018 0.82361
0 0.537887 0.178053 0.631683 0.119336 0.599655 0.0681756 0.50586 0.126893
0 -0.00081775 0.0580488 0.030067 0.0573883 0.0288307 -0.00042107 -0.002054 0.000239399
0 0.779218 0.465064 0.850047 0.404406 0.810348 0.35805 0.739519 0.418709
0 0.907742 0.189418 0.954625 0.132927 0.894795 0.083273 0.847912 0.139764
0 0.272174 0.570397 0.317047 0.530346 0.266792 0.47404 0.221919 0.51409
0 0.438312 0.433616 0.48806 0.395596 0.434283 0.32523 0.384535 0.363251
0 0.252188 1.0056 0.340015 1.00361 0.338846 0.952027 0.251019 0.954016
0 0.0781023 1.01032 0.1045 0.953522 0.0306202 0.919184 0.00422229 0.975982
0 0.139922 0.32076 0.18307 0.27965 0.146678 0.241453 0.103529 0.282563
0 0.950146 0.441504 1.0328 0.361536 0.977461 0.30434 0.894809 0.384308
0 0.961033 1.03537 0.989227 0.972393 0.929338 0.945581 0.901145 1.00855
0 0.106189 0.980684 0.144917 0.941429 0.101105 0.898205 0.0623771 0.93746
0 0.0487464 1.00215 0.0493675 0.96347 0.00141182 0.9627 0.000790741 1.00138
0 0.991458 0.9993 1.02838 0.93833 0.982075 0.910282 0.945148 0.971251
0 0.0147397 0.0333464 0.0787798 0.0326059 0.0783614 -0.00358356 0.0143212 -0.00284313
0 0.967737 0.074989 1.00255 0.0749434 1.00247 0.0157082 0.96766 0.0157537
0 0.995932 1.00046 0.996059 0.931082 0.917438 0.930938 0.917311 1.00032
0 0.195133 0.0342429 0.253131 0.0333092 0.252505 -0.00556264 0.194507 -0.00462895
0 0.948485 0.690419 1.00439 0.68849 1.00104 0.591436 0.945137 0.593365
0 1.00725 0.384247 1.02409 0.327448 0.9742 0.312654 0.957356 0.369453
0 0.253267 0.476708 0.28177 0.455741 0.247806 0.409569 0.219303 0.430536
0 0.622162 0.758623 0.675288 0.7207 0.624328 0.64931 0.571202 0.687232
0 0.0290255 0.678181 0.0299665 0.631004 -0.0017406 0.630372 -0.00268155 0.677548
0 0.264737 0.527377 0.318117 0.477472 0.283337 0.44027 0.229957 0.490176
0 0.954399 0.0364264 1.00011 0.0361297 0.999864 -0.00256045 0.954148 -0.00226375
