0 0.894064 0.251281 0.95267 0.22036 0.894024 0.157837 0.835419 0.188758
0 0.95227 0.710116 1.01506 0.680081 0.952743 0.6068 0.889954 0.636835
0 0.910762 0.747402 0.97239 0.714288 0.876337 0.613732 0.814708 0.646846
0 0.77718 0.475256 0.893487 0.375377 0.778381 0.29998 0.662074 0.399859
0 0.103098 0.157732 0.222439 0.113518 0.193856 0.0701202 0.0745144 0.114334
0 0.707375 0.486316 0.759924 0.459699 0.677571 0.368245 0.625022 0.394863
0 0.535983 0.413464 0.659626 0.412993 0.65898 0.317594 0.535337 0.318065
0 0.148626 0.6151 0.211891 0.522724 0.0774775 0.470943 0.0142127 0.56332
0 0.484843 0.211809 0.557787 0.150295 0.482026 0.0997615 0.409083 0.161275
0 0.479661 0.34831 0.570554 0.290919 0.478716 0.209104 0.387822 0.266495
0 0.923697 0.384531 0.992428 0.354819 0.935415 0.280633 0.866683 0.310346
0 0.0525112 0.498123 0.159036 0.464386 0.101833 0.362789 -0.00469169 0.396526
0 -0.00607547 0.737269 0.139778 0.726347 0.13173 0.665887 -0.0141239 0.676808
0 0.0834326 0.370485 0.0869445 0.292623 -0.0119832 0.290113 -0.015495 0.367975
0 0.0310049 0.884866 0.199138 0.850943 0.173724 0.780093 0.00559138 0.814017
0 0.167157 0.243167 0.356307 0.156534 0.288782 0.0736036 0.0996315 0.160237
0 0.610148 0.535925 0.680613 0.50713 0.616851 0.419358 0.546385 0.448153
0 0.119803 0.353306 0.187527 0.305297 0.113612 0.246646 0.045888 0.294655
0 0.832445 0.273238 0.891561 0.248758 0.838272 0.176371 0.779156 0.200851
0 0.259469 0.292434 0.38481 0.234945 0.339367 0.179213 0.214026 0.236702
0 0.487962 0.0899687 0.549002 0.0613448 0.473834 -0.0288213 0.412794 -0.000197374
0 0.474792 0.487782 0.554711 0.443036 0.467169 0.355085 0.387249 0.399831
0 0.660932 0.375088 0.812606 0.31893 0.765276 0.247026 0.613603 0.303185
0 0.251552 0.423259 0.324789 0.361985 0.234918 0.301563 0.161681 0.362837
0 0.143241 1.00997 0.157079 0.921743 0.0448923 0.911845 0.0310543 1.00008
0 0.18467 0.455734 0.241085 0.433915 0.183052 0.349509 0.126637 0.371327
0 0.763946 0.591843 0.82419 0.5664 0.759482 0.480216 0.699237 0.505659
0 0.77938 0.305018 0.845608 0.271706 0.784733 0.203629 0.718505 0.236942
0 0.378855 0.681091 0.572542 0.583438 0.493576 0.495337 0.299889 0.59299
0 0.628183 0.287778 0.67371 0.188431 0.536296 0.15301 0.490769 0.252357
0 0.821417 0.577865 0.895548 0.542748 0.817673 0.450278 0.743542 0.485396
0 0.243023 0.749064 0.314791 0.707336 0.229772 0.625085 0.158005 0.666813
0 0.562493 0.567798 0.633792 0.526356 0.540125 0.435709 0.468826 0.477152
0 0.310051 0.722468 0.381901 0.685478 0.306757 0.603375 0.234907 0.640365
0 0.697139 0.644657 0.78179 0.610611 0.710732 0.511229 0.626081 0.545274
0 0.51832 0.439658 0.575943 0.414906 0.512656 0.33203 0.455034 0.356782
0 0.915261 0.956857 0.991303 0.929994 0.938447 0.845832 0.862405 0.872695
0 0.0733891 0.123435 0.19476 0.0759434 0.164408 0.0323115 0.0430375 0.0798027
0 0.88896 1.00786 0.970457 1.0042 0.967316 0.964819 0.885819 0.968474
0 0.544978 0.179691 0.607094 0.15515 0.550198 0.0741455 0.488082 0.0986871
0 0.296089 0.493312 0.403285 0.451515 0.368257 0.400982 0.261061 0.442779
0 0.109124 0.653125 0.216184 0.615353 0.188523 0.571253 0.0814634 0.609025
0 0.298559 1.054 0.416463 0.971485 0.345713 0.914619 0.227809 0.997133
0 0.95205 0.790953 1.00337 0.789472 0.999287 0.709783 0.947963 0.711263
0 0.424078 0.137479 0.444243 0.0800701 0.365921 0.0645947 0.345756 0.122003
0 0.953509 0.630681 1.0234 0.572475 0.921461 0.503626 0.851571 0.561832
0 0.047315 0.0866162 0.172689 0.0413008 0.140472 -0.00883649 0.0150985 0.0364788
0 0.948538 0.440353 1.01453 0.439057 1.0122 0.372088 0.946201 0.373384
0 0.237071 0.540273 0.276184 0.487687 0.198593 0.455225 0.15948 0.50781
0 0.964148 1.00358 1.00215 1.00281 1.00077 0.964355 0.962776 0.965117
0 0.0395759 0.505022 0.0755997 0.451417 -0.0180448 0.416018 -0.0540686 0.469624
0 0.530721 1.09107 0.853413 0.907282 0.727553 0.782976 0.404861 0.966759
0 0.0115895 0.249321 0.125854 0.179638 0.0531456 0.112573 -0.0611192 0.182256
0 0.966512 0.900895 1.02184 0.868109 0.975159 0.823801 0.919833 0.856587
0 0.428907 0.364968 0.480294 0.33621 0.421045 0.276658 0.369658 0.305417
0 0.121288 0.784837 0.128987 0.724325 0.00714039 0.715605 -0.000558967 0.776116
0 0.0145405 0.894964 0.0702284 0.874123 0.0222508 0.80201 -0.0334371 0.822851
0 1.00895 0.659707 1.00973 0.585133 0.947561 0.584768 0.946782 0.659342
0 0.852977 0.892846 0.928628 0.863765 0.873174 0.78262 0.797523 0.811701
0 0.876438 0.400245 0.933583 0.37257 0.879919 0.310241 0.822775 0.337916
0 0.0612548 0.171445 0.0711425 0.103678 -0.0167214 0.0964667 -0.0266091 0.164234
0 0.193342 0.776455 0.246842 0.746766 0.181645 0.680679 0.128145 0.710368
0 0.961873 0.928366 1.00519 0.927666 1.00377 0.878242 0.960453 0.878942
0 -0.00275078 0.280551 0.144252 0.234619 0.116448 0.184565 -0.0305545 0.230497
0 0.994528 0.523796 1.06158 0.454688 0.940607 0.388665 0.873555 0.457773
0 0.816553 0.804737 0.917314 0.726808 0.790943 0.634899 0.690183 0.712828
0 -0.00316636 0.569578 0.0250991 0.569498 0.0248386 0.51754 -0.00342687 0.51762
0 0.938645 0.851993 1.00044 0.819817 0.935264 0.749399 0.873465 0.781576
0 0.39941 0.370875 0.400512 0.31324 0.324178 0.312419 0.323076 0.370053
0 0.708955 0.710242 0.834709 0.65059 0.792696 0.60077 0.666942 0.660423
0 1.03347 0.233134 1.04125 0.122967 0.909153 0.117716 0.901369 0.227883
0 0.487333 0.633264 0.564548 0.580336 0.480766 0.511584 0.403551 0.564513
0 0.243005 1.00394 0.412401 1.00112 0.410002 0.91993 0.240605 0.922746
0 0.0846781 0.920862 0.209847 0.886831 0.186575 0.838684 0.0614064 0.872715
0 -0.00479387 0.119901 0.0367114 0.118589 0.0333397 0.0586031 -0.00816549 0.0599154
0 0.826529 0.15117 1.04498 0.0453604 0.965059 -0.0474507 0.74661 0.0583585
0 0.359655 0.518501 0.440901 0.475138 0.403603 0.435828 0.322356 0.47919
0 0.436209 0.118242 0.498444 0.0870994 0.411448 -0.0106927 0.349213 0.0204497
0 0.916799 0.289018 1.00983 0.285382 1.00101 0.158397 0.907974 0.162033
0 0.186282 0.593173 0.242007 0.56755 0.161282 0.468798 0.105557 0.494421
0 0.247133 0.0851367 0.393891 0.0389952 0.364211 -0.0141054 0.217453 0.0320362
0 0.980044 0.360684 1.0453 0.330813 0.97555 0.245105 0.910295 0.274976
0 0.743012 0.748834 0.862819 0.707477 0.827575 0.650048 0.707768 0.691404
0 0.711897 0.311517 0.776564 0.27039 0.728384 0.227776 0.663716 0.268903
0 0.956254 0.183818 1.00682 0.182278 1.00324 0.116246 0.952678 0.117786
0 0.688826 0.334436 0.77716 0.282362 0.7211 0.228871 0.632766 0.280945
0 0.105556 1.00576 0.173902 1.00438 0.17258 0.96744 0.104234 0.968816
0 0.676088 0.506477 0.722632 0.483596 0.65158 0.402295 0.605036 0.425176
