0 0.653936 0.168131 0.700712 0.131143 0.644262 0.0597531 0.597486 0.0967405
0 0.345737 0.408748 0.388619 0.362503 0.334861 0.312654 0.291979 0.358899
0 0.852851 0.251917 0.898423 0.215264 0.840469 0.143208 0.794897 0.179861
0 0.262959 0.201516 0.312551 0.170567 0.27204 0.105655 0.222449 0.136605
0 0.728683 0.358551 0.77485 0.313975 0.724805 0.262144 0.678638 0.30672
0 0.701742 0.130819 0.743633 0.0971073 0.688223 0.0282527 0.646332 0.0619643
0 0.217867 0.235022 0.268908 0.20579 0.225197 0.129469 0.174157 0.158701
0 0.813734 0.287662 0.857792 0.256969 0.816329 0.197452 0.772271 0.228145
0 0.784596 0.572122 0.861783 0.493083 0.796818 0.42964 0.719631 0.50868
0 0.0825497 0.0838511 0.108525 0.031343 0.0525819 0.00366816 0.0266064 0.0561763
0 0.857163 0.504524 0.89408 0.457264 0.840091 0.415091 0.803174 0.462351
0 0.898255 0.218138 0.94263 0.182698 0.898262 0.127145 0.853888 0.162584
0 0.386075 0.374793 0.445272 0.328308 0.388202 0.255633 0.329005 0.302118
0 0.27134 0.74293 0.300529 0.683769 0.239225 0.653523 0.210036 0.712684
0 0.535844 0.538005 0.581654 0.445108 0.491636 0.400717 0.445825 0.493614
0 0.933497 0.427331 0.980348 0.39708 0.940749 0.335753 0.893898 0.366005
0 0.896909 0.467915 0.939291 0.424783 0.886518 0.372927 0.844136 0.416059
0 0.098091 0.326267 0.13299 0.275669 0.0839256 0.241828 0.0490265 0.292427
0 0.124982 0.297481 0.173153 0.267565 0.127425 0.193933 0.0792542 0.223848
0 0.115653 0.570486 0.165129 0.529866 0.129475 0.48644 0.0799995 0.52706
0 0.158427 0.535641 0.209878 0.500005 0.181222 0.458632 0.129771 0.494268
0 0.471381 0.0879105 0.49405 0.00760061 0.416595 -0.0142625 0.393926 0.0660474
0 0.175089 0.803009 0.258838 0.742521 0.216914 0.684474 0.133164 0.744962
0 0.658491 0.421244 0.738021 0.345593 0.676806 0.281239 0.597276 0.35689
0 0.425296 0.603958 0.466755 0.566469 0.424852 0.52013 0.383394 0.557619
0 0.40568 0.912294 0.443247 0.859672 0.381902 0.815877 0.344335 0.868499
0 0.519526 0.80984 0.565804 0.768023 0.50604 0.701883 0.459762 0.7437
0 0.362383 0.953837 0.392353 0.883122 0.315832 0.850692 0.285862 0.921406
0 0.182651 0.263396 0.224349 0.221875 0.180689 0.178029 0.138991 0.21955
0 0.114778 0.0579721 0.149408 0.0195042 0.104784 -0.020667 0.0701542 0.0178009
0 0.636784 0.69642 0.69687 0.660418 0.642896 0.570339 0.58281 0.606342
0 0.382598 0.635861 0.430163 0.584426 0.369857 0.528657 0.322292 0.580093
0 0.609586 0.206401 0.659842 0.167185 0.601988 0.0930447 0.551732 0.132261
0 0.80869 0.059947 0.828424 0.0150792 0.77792 -0.00713274 0.758187 0.0377351
0 -0.00698546 0.109196 0.0482695 0.10833 0.0470004 0.0272678 -0.00825458 0.0281329
0 0.982447 0.405288 1.03951 0.362987 0.979302 0.28178 0.922243 0.324081
0 0.462079 0.571047 0.513512 0.521818 0.464453 0.470563 0.41302 0.519792
0 0.563513 0.767725 0.604104 0.726587 0.544722 0.667995 0.504131 0.709133
0 0.687258 0.927945 0.863827 0.767235 0.803629 0.701096 0.627059 0.861806
0 0.42377 0.882911 0.4896 0.824021 0.433763 0.761602 0.367932 0.820492
0 0.772383 0.320849 0.817651 0.280902 0.766112 0.222498 0.720844 0.262445
0 0.484379 0.840282 0.518594 0.78787 0.475112 0.759484 0.440897 0.811896
0 0.264055 0.454791 0.337889 0.403064 0.303183 0.353525 0.229349 0.405252
0 0.75123 0.102651 0.79447 0.0541669 0.735614 0.0016761 0.692374 0.05016
0 0.531937 0.0395286 0.536386 -0.0157792 0.475515 -0.0206748 0.471067 0.034633
0 0.589091 1.03159 0.74449 0.880432 0.682737 0.816946 0.527338 0.968101
0 0.610606 0.729483 0.643646 0.685595 0.598676 0.65174 0.565635 0.695628
0 0.0665786 0.356557 0.0750634 0.277183 -0.00674501 0.268438 -0.0152299 0.347812
0 0.804492 0.0301003 0.862161 0.0291024 0.861592 -0.00379937 0.803923 -0.00280141
0 0.135718 0.023393 0.183829 0.0213753 0.182815 -0.00279979 0.134704 -0.000782071
0 0.945583 0.185722 0.991827 0.138522 0.928171 0.0761552 0.881927 0.123354
0 0.201063 0.497431 0.247774 0.465469 0.228764 0.437685 0.182052 0.469648
0 0.659943 0.064852 0.678137 0.00960432 0.62787 -0.00694963 0.609676 0.0482981
0 0.490285 0.444787 0.533297 0.40088 0.477526 0.346246 0.434514 0.390154
0 0.753351 0.226876 0.781871 0.205806 0.747704 0.159561 0.719185 0.180632
0 0.0879812 0.626449 0.122887 0.52092 -0.00497582 0.478626 -0.039882 0.584155
0 0.114114 1.00317 0.114283 0.969571 0.000206462 0.968998 3.74624e-05 1.00259
0 1.00389 0.084966 1.00407 0.0351481 0.971376 0.035025 0.971189 0.0848429
0 0.0267761 0.376402 0.0268439 0.322598 -0.00274902 0.322561 -0.00281684 0.376365
0 0.969624 0.151712 1.03221 0.100141 0.997739 0.0583089 0.935154 0.10988
0 0.901606 1.00356 0.990115 1.00138 0.988279 0.926714 0.89977 0.92889
0 0.00021752 0.0552042 0.0510203 0.0542029 0.0500655 0.00575644 -0.000737302 0.0067577
0 0.295147 0.714379 0.345087 0.678906 0.289866 0.601162 0.239925 0.636635
0 0.293293 0.85258 0.320953 0.82205 0.280881 0.785744 0.25322 0.816275
0 0.982352 1.03791 1.00504 0.962319 0.918981 0.936491 0.896294 1.01208
0 -0.00162916 0.855573 0.0192288 0.855194 0.01823 0.800236 -0.0026279 0.800615
0 0.577398 0.245565 0.592784 0.145754 0.49721 0.131022 0.481824 0.230832
0 0.140602 0.477544 0.172641 0.455048 0.140945 0.409907 0.108906 0.432403
0 0.555235 0.227012 0.557285 0.15161 0.487582 0.149715 0.485532 0.225118
0 0.764826 0.277425 0.818463 0.228353 0.783426 0.190057 0.72979 0.23913
0 0.938399 0.564678 0.99133 0.512561 0.958193 0.478907 0.905262 0.531024
0 0.302369 0.167977 0.341858 0.145692 0.305713 0.0816438 0.266224 0.103929
0 0.561704 0.935411 0.670621 0.831983 0.625062 0.784005 0.516145 0.887433
0 1.00532 0.993371 1.00852 0.926499 0.959022 0.924132 0.955824 0.991004
0 0.930378 0.625709 1.00094 0.624347 0.998477 0.496648 0.927913 0.498011
