0 0.154 0.565025 0.202211 0.516531 0.146194 0.417525 0.0979829 0.466019
0 0.14285 0.267786 0.183281 0.218779 0.13365 0.145987 0.0932193 0.194994
0 0.202218 0.50973 0.244596 0.464088 0.188427 0.371373 0.146049 0.417015
0 0.352891 0.669176 0.39839 0.620687 0.340765 0.524558 0.295266 0.573046
0 0.229834 0.81067 0.274332 0.748809 0.223167 0.683379 0.178668 0.745241
0 0.179063 0.227797 0.230069 0.180515 0.18267 0.0896155 0.131664 0.136898
0 0.735797 0.566378 0.825298 0.470099 0.783999 0.401846 0.694497 0.498125
0 0.289565 0.420647 0.330285 0.381532 0.278772 0.286198 0.238052 0.325314
0 0.32628 0.384438 0.378791 0.338318 0.334027 0.247709 0.281516 0.293829
0 0.313872 0.716622 0.357652 0.675036 0.31625 0.597549 0.27247 0.639135
0 0.0990023 0.308078 0.140823 0.256647 0.0982166 0.195055 0.0563955 0.246486
0 0.433715 0.903595 0.480732 0.862907 0.441311 0.781923 0.394294 0.822611
0 0.375853 0.336032 0.428994 0.284433 0.379042 0.192976 0.325901 0.244576
0 0.397791 0.623713 0.442299 0.577127 0.398674 0.50303 0.354166 0.549616
0 0.0502754 0.348675 0.0933358 0.296164 0.04898 0.231502 0.00591969 0.284013
0 0.39784 0.957273 0.439111 0.898355 0.385444 0.831523 0.344173 0.890441
0 0.520194 0.808897 0.559526 0.76044 0.504835 0.68152 0.465503 0.729976
0 0.475667 0.52957 0.54937 0.447185 0.50073 0.369828 0.427028 0.452213
0 0.358301 1.00696 0.393593 0.939076 0.337552 0.887282 0.30226 0.955168
0 0.222389 0.18491 0.272628 0.145298 0.231939 0.053558 0.181701 0.09317
0 0.00361384 0.386419 0.0503347 0.33659 0.00749877 0.265188 -0.0392221 0.315017
0 0.242628 0.470583 0.292988 0.424229 0.240576 0.322999 0.190217 0.369352
0 0.574405 0.305689 0.672433 0.220735 0.634835 0.143606 0.536806 0.22856
0 0.812577 0.670151 0.87581 0.606522 0.84143 0.545782 0.778197 0.609412
0 0.556269 0.753007 0.601162 0.69958 0.545169 0.615937 0.500276 0.669364
0 0.158602 0.894316 0.237413 0.795071 0.17694 0.709698 0.0981285 0.808943
0 0.479496 0.869767 0.527268 0.829131 0.473967 0.717735 0.426196 0.758371
0 0.872967 0.728354 0.912318 0.639952 0.852012 0.592229 0.812661 0.680631
0 0.531321 0.626986 0.588154 0.5609 0.555638 0.511186 0.498804 0.577272
0 0.108099 0.607122 0.160539 0.555688 0.104373 0.453887 0.0519341 0.505322
0 0.288358 0.141631 0.332288 0.0582056 0.277151 0.00658973 0.233221 0.0900153
0 0.838891 0.195609 0.906993 0.10945 0.826856 -0.00315724 0.758754 0.0830015
0 0.525549 0.193388 0.625201 0.0693637 0.532024 -0.0637332 0.432372 0.0602911
0 0.595444 0.712386 0.65561 0.657198 0.599821 0.549072 0.539655 0.60426
0 0.537885 0.237413 0.631684 0.159115 0.599654 0.0908992 0.505855 0.169197
0 -0.000817371 0.0774019 0.0300703 0.0765204 0.0288328 -0.000564474 -0.00205491 0.000317089
0 0.779212 0.62008 0.849824 0.539309 0.810128 0.477615 0.739516 0.558385
0 0.907743 0.252557 0.954625 0.177237 0.894795 0.111031 0.847913 0.186351
0 0.06356 1.01995 0.0799407 0.904901 -0.00907615 0.882368 -0.0254569 0.997416
0 0.336033 1.02938 0.338596 0.927672 0.245284 0.92349 0.24272 1.02519
0 0.272119 0.760173 0.316672 0.706661 0.267026 0.633178 0.222473 0.686691
0 0.438353 0.578177 0.488038 0.527552 0.43418 0.433581 0.384495 0.484206
0 0.139928 0.42768 0.18307 0.372859 0.146673 0.321938 0.103531 0.376758
0 0.949929 0.588654 1.03311 0.481906 0.977998 0.405556 0.894816 0.512303
0 0.620197 1.00735 0.673358 0.957954 0.624529 0.864522 0.571368 0.913913
0 0.0147409 0.044462 0.0787826 0.0434745 0.0783641 -0.00477853 0.0143224 -0.00379111
0 0.967736 0.099983 1.00255 0.0999226 1.00247 0.0209391 0.967659 0.0209995
0 0.253313 0.635501 0.28169 0.607603 0.247736 0.546205 0.219359 0.574103
0 0.195133 0.0456578 0.253129 0.044414 0.252504 -0.0074153 0.194507 -0.0061715
0 0.947951 0.922732 1.00438 0.920291 1.00112 0.78621 0.944688 0.788652
0 1.00729 0.512302 1.02394 0.436408 0.974036 0.416941 0.957384 0.492834
0 0.528582 1.02551 0.617821 1.02502 0.617512 0.92463 0.528274 0.925117
0 0.26444 0.703192 0.318003 0.636626 0.283489 0.587254 0.229926 0.65382
0 0.9544 0.0485741 1.00011 0.0481788 0.999863 -0.00341452 0.954149 -0.00301919
0 0.0283428 0.90338 0.029128 0.842298 -0.00184223 0.84159 -0.00262744 0.902672
