0 0.403937 0.2241 0.450652 0.174811 0.3942 0.0796922 0.347485 0.128981
0 0.0956758 0.544649 0.138651 0.484038 0.0852517 0.416728 0.0422766 0.477339
0 0.602943 0.335824 0.648409 0.287362 0.590707 0.191124 0.545242 0.239587
0 0.451819 0.17431 0.493536 0.129471 0.438196 0.0379399 0.396479 0.0827791
0 0.478745 0.477964 0.5248 0.418482 0.474721 0.349552 0.428667 0.409034
0 0.563728 0.383277 0.607689 0.342388 0.566558 0.263774 0.522598 0.304663
0 0.536315 0.76282 0.611434 0.656161 0.545016 0.573001 0.469897 0.67966
0 0.606815 0.672987 0.644081 0.610154 0.590241 0.553386 0.552975 0.616219
0 0.651862 0.289087 0.694978 0.240915 0.648802 0.167438 0.605685 0.215609
0 0.684064 0.569955 0.730743 0.528853 0.690946 0.448501 0.644267 0.489603
0 0.136194 0.499494 0.195164 0.437364 0.138267 0.341359 0.0792968 0.403489
0 0.285158 0.717398 0.331635 0.59404 0.242041 0.53403 0.195564 0.657388
0 0.770008 0.475484 0.809467 0.427327 0.75552 0.348742 0.71606 0.3969
0 0.725513 0.195823 0.798594 0.113523 0.75021 0.0371407 0.677128 0.11944
0 0.647508 0.623608 0.689131 0.565973 0.636278 0.498117 0.594656 0.555751
0 0.175762 0.804896 0.216661 0.754697 0.174719 0.693947 0.13382 0.744146
0 0.0372756 0.264603 0.0620152 0.184616 0.00365648 0.152527 -0.0210831 0.232514
0 0.222776 0.115804 0.243432 0.00930039 0.166519 -0.017219 0.145863 0.0892841
0 0.40869 0.561675 0.488012 0.460655 0.426606 0.374938 0.347284 0.475958
0 0.80629 0.419594 0.8511 0.366084 0.79522 0.282891 0.75041 0.336401
0 0.781558 0.292934 0.837651 0.226941 0.805514 0.178379 0.749421 0.244372
0 0.729364 0.536221 0.777083 0.495505 0.724361 0.385658 0.676642 0.426375
0 0.386979 0.927922 0.446706 0.879432 0.393017 0.761866 0.333289 0.810357
0 0.843813 0.380728 0.903606 0.327127 0.848779 0.218396 0.788986 0.271997
0 0.132643 0.847942 0.180291 0.777947 0.119719 0.704642 0.0720701 0.774637
0 0.359649 0.274817 0.409578 0.222677 0.351701 0.124148 0.301771 0.176289
0 0.0153232 0.984487 0.0514237 0.927643 0.00213236 0.871992 -0.0339681 0.928835
0 0.557663 0.0802548 0.578868 0.0221607 0.528983 -0.0102088 0.507779 0.0478853
0 0.0243102 0.603958 0.0866933 0.526071 0.0449225 0.466594 -0.0174606 0.544481
0 0.212077 0.761167 0.263294 0.696076 0.214516 0.627842 0.163299 0.692932
0 0.749558 0.856004 0.899969 0.657611 0.832325 0.56644 0.681915 0.764833
0 0.355634 0.973935 0.394452 0.922744 0.351303 0.864576 0.312485 0.915767
0 0.522379 0.427503 0.5673 0.374116 0.516189 0.29766 0.471268 0.351048
0 0.290798 1.03169 0.308462 0.966544 0.236767 0.931986 0.219103 0.997136
0 0.318364 1.01752 0.35526 0.953149 0.288684 0.885308 0.251788 0.949679
0 0.49903 0.136408 0.544592 0.0749741 0.487277 -0.000594032 0.441715 0.0608403
0 0.502289 1.00742 0.590026 1.00475 0.588853 0.935962 0.501115 0.938623
0 0.281831 0.0522498 0.286025 -0.0209661 0.22544 -0.0271349 0.221247 0.0460811
0 0.0430776 0.94643 0.091028 0.899962 0.0383116 0.803254 -0.00963881 0.849722
0 0.688066 0.244182 0.737938 0.193592 0.684783 0.100432 0.63491 0.151021
0 0.554672 0.0397351 0.61154 0.0386237 0.611059 -0.00513345 0.554191 -0.00402205
0 0.4096 0.0865951 0.428118 0.0130693 0.378059 -0.00934477 0.359541 0.0641811
0 0.945137 0.234413 1.00335 0.232092 1.00036 0.0989915 0.942152 0.101312
0 0.240823 0.59258 0.28317 0.533504 0.226966 0.46188 0.184618 0.520956
0 0.936674 0.99442 1.00391 0.99226 1.00137 0.851652 0.934134 0.853811
0 0.503284 0.302439 0.531864 0.274414 0.497814 0.212683 0.469235 0.240708
0 1.01034 1.00255 1.02613 0.86854 0.968087 0.856384 0.952298 0.990397
0 0.689358 0.243408 0.740243 0.182286 0.704472 0.129344 0.653587 0.190465
0 0.327346 0.32673 0.341899 0.194467 0.246824 0.175868 0.232271 0.308132
0 0.514462 0.369724 0.568286 0.304045 0.533667 0.253609 0.479843 0.319288
0 0.871905 0.680381 0.926214 0.629364 0.874732 0.531937 0.820423 0.582955
0 0.304787 0.301991 0.306812 0.202612 0.237984 0.200118 0.235959 0.299496
