0 0.736248 0.826247 0.908318 0.766527 0.86969 0.703923 0.697621 0.763644
0 0.88462 0.778063 1.02844 0.728768 0.994491 0.673049 0.850668 0.722344
0 0.813487 0.985574 1.0402 0.911336 1.00237 0.846363 0.775664 0.920601
0 0.692904 0.243002 0.779599 0.217158 0.706867 0.0799179 0.620172 0.105762
0 0.748184 0.344442 0.832182 0.316967 0.764597 0.200742 0.680599 0.228217
0 0.642635 0.813425 0.741893 0.780264 0.603486 0.547232 0.504228 0.580393
0 0.635752 0.133335 0.721149 0.105855 0.647531 -0.0228325 0.562134 0.00464721
0 0.0787887 0.103149 0.0818189 0.0143198 -0.0106183 0.0125461 -0.0136485 0.101376
0 0.856067 0.570743 1.04105 0.509278 1.00568 0.44941 0.820702 0.510876
0 0.786203 0.489209 0.865649 0.461596 0.782403 0.326873 0.702957 0.354487
0 0.973943 0.287792 1.05848 0.257627 0.901281 0.00979706 0.816739 0.0399621
0 0.367245 0.738254 0.444307 0.714081 0.358944 0.561006 0.281882 0.585179
0 0.452463 1.03673 0.544723 1.00838 0.450194 0.83534 0.357934 0.863691
0 0.390003 0.916743 0.48563 0.884541 0.378266 0.705201 0.282639 0.737403
0 0.742229 1.02202 0.853963 0.999878 0.841714 0.965115 0.72998 0.987261
0 0.196953 0.0375748 0.345727 0.0176428 0.336314 -0.0218799 0.18754 -0.00194788
0 0.377783 0.344227 0.49259 0.307685 0.343813 0.0447556 0.229005 0.0812974
0 0.180259 0.414064 0.279712 0.380764 0.123515 0.118357 0.0240619 0.151657
0 -0.0029217 0.722871 0.0504453 0.720284 0.0400268 0.599373 -0.0133402 0.60196
0 0.536232 0.63968 0.642003 0.606492 0.490939 0.335683 0.385168 0.368871
0 0.318901 0.674216 0.41089 0.644446 0.271945 0.402946 0.179956 0.432716
0 0.86433 0.562753 0.949289 0.525672 0.912642 0.478442 0.827682 0.515523
0 0.90404 0.171431 0.986702 0.143067 0.879863 -0.0320736 0.797201 -0.00370941
0 -0.00203763 0.624236 0.026047 0.624128 0.0255897 0.55713 -0.00249495 0.557238
0 0.196613 0.460322 0.246138 0.442534 0.199856 0.370053 0.150332 0.387842
0 0.980411 0.271874 1.04485 0.251311 0.981099 0.13894 0.916662 0.159503
0 0.549732 0.136328 0.561555 0.0794576 0.461626 0.0677718 0.449803 0.124642
0 0.195727 0.468748 0.275166 0.441103 0.216462 0.346218 0.137023 0.373864
