0 0.320601 0.645694 0.323618 0.571998 0.225797 0.569745 0.222779 0.643441
0 0.436105 0.408093 0.555387 0.363752 0.526783 0.320469 0.407502 0.36481
0 0.237476 0.662866 0.240862 0.606316 0.158432 0.60354 0.155047 0.66009
0 0.993099 0.661204 0.994906 0.565694 0.868556 0.56435 0.866749 0.659859
0 0.403293 0.627976 0.425842 0.551928 0.316568 0.533703 0.294019 0.609751
0 0.814424 0.461742 0.891322 0.402306 0.819237 0.349845 0.742339 0.40928
0 0.389021 0.745501 0.49251 0.713968 0.437759 0.612893 0.33427 0.644426
0 0.240406 0.298559 0.277729 0.192989 0.13666 0.164936 0.0993375 0.270505
0 0.113091 0.589634 0.176291 0.56999 0.138467 0.50154 0.0752667 0.521184
0 0.298548 0.771141 0.386018 0.749662 0.343963 0.653329 0.256493 0.674808
0 0.275262 0.994461 0.463093 0.975824 0.452431 0.91538 0.264601 0.934017
0 0.812707 0.598325 0.903638 0.541549 0.811994 0.458988 0.721063 0.515764
0 0.453496 0.87192 0.549857 0.803681 0.44305 0.718844 0.34669 0.787084
0 0.0204763 0.992348 0.123155 0.943701 0.0776497 0.889674 -0.0250292 0.938321
0 0.168505 0.573347 0.263347 0.549221 0.238173 0.493555 0.143331 0.517681
0 0.332707 0.363037 0.339497 0.263051 0.203692 0.257863 0.196902 0.35785
0 0.208019 0.16807 0.47852 0.0586413 0.4236 -0.0177224 0.153099 0.0917066
0 0.106921 0.614845 0.11076 0.533352 -0.00587945 0.530262 -0.00971805 0.611754
0 0.0873468 0.919751 0.0885537 0.853327 -0.00907494 0.852329 -0.0102819 0.918753
0 0.813285 0.339853 0.880428 0.310719 0.796538 0.201969 0.729395 0.231104
0 0.499003 0.500118 0.708069 0.39964 0.635951 0.315233 0.426885 0.415712
0 0.448008 0.603745 0.520014 0.55901 0.451334 0.496828 0.379328 0.541563
0 0.77048 0.23381 0.823879 0.212873 0.763515 0.126273 0.710115 0.147211
0 0.59147 0.543229 0.719173 0.485281 0.673567 0.428746 0.545864 0.486694
0 -0.0170416 0.543141 0.0780715 0.542904 0.0776248 0.442057 -0.0174883 0.442294
0 0.374719 0.208137 0.441273 0.180869 0.385458 0.104241 0.318904 0.13151
0 0.574609 0.9978 0.646542 0.955916 0.562304 0.874537 0.490371 0.916421
0 0.807484 0.738306 0.888333 0.693953 0.80118 0.604591 0.720332 0.648944
0 0.646896 0.971051 0.716644 0.936313 0.641102 0.850995 0.571354 0.885733
0 0.005384 0.327002 0.141274 0.286635 0.100209 0.208875 -0.0356813 0.249243
0 0.584287 0.67403 0.658248 0.61396 0.568998 0.552147 0.495037 0.612217
0 0.945081 0.788498 1.01612 0.758589 0.949593 0.669695 0.878549 0.699604
0 0.204853 0.465433 0.330613 0.422301 0.294421 0.362943 0.168661 0.406075
0 0.518146 0.705037 0.573532 0.683623 0.515837 0.599687 0.460451 0.621101
0 0.208411 0.859381 0.372231 0.81473 0.349013 0.766814 0.185193 0.811465
0 0.0573765 0.724811 0.182559 0.724028 0.181542 0.632571 0.0563592 0.633354
0 0.967739 0.534297 1.00324 0.435624 0.863292 0.407301 0.82779 0.505973
0 0.442875 0.90272 0.549388 0.865047 0.522104 0.821654 0.41559 0.859326
0 0.204866 0.800088 0.211417 0.718661 0.0954773 0.713414 0.0889268 0.794842
0 0.852275 0.690558 0.910703 0.665304 0.846194 0.581349 0.787766 0.606603
0 0.531012 1.02494 0.580313 0.991896 0.508592 0.931704 0.459291 0.964748
0 0.896184 0.821406 0.965974 0.783745 0.872725 0.686545 0.802935 0.724207
0 0.87749 0.429096 0.940499 0.404829 0.88454 0.323099 0.82153 0.347366
0 0.716604 0.932095 0.906975 0.831956 0.824417 0.743671 0.634045 0.843809
0 0.319635 0.22823 0.380354 0.194676 0.316205 0.12938 0.255487 0.162934
0 0.175041 0.125389 0.444093 0.0441554 0.39303 -0.050977 0.123979 0.0302563
0 0.573176 0.789138 0.608405 0.734548 0.530043 0.706103 0.494814 0.760692
0 0.63166 0.744013 0.736497 0.700251 0.699608 0.650541 0.594771 0.694303
0 0.50341 0.166771 0.58078 0.122023 0.499961 0.0434212 0.422591 0.0881699
0 0.170158 0.0872359 0.413518 0.0115712 0.376885 -0.0547038 0.133525 0.020961
0 0.752474 0.389077 0.78 0.333411 0.704087 0.312296 0.676561 0.367963
0 -0.00906273 1.0061 0.137694 1.00521 0.137136 0.953578 -0.00962034 0.95447
0 0.983177 0.620659 1.05021 0.592028 0.996097 0.520771 0.929068 0.549401
0 0.441875 0.187604 0.527064 0.149876 0.46606 0.072396 0.380872 0.110124
0 0.406751 0.373995 0.529631 0.326389 0.495021 0.276138 0.372141 0.323744
0 0.208259 0.947553 0.274388 0.929791 0.259066 0.897703 0.192937 0.915466
0 0.247562 0.998117 0.303705 0.969821 0.261203 0.922386 0.205061 0.950682
0 0.538326 0.136925 0.722684 0.116438 0.707325 0.0386908 0.522967 0.0591776
0 0.52504 0.139631 0.679463 0.105394 0.641253 0.00845253 0.48683 0.0426895
0 -0.00716001 0.859634 0.0571484 0.851281 0.0355806 0.757883 -0.0287278 0.766237
0 0.762304 0.614852 0.81398 0.585147 0.754705 0.527142 0.703028 0.556846
0 0.932243 0.725697 1.02048 0.724928 1.0191 0.635394 0.930856 0.636163
0 0.821554 0.884359 0.899436 0.830346 0.812419 0.759768 0.734537 0.813781
0 0.272148 0.772828 0.313922 0.730037 0.240711 0.689836 0.198937 0.732627
0 0.08521 0.731995 0.192534 0.717729 0.180175 0.665428 0.0728506 0.679695
0 0.28452 1.01347 0.467829 0.999501 0.461579 0.95335 0.278269 0.967316
0 0.732366 0.619912 0.732804 0.562706 0.657447 0.562381 0.657008 0.619587
0 0.682964 1.05556 0.93724 0.900304 0.876018 0.843903 0.621741 0.999163
0 0.0810829 0.407964 0.186651 0.377787 0.135415 0.276965 0.0298467 0.307142
0 0.23194 0.794475 0.315547 0.755756 0.266326 0.695972 0.18272 0.734691
0 0.0485137 0.485031 0.0551268 0.424051 -0.0151856 0.419762 -0.0217988 0.480742
0 0.692419 0.768565 0.774182 0.724809 0.736859 0.68558 0.655097 0.729337
0 0.769114 0.368848 0.831476 0.338829 0.742598 0.234972 0.680236 0.264991
0 0.381287 0.340715 0.500605 0.293085 0.465973 0.244284 0.346655 0.291915
0 0.397142 0.409489 0.39892 0.352258 0.318533 0.350854 0.316755 0.408084
0 0.589277 0.340713 0.718286 0.290917 0.681367 0.237116 0.552358 0.286912
0 0.519165 0.843147 0.575236 0.817534 0.494717 0.71838 0.438645 0.743993
0 0.302473 1.01476 0.476038 1.00529 0.4725 0.968843 0.298936 0.978321
0 0.331516 0.484941 0.455966 0.438336 0.416679 0.379325 0.292229 0.425931
0 1.01444 0.89694 1.01563 0.788785 0.912453 0.788148 0.911266 0.896303
0 0.0498194 1.00303 0.140698 1.00205 0.140088 0.970203 0.0492095 0.971182
0 0.987642 0.745787 1.04238 0.726476 0.992321 0.646647 0.937579 0.665957
0 0.449633 0.0491384 0.458795 0.00309315 0.273098 -0.0176908 0.263936 0.0283545
0 0.961416 0.842086 1.00627 0.840527 1.00263 0.781642 0.957776 0.783201
0 0.258003 0.552763 0.480384 0.484752 0.453638 0.43556 0.231257 0.503571
