0 0.551673 0.576721 0.681249 0.517018 0.652238 0.454053 0.522662 0.513756
0 0.874003 0.228354 1.01984 0.171222 0.982512 0.0759239 0.836671 0.133056
0 0.59802 0.739631 0.868451 0.618584 0.840203 0.555474 0.569772 0.676521
0 0.482015 0.563857 0.556475 0.53066 0.452238 0.296864 0.377778 0.330061
0 0.860992 0.451625 1.00662 0.383712 0.978929 0.324346 0.833306 0.392259
0 0.666121 1.01244 0.740088 0.98061 0.620582 0.702877 0.546615 0.734704
0 0.633249 0.537815 0.962555 0.395574 0.940426 0.344345 0.611121 0.486585
0 0.88567 0.758681 0.950603 0.733446 0.894041 0.587907 0.829108 0.613142
0 0.496852 1.02895 0.560619 0.994058 0.50088 0.88489 0.437113 0.919784
0 0.807678 0.132563 0.860327 0.104875 0.797009 -0.0155242 0.74436 0.0121642
0 0.62127 0.328763 0.898098 0.219386 0.871774 0.152759 0.594945 0.262136
0 0.588335 0.237659 0.648829 0.209338 0.586876 0.0770038 0.526382 0.105324
0 0.93232 0.853971 0.993868 0.829866 0.938356 0.688127 0.876808 0.712232
0 0.275216 0.488187 0.333213 0.463937 0.269273 0.311017 0.211276 0.335268
0 0.293623 0.667184 0.36511 0.6347 0.28348 0.455059 0.211993 0.487543
0 0.399773 0.921087 0.47223 0.887871 0.358095 0.6389 0.285638 0.672115
0 0.981998 0.948536 1.03068 0.92757 0.97897 0.807498 0.930287 0.828464
0 0.351589 0.238294 0.424306 0.20732 0.321425 -0.034214 0.248708 -0.00324037
0 0.4331 0.921235 0.470589 0.905202 0.426658 0.802486 0.389169 0.818519
0 0.962827 0.386003 1.00224 0.384911 1.00016 0.309984 0.960751 0.311076
0 0.417989 0.944782 0.476704 0.916694 0.402999 0.762624 0.344284 0.790712
0 0.64573 0.541082 0.830196 0.467532 0.804608 0.403357 0.620142 0.476907
0 0.574057 0.0919098 0.628464 0.0666308 0.584848 -0.0272447 0.53044 -0.00196571
0 0.170132 0.259735 0.243394 0.226594 0.124498 -0.0362457 0.051235 -0.00310512
0 -0.00217754 0.472589 0.0377318 0.469948 0.0297631 0.34953 -0.0101463 0.352171
0 -0.012224 0.994909 0.137344 0.989304 0.129297 0.774579 -0.0202711 0.780185
0 0.32174 0.74231 0.376773 0.714694 0.332068 0.625608 0.277035 0.653224
0 0.404962 0.395753 0.483345 0.362745 0.363429 0.0779769 0.285045 0.110984
0 0.704719 0.0432671 0.793564 0.0423907 0.792982 -0.0165848 0.704137 -0.0157084
0 0.240962 0.428503 0.310349 0.398583 0.203014 0.149671 0.133628 0.179591
0 0.662823 1.00988 0.740212 1.0041 0.737363 0.965908 0.659975 0.97168
0 0.721371 1.01791 0.782532 0.998945 0.773006 0.96823 0.711845 0.987199
0 0.975928 0.960496 1.01187 0.944816 0.986944 0.887697 0.951006 0.903377
0 -0.00152562 0.374245 0.0194449 0.374138 0.0191051 0.307228 -0.00186545 0.307334
0 0.0169564 1.0102 0.101714 1.00208 0.0982023 0.965401 0.0134449 0.973515
0 0.153966 0.233408 0.217409 0.203765 0.160296 0.0815299 0.0968528 0.111173
0 0.292043 0.657394 0.324617 0.642605 0.2921 0.570981 0.259526 0.58577
0 0.776564 0.660995 0.868086 0.625711 0.842606 0.559619 0.751084 0.594903
