0 0.146304 0.627213 0.150485 0.549446 0.0268165 0.545706 0.0226355 0.623473
0 0.392603 0.181823 0.412735 0.0919587 0.314861 0.0796248 0.294729 0.169489
0 0.30031 0.305466 0.311679 0.226458 0.233611 0.220139 0.222242 0.299147
0 0.384443 0.340722 0.393831 0.228898 0.296275 0.224291 0.286888 0.336116
0 0.767239 1.00008 0.772457 0.88095 0.607407 0.876883 0.60219 0.996011
0 0.63756 0.192121 0.644679 0.105011 0.47923 0.0974049 0.472111 0.184515
0 0.162308 0.153971 0.169576 0.0618299 0.0867524 0.0581554 0.0794849 0.150296
0 0.631977 0.062396 0.633782 0.00270972 0.493486 0.00032334 0.491681 0.0600097
0 0.22906 0.162611 0.243736 0.0649212 0.169707 0.0586654 0.155031 0.156355
0 0.30152 0.168069 0.31866 0.070515 0.241045 0.0628443 0.223905 0.160398
0 0.290288 1.03163 0.316737 0.927471 0.181616 0.90817 0.155166 1.01233
0 0.316312 0.9331 0.324429 0.873922 0.178611 0.862671 0.170493 0.921849
0 0.797672 0.630117 0.800679 0.548428 0.698332 0.546309 0.695325 0.627998
0 0.832031 0.387986 0.836164 0.262004 0.71364 0.259743 0.709508 0.385725
0 0.651704 0.338304 0.657274 0.243846 0.467687 0.237558 0.462117 0.332015
0 0.716549 0.350234 0.722821 0.251133 0.646096 0.248401 0.639824 0.347502
0 0.106956 0.968257 0.115762 0.902611 0.00106293 0.893956 -0.00774319 0.959603
0 0.237102 0.0455172 0.240228 -0.00196437 0.164779 -0.00475865 0.161653 0.0427229
0 0.324028 0.0548278 0.32612 -0.000640837 0.238277 -0.00250438 0.236185 0.0529642
0 0.69979 0.551133 0.817593 0.550071 0.816117 0.457973 0.698315 0.459034
0 0.624507 0.107014 0.626919 0.0568151 0.489928 0.0531114 0.487515 0.10331
0 0.843576 0.208332 0.85593 0.106032 0.774157 0.100477 0.761804 0.202777
0 0.547687 0.528002 0.548351 0.468308 0.436201 0.467607 0.435537 0.5273
0 0.382626 0.449595 0.38586 0.33551 0.268589 0.33364 0.265356 0.447726
0 0.346333 0.649595 0.349866 0.544383 0.215018 0.541836 0.211486 0.647048
0 0.416371 0.0959487 0.420148 0.0316049 0.336066 0.0288286 0.332289 0.0931723
0 0.0626936 0.153666 0.0703252 0.0631673 -0.00614065 0.0595401 -0.0137723 0.150039
0 0.594388 0.372876 0.599638 0.315851 0.464762 0.308867 0.459513 0.365892
0 0.546077 0.629994 0.664282 0.55565 0.608134 0.505433 0.489929 0.579777
0 0.579345 0.478441 0.583099 0.412801 0.44685 0.408418 0.443095 0.474058
0 0.338999 0.712904 0.342049 0.64099 0.204504 0.637708 0.201453 0.709622
0 0.327169 0.877333 0.33248 0.746398 0.176453 0.742838 0.171142 0.873773
0 0.153486 0.696027 0.15641 0.621458 0.0154138 0.618347 0.0124891 0.692916
0 0.851235 0.100481 0.85233 0.025614 0.698836 0.0243515 0.697742 0.0992188
0 0.794479 0.719112 0.794969 0.621128 0.673108 0.620785 0.672618 0.718769
0 0.585046 0.426633 0.58919 0.366913 0.453612 0.361621 0.449468 0.421342
0 0.161274 0.0420014 0.162915 -0.00347504 0.0849216 -0.00505752 0.0832812 0.0404189
0 0.830509 0.471767 0.832844 0.388787 0.710831 0.386855 0.708495 0.469835
0 0.134214 0.798503 0.138463 0.734153 0.0129954 0.729494 0.00874722 0.793844
0 0.235698 0.322553 0.245632 0.218001 0.0867231 0.209508 0.076789 0.31406
0 0.770152 0.193752 0.778509 0.0989158 0.707122 0.0953771 0.698765 0.190213
0 0.70583 0.191529 0.715628 0.0852438 0.632815 0.0809493 0.623016 0.187235
0 0.0972936 1.00422 0.0991561 0.956518 0.00236337 0.954392 0.000500886 1.00209
0 0.098779 0.505021 0.122612 0.377141 0.0495967 0.369486 0.0257634 0.497367
0 0.54056 1.04719 0.634346 0.969539 0.548502 0.911217 0.454716 0.988867
0 0.854651 0.0356876 0.855158 -0.000772798 0.710717 -0.00190177 0.710211 0.0345586
0 0.419923 0.0393827 0.420315 -0.00179164 0.329634 -0.00227644 0.329243 0.0388979
0 0.129734 0.909124 0.138833 0.785875 0.00786374 0.780436 -0.00123555 0.903685
0 0.082515 0.0402969 0.0843513 -0.000410443 0.00447862 -0.00243709 0.00264238 0.0382702
0 0.140192 0.507438 0.217664 0.451364 0.0918927 0.35362 0.01442 0.409694
0 0.204807 0.590194 0.31061 0.526025 0.25807 0.477296 0.152267 0.541465
0 0.177969 0.544182 0.257351 0.471946 0.200502 0.436806 0.121121 0.509042
0 0.49199 0.585483 0.585465 0.538493 0.543723 0.491785 0.450248 0.538776
0 0.130618 0.553354 0.133401 0.498334 0.0341191 0.495509 0.0313355 0.550528
0 0.140757 0.74734 0.151178 0.68778 0.0160781 0.674483 0.00565656 0.734043
0 0.589238 0.665596 0.658338 0.617572 0.613209 0.581046 0.544109 0.62907
0 0.678307 0.713452 0.695541 0.649087 0.616737 0.637219 0.599504 0.701584
0 0.29499 0.387436 0.299299 0.327392 0.211841 0.323862 0.207533 0.383906
0 0.330732 0.767463 0.338243 0.710199 0.206838 0.700504 0.199327 0.757767
0 0.55258 1.015 0.562926 0.95418 0.455155 0.943867 0.444809 1.00468
0 0.75642 1.00227 0.756742 0.987635 0.665536 0.986507 0.665214 1.00115
0 0.997318 0.757883 1.00195 0.634232 0.96358 0.633424 0.958951 0.757075
0 0.129315 0.851554 0.131704 0.796183 0.0677797 0.794631 0.0653904 0.850002
0 0.248356 0.266324 0.252164 0.220414 0.0911502 0.212902 0.0873423 0.258811
0 0.125201 0.903403 0.127122 0.854579 0.0607366 0.85311 0.058816 0.901934
0 0.634736 0.0127022 0.635174 0.000198743 0.508612 -0.00229482 0.508174 0.0102087
