0 0.847126 0.668529 1.01841 0.629586 1.00441 0.52013 0.833128 0.559074
0 0.570775 0.751584 0.678014 0.698754 0.624688 0.506318 0.517449 0.559149
0 0.524486 0.60038 0.610452 0.550741 0.522018 0.278467 0.436052 0.328106
0 0.739009 1.03203 0.879615 0.985296 0.843919 0.794381 0.703313 0.841119
0 0.66298 0.711251 0.870642 0.665137 0.8573 0.558322 0.649638 0.604436
0 0.78315 0.405096 0.922961 0.328804 0.896689 0.243213 0.756878 0.319505
0 0.0587704 0.886453 0.374549 0.693569 0.341902 0.598549 0.026123 0.791433
0 0.143176 0.581946 0.302115 0.490915 0.270081 0.391482 0.111142 0.482512
0 0.724708 0.283305 0.784306 0.253484 0.734798 0.0775858 0.6752 0.107407
0 0.255188 0.431312 0.326109 0.387173 0.25239 0.176596 0.181468 0.220735
0 0.392045 0.898446 0.466021 0.860416 0.403651 0.644735 0.329676 0.682765
0 0.929657 0.997465 0.999623 0.996519 0.998806 0.889066 0.92884 0.890012
0 1.00356 0.107083 1.00394 -0.00499818 0.878333 -0.00577036 0.877945 0.106311
0 0.200269 0.950959 0.356582 0.881113 0.329964 0.775214 0.173652 0.84506
0 0.29062 1.03549 0.413297 0.987165 0.395382 0.906325 0.272705 0.954655
0 0.680158 0.131394 0.739772 0.098777 0.700233 -0.029696 0.640618 0.00292142
0 0.162182 0.273325 0.233501 0.230614 0.139615 -0.0480939 0.0682953 -0.00538316
0 0.933578 0.839701 1.00295 0.838102 1.00154 0.729268 0.932167 0.730867
0 0.426957 0.371768 0.502231 0.328341 0.383658 -0.0370381 0.308385 0.00638897
0 0.249512 0.431353 0.298692 0.401348 0.23553 0.217302 0.18635 0.247307
0 0.178823 0.236787 0.226161 0.208068 0.169407 0.0417607 0.122069 0.0704802
0 0.20806 1.01017 0.290609 1.00729 0.289237 0.937294 0.206687 0.94017
0 -0.000469489 0.997076 0.0524471 0.996683 0.0519825 0.885491 -0.000934036 0.885884
0 0.11093 0.863348 0.237298 0.777027 0.201466 0.683771 0.0750977 0.770091
0 0.00301901 0.997189 0.0454305 0.995136 0.0433726 0.919561 0.000961119 0.921614
0 0.352996 1.04297 0.41079 0.976053 0.379218 0.927578 0.321424 0.994496
0 0.0548028 0.584819 0.0565343 0.364667 -0.00826762 0.363761 -0.0099991 0.583913
