0 0.109706 0.502981 0.112857 0.399277 0.020057 0.394265 0.0169064 0.497969
0 0.884956 0.290321 0.896285 0.188004 0.793724 0.167816 0.782395 0.270133
0 0.575656 1.0004 0.579864 0.841557 0.455241 0.835688 0.451033 0.994534
0 0.94363 0.281111 0.948018 0.194604 0.885481 0.188966 0.881093 0.275473
0 0.217721 1.04215 0.237554 0.90329 0.136211 0.877556 0.116377 1.01641
0 0.237234 0.9108 0.243322 0.831895 0.133958 0.816894 0.12787 0.895799
0 0.928341 0.611879 0.930673 0.507082 0.876707 0.504947 0.874375 0.609743
0 0.0802168 0.957674 0.0868227 0.870151 0.000798226 0.858608 -0.00580773 0.946132
0 0.598251 0.506658 0.600287 0.397704 0.523836 0.395165 0.5218 0.504119
0 0.450816 0.165172 0.453374 0.0844523 0.343947 0.0782883 0.34139 0.159008
0 0.411256 0.370589 0.411815 0.29112 0.326941 0.290059 0.326382 0.369527
0 0.998666 0.635643 1.00014 0.509505 0.923065 0.507905 0.921592 0.634043
0 0.486049 0.0985082 0.488189 0.00319985 0.348866 -0.0023627 0.346725 0.0929456
0 0.624016 0.185513 0.627845 0.0150423 0.536763 0.0114058 0.532934 0.181877
0 0.259762 0.532866 0.262458 0.392769 0.161313 0.38931 0.158617 0.529406
0 0.285988 0.267452 0.289281 0.112218 0.203842 0.108996 0.200549 0.26423
0 0.886001 0.622848 0.886744 0.394611 0.754097 0.393843 0.753354 0.622079
0 0.52462 0.401598 0.613423 0.400336 0.612391 0.271163 0.523587 0.272425
0 0.254258 0.617198 0.256546 0.521328 0.153376 0.516951 0.151088 0.61282
0 0.434146 0.304484 0.436945 0.221092 0.334496 0.21498 0.331697 0.298371
0 0.245373 0.836444 0.249356 0.66187 0.132337 0.657124 0.128354 0.831698
0 0.960275 0.0875901 0.963085 0.000663608 0.830451 -0.00695878 0.827641 0.0799678
0 0.115098 0.594474 0.117282 0.495249 0.0115548 0.491112 0.0093709 0.590337
0 0.409026 0.50665 0.498325 0.408229 0.45663 0.340974 0.367331 0.439395
0 0.289059 0.123512 0.295356 0.00172929 0.221098 -0.00509619 0.214802 0.116687
0 0.595934 0.625258 0.596136 0.494367 0.505016 0.494117 0.504814 0.625008
0 0.999153 0.283409 1.00385 0.197918 0.946284 0.192299 0.941589 0.277789
0 0.917354 0.999785 0.9969 0.999086 0.99652 0.922222 0.916974 0.922921
0 0.438468 0.234105 0.441789 0.157295 0.340054 0.149476 0.336734 0.226287
0 0.227757 0.0730511 0.230519 -0.00123732 0.17082 -0.00518386 0.168058 0.0691045
0 0.100662 0.731337 0.103848 0.645533 0.00975438 0.639322 0.00656847 0.725126
0 0.0729692 1.00562 0.0743662 0.942022 0.00177413 0.939187 0.000377138 1.00279
0 0.0741588 0.340326 0.0925067 0.169369 0.037173 0.158812 0.0188251 0.329768
0 0.998848 0.10327 1.00116 0.0101326 0.954225 0.00806572 0.951918 0.101203
0 0.40438 1.06358 0.47569 0.959395 0.411664 0.88149 0.340354 0.985676
0 0.536354 0.132707 0.53836 0.054156 0.482651 0.0516268 0.480645 0.130177
0 0.0972991 0.878831 0.104122 0.714506 0.00590311 0.707256 -0.000919412 0.871581
0 0.105274 0.344149 0.1634 0.268272 0.0677533 0.138012 0.00962699 0.213889
0 0.622889 0.29753 0.625127 0.184385 0.532756 0.181138 0.530519 0.294283
0 0.539806 0.0816256 0.540693 0.00543389 0.484173 0.00426433 0.483286 0.080456
0 0.153687 0.453529 0.232835 0.367703 0.193385 0.303027 0.114237 0.388853
0 0.920982 0.792675 0.922968 0.693222 0.839372 0.690254 0.837385 0.789707
0 0.13399 0.392003 0.192672 0.295611 0.149761 0.249168 0.0910783 0.34556
0 0.367975 0.447076 0.440422 0.385332 0.40997 0.321809 0.337522 0.383553
0 0.105567 0.663119 0.113386 0.583704 0.0120588 0.565968 0.00424001 0.645384
0 0.0977335 0.404536 0.0998918 0.331523 0.0256204 0.32762 0.0234621 0.400633
0 0.442006 0.554275 0.493818 0.490124 0.459782 0.441255 0.407971 0.505407
0 0.508915 0.617699 0.521407 0.532167 0.46225 0.516806 0.449757 0.602338
0 0.248047 0.689956 0.25368 0.613596 0.155126 0.600672 0.149493 0.677032
0 0.414832 1.02062 0.423058 0.938708 0.341868 0.924213 0.333642 1.00612
0 0.88585 0.96826 0.92128 0.967966 0.920668 0.836643 0.885238 0.836937
0 0.170511 0.113007 0.180611 -0.0016758 0.0977607 -0.0146474 0.0876607 0.100035
0 0.567526 1.00305 0.567761 0.98348 0.499149 0.982013 0.498914 1.00158
0 1.00137 0.393209 1.003 0.284599 0.982129 0.284043 0.980501 0.392653
0 0.89575 0.966174 0.898314 0.819326 0.82228 0.816966 0.819716 0.963814
0 0.647559 1.00205 0.696464 1.00167 0.696203 0.94134 0.647298 0.941716
0 0.0969847 0.802072 0.0987766 0.728243 0.0508323 0.726174 0.0490404 0.800003
0 0.0939004 0.871204 0.0953409 0.806105 0.0455565 0.804147 0.044116 0.869245
0 0.171156 0.110617 0.180636 -0.00177594 0.129707 -0.00941311 0.120227 0.10298
0 1.00079 0.703414 1.00189 0.631691 0.964135 0.630666 0.96304 0.702389
