0 0.84714 0.751415 1.01842 0.722195 1.00441 0.640082 0.833132 0.669301
0 0.570772 0.813705 0.678018 0.77408 0.624688 0.629741 0.517441 0.669367
0 0.524623 0.700325 0.610564 0.663057 0.522016 0.458862 0.436074 0.49613
0 0.739003 1.02402 0.87961 0.988977 0.843922 0.845789 0.703316 0.880834
0 0.662987 0.783441 0.870648 0.748873 0.85731 0.66875 0.649649 0.703319
0 0.782535 0.553401 0.922783 0.497041 0.896885 0.432594 0.756636 0.488955
0 0.34753 0.241684 0.621047 0.119626 0.591985 0.0545006 0.318468 0.176559
0 0.0587753 0.914843 0.374544 0.770174 0.341895 0.698911 0.0261262 0.843579
0 0.143238 0.686458 0.302135 0.618115 0.270059 0.543537 0.111162 0.611879
0 0.81207 0.172017 1.0318 0.0796911 0.99911 0.00189162 0.77938 0.0942174
0 0.900093 0.348511 1.02897 0.301252 0.994865 0.208262 0.865992 0.255521
0 0.723693 0.462284 0.784102 0.440379 0.736061 0.307891 0.675652 0.329795
0 0.254924 0.573431 0.325887 0.540419 0.252569 0.382813 0.181606 0.415824
0 0.392051 0.923829 0.466026 0.895307 0.403659 0.733551 0.329684 0.762073
0 0.929657 0.998099 0.999626 0.99739 0.998809 0.916803 0.92884 0.917512
0 0.679638 0.352778 0.742966 0.328844 0.69096 0.191239 0.627631 0.215174
0 0.200271 0.963199 0.356575 0.910824 0.329965 0.831412 0.173661 0.883787
0 0.415368 0.515662 0.490981 0.483243 0.370684 0.202666 0.295071 0.235085
0 0.290622 1.02662 0.413285 0.990383 0.395373 0.929752 0.272709 0.965991
0 0.298736 0.0836729 0.454244 0.00679224 0.421184 -0.060079 0.265676 0.0168017
0 0.636239 0.259822 0.700983 0.23405 0.642989 0.0883554 0.578245 0.114127
0 0.933574 0.879776 1.00295 0.878578 1.00154 0.796948 0.932165 0.798147
0 0.183244 0.420764 0.219901 0.405293 0.177992 0.305991 0.141335 0.321462
0 0.0425637 0.170224 0.117923 0.133659 0.0385527 -0.0299192 -0.0368064 0.00664596
0 0.150513 0.418467 0.222117 0.385129 0.102513 0.128245 0.0309091 0.161584
0 0.290527 0.0479835 0.294396 -0.00844369 0.199907 -0.014923 0.196038 0.0415042
0 0.175034 0.437873 0.225389 0.41375 0.155945 0.26879 0.10559 0.292913
0 0.24945 0.573272 0.29923 0.550434 0.236256 0.413171 0.186476 0.436009
0 0.208055 1.00762 0.290608 1.00546 0.289236 0.952974 0.206683 0.955132
0 0.0703033 0.236755 0.121644 0.211313 0.0812423 0.129785 0.0299015 0.155227
0 0.589827 0.0462262 0.678182 0.0442603 0.676983 -0.00962166 0.588628 -0.00765574
0 -0.000466473 0.997805 0.0524403 0.997512 0.0519785 0.914119 -0.000928231 0.914412
0 0.110933 0.89751 0.2373 0.832767 0.201467 0.762827 0.0751004 0.82757
0 0.0030191 0.997893 0.0454301 0.996353 0.0433726 0.93967 0.000961578 0.94121
0 0.352993 1.03222 0.410788 0.982042 0.379229 0.945694 0.321433 0.995876
0 0.0551 0.68865 0.0568429 0.523551 -0.00830627 0.522863 -0.0100492 0.687962
0 0.531558 0.155302 0.612762 0.11751 0.584726 0.0572693 0.503522 0.095062
