0 0.0370111 0.157232 0.223521 0.0724744 0.190722 0.000299312 0.00421203 0.0850565
0 0.771366 0.148989 0.953235 0.0711677 0.921596 -0.00277429 0.739727 0.0750465
0 0.13293 0.414945 0.331256 0.31572 0.29612 0.24549 0.0977935 0.344715
0 0.54483 0.237422 0.734873 0.156117 0.705185 0.0867227 0.515142 0.168028
0 0.420474 0.292507 0.572913 0.208651 0.538852 0.146734 0.386413 0.23059
0 0.768895 0.493182 0.834614 0.467571 0.780692 0.329206 0.714973 0.354817
0 0.726388 0.386976 0.791944 0.36004 0.732109 0.214414 0.666553 0.241349
0 0.811062 0.594566 0.874314 0.566995 0.823573 0.450585 0.760321 0.478156
0 0.99942 0.0774752 1.01429 -0.00526539 0.924812 -0.0213493 0.90994 0.0613912
0 -0.00541353 0.76591 0.054994 0.765821 0.0548927 0.697701 -0.00551481 0.697791
0 0.891173 0.821666 1.0309 0.76091 1.0041 0.699262 0.864368 0.760018
0 0.895175 1.0399 1.02024 0.985511 0.993212 0.923364 0.868149 0.977751
0 0.839912 0.739557 0.899423 0.711835 0.836549 0.576865 0.777038 0.604587
0 0.717018 1.03462 0.793907 1.00252 0.699749 0.776973 0.62286 0.809072
0 0.901047 0.372565 0.969648 0.344062 0.885401 0.141294 0.816799 0.169797
0 0.127438 1.01339 0.12762 0.903357 0.0144577 0.90317 0.0142754 1.0132
0 0.97954 0.536091 1.04253 0.506623 0.939958 0.287386 0.87697 0.316855
0 0.0603329 0.640453 0.222757 0.526354 0.14424 0.414582 -0.0181841 0.528682
0 0.528089 0.991055 0.585116 0.966927 0.519388 0.811584 0.462361 0.835713
0 0.119439 0.854026 0.242065 0.799888 0.164338 0.623831 0.0417115 0.677969
0 0.298687 0.0393004 0.401789 0.0164251 0.393108 -0.0226994 0.290007 0.000175906
0 0.533866 0.595212 0.620134 0.558469 0.507346 0.293653 0.421077 0.330396
0 0.380154 0.665263 0.457374 0.631521 0.343253 0.370354 0.266033 0.404096
0 0.000590164 0.913565 0.0836259 0.895307 0.0736116 0.849761 -0.00942415 0.868018
0 0.0390588 0.840265 0.05777 0.765058 -0.00122106 0.750381 -0.0199322 0.825588
0 -0.00138255 0.809273 0.0437416 0.8088 0.043256 0.762451 -0.00186819 0.762924
0 0.65189 0.88835 0.731519 0.854822 0.618139 0.585537 0.53851 0.619065
0 0.0156515 0.871868 0.0994564 0.813734 0.0572451 0.752883 -0.0265599 0.811017
0 0.614202 1.00673 0.672358 1.00434 0.670674 0.963363 0.612518 0.965753
0 0.897918 0.813505 0.962857 0.775856 0.934648 0.7272 0.869709 0.764849
0 -0.0020411 1.00243 0.0258033 1.00148 0.0235125 0.934171 -0.00433186 0.935119
0 0.397842 0.709396 0.433697 0.692386 0.399613 0.620541 0.363759 0.63755
0 0.817295 1.03071 0.921371 0.994428 0.90607 0.950533 0.801993 0.986813
0 0.0577718 0.507922 0.112938 0.476799 0.0869213 0.430683 0.0317546 0.461807
0 0.985775 0.521321 1.03319 0.501099 0.986223 0.390961 0.938805 0.411183
0 0.649362 0.202423 0.736559 0.154881 0.695948 0.0803952 0.608751 0.127937
0 0.474608 0.895526 0.547722 0.86479 0.453352 0.640304 0.380239 0.671039
0 0.259285 1.02061 0.351733 0.995463 0.339497 0.950471 0.247049 0.975613
0 0.66328 0.385887 0.671862 0.330122 0.595165 0.31832 0.586584 0.374085
0 0.501441 1.02103 0.559675 0.99151 0.543713 0.960024 0.48548 0.989544
0 0.486647 0.266393 0.573565 0.212859 0.529751 0.141722 0.442833 0.195256
