0 0.109726 0.627215 0.112863 0.549443 0.0201137 0.545702 0.0169768 0.623474
0 0.294456 0.181818 0.309554 0.0919589 0.236143 0.0796249 0.221045 0.169484
0 0.885023 0.467837 0.896197 0.391298 0.793571 0.376316 0.782397 0.452855
0 0.225234 0.305454 0.233759 0.22646 0.175209 0.220142 0.166684 0.299136
0 0.288334 0.340722 0.295375 0.228899 0.222206 0.224292 0.215166 0.336116
0 0.478207 0.192061 0.483472 0.104884 0.359395 0.0973899 0.35413 0.184567
0 0.575653 1.0003 0.579861 0.881168 0.455238 0.876767 0.45103 0.995902
0 0.960853 0.314301 0.963823 0.244302 0.83733 0.238936 0.83436 0.308935
0 0.121731 0.153967 0.127184 0.06183 0.0650659 0.0581537 0.0596129 0.150291
0 0.47395 0.0624103 0.475322 0.00273629 0.370124 0.000317371 0.368751 0.0599914
0 0.943571 0.460977 0.948045 0.395956 0.885572 0.391656 0.881098 0.456678
0 0.171795 0.162615 0.182805 0.0649203 0.127284 0.0586631 0.116274 0.156358
0 0.226138 0.16807 0.238993 0.0705119 0.180782 0.0628414 0.167927 0.1604
0 0.217719 1.03163 0.237555 0.927471 0.136208 0.90817 0.116372 1.01233
0 0.237234 0.9331 0.243322 0.873922 0.133958 0.862671 0.12787 0.921849
0 0.598285 0.629966 0.600356 0.548203 0.523955 0.546267 0.521884 0.62803
0 0.48874 0.337962 0.492887 0.243836 0.350843 0.237578 0.346696 0.331704
0 0.623737 0.388003 0.62687 0.262119 0.53535 0.259842 0.532217 0.385725
0 0.928343 0.708908 0.930678 0.630292 0.876696 0.628689 0.874361 0.707305
0 0.525129 0.551238 0.613221 0.550173 0.612124 0.459435 0.524032 0.4605
0 0.537283 0.350116 0.542132 0.251103 0.484695 0.24829 0.479847 0.347304
0 0.0802208 0.968256 0.0868257 0.902618 0.000795002 0.893961 -0.00580998 0.959599
0 0.177827 0.0455172 0.180171 -0.00196458 0.123584 -0.00475866 0.12124 0.0427231
0 0.243021 0.0548274 0.24459 -0.000640012 0.178708 -0.00250371 0.177139 0.0529637
0 0.468349 0.107046 0.470174 0.0568618 0.367417 0.0531257 0.365592 0.10331
0 0.998669 0.726735 1.00014 0.632116 0.923079 0.630916 0.921606 0.725535
0 0.41081 0.527999 0.411309 0.468314 0.327107 0.467611 0.326608 0.527296
0 0.632184 0.208381 0.641705 0.106231 0.580928 0.100567 0.571407 0.202716
0 0.286969 0.449588 0.289394 0.335513 0.201451 0.333643 0.199026 0.447718
0 0.259749 0.649593 0.262398 0.544377 0.161262 0.54183 0.158612 0.647047
0 0.891187 0.142966 0.906135 0.00309817 0.811736 -0.00699105 0.796787 0.132877
0 0.31228 0.0959484 0.315113 0.0316022 0.25205 0.0288259 0.249217 0.0931721
0 0.0470192 0.153669 0.0527464 0.0631696 -0.00460673 0.05954 -0.0103339 0.150039
0 0.862845 0.262295 0.879327 0.140275 0.802383 0.129882 0.785901 0.251902
0 0.999533 0.324762 1.00189 0.255999 0.954392 0.25437 0.952034 0.323133
0 0.885968 0.717189 0.886664 0.546036 0.753971 0.545497 0.753276 0.71665
0 0.409468 0.630092 0.498248 0.55569 0.456128 0.505431 0.367348 0.579833
0 0.44592 0.372871 0.449851 0.315804 0.348566 0.308827 0.344635 0.365894
0 0.434548 0.478422 0.43735 0.412911 0.335087 0.408537 0.332285 0.474048
0 0.254239 0.712902 0.256528 0.640987 0.153379 0.637705 0.151091 0.70962
0 0.245375 0.877334 0.249357 0.7464 0.132339 0.742841 0.128357 0.873775
0 0.115115 0.696028 0.117308 0.621457 0.011562 0.618347 0.00936891 0.692918
0 0.622912 0.472824 0.624417 0.388921 0.533063 0.387283 0.531558 0.471185
0 0.59596 0.718925 0.59613 0.620801 0.505049 0.620643 0.504879 0.718766
0 0.637495 0.0999427 0.638216 0.0256389 0.524034 0.0245308 0.523313 0.0988345
0 0.917361 0.999837 0.996905 0.999313 0.996525 0.941671 0.916981 0.942196
0 0.438835 0.426562 0.441935 0.366923 0.340179 0.361633 0.337079 0.421272
0 0.99886 0.463052 1.0039 0.398356 0.946563 0.39389 0.941523 0.458585
0 0.120956 0.0420018 0.122186 -0.00347535 0.0636912 -0.00505788 0.0624608 0.0404192
0 0.100661 0.798502 0.103848 0.734151 0.00974721 0.729491 0.00656069 0.793842
0 0.176771 0.322561 0.184224 0.218003 0.065043 0.209508 0.0575908 0.314067
0 0.529258 0.191596 0.536646 0.0852061 0.474656 0.0809011 0.467267 0.187291
0 0.577454 0.193832 0.583895 0.0988682 0.530533 0.095249 0.524092 0.190213
0 0.0729704 1.00422 0.0743672 0.956518 0.00177106 0.954392 0.000374212 1.00209
0 0.0740897 0.505025 0.0919629 0.377137 0.0371957 0.369483 0.0193225 0.497371
0 0.404431 1.04765 0.475684 0.969538 0.411648 0.911124 0.340396 0.989233
0 0.640161 0.0354256 0.640484 -0.000967897 0.532849 -0.00192374 0.532526 0.0344697
0 0.314937 0.0393855 0.315231 -0.00179078 0.247222 -0.0022763 0.246928 0.0389
0 0.0973063 0.909121 0.104128 0.785879 0.00589842 0.780441 -0.000923581 0.903683
0 0.0618862 0.0402969 0.0632635 -0.000410387 0.003359 -0.00243712 0.00198177 0.0382702
0 0.105151 0.507426 0.163247 0.451363 0.068924 0.353619 0.0108277 0.409682
0 0.153599 0.590195 0.232957 0.526027 0.193553 0.477296 0.114196 0.541464
0 0.920984 0.844504 0.92297 0.769915 0.839372 0.767689 0.837386 0.842278
0 0.133475 0.544181 0.19301 0.471946 0.150375 0.436806 0.0908397 0.509042
0 0.368679 0.585366 0.439143 0.538733 0.408173 0.491935 0.337709 0.538568
0 0.0979542 0.553349 0.100042 0.498329 0.0255877 0.495503 0.0234994 0.550523
0 0.105572 0.74734 0.113387 0.687778 0.0120579 0.674483 0.00424277 0.734044
0 0.441935 0.665638 0.493741 0.617568 0.459815 0.581005 0.408009 0.629075
0 0.508888 0.713276 0.521377 0.649204 0.462255 0.63768 0.449766 0.701752
0 0.221243 0.387435 0.224474 0.327391 0.158882 0.323863 0.155651 0.383906
0 0.248046 0.767465 0.25368 0.710199 0.155128 0.700504 0.149494 0.757769
0 0.414809 1.01543 0.423009 0.954019 0.341849 0.943183 0.333649 1.0046
0 0.88585 0.976195 0.92128 0.975974 0.920667 0.877483 0.885238 0.877703
0 0.567529 1.00228 0.567764 0.987611 0.499156 0.986511 0.49892 1.00118
0 1.00134 0.545132 1.00297 0.462934 0.982106 0.46252 0.980478 0.544719
0 0.895747 0.97463 0.89831 0.864495 0.822278 0.862725 0.819715 0.97286
0 0.647562 1.00153 0.69646 1.00125 0.696199 0.956006 0.647301 0.956288
0 0.0969857 0.851554 0.0987775 0.796182 0.050834 0.79463 0.0490422 0.850002
0 0.186267 0.266325 0.189123 0.220414 0.0683626 0.212901 0.0655064 0.258812
0 0.093901 0.903403 0.095342 0.854579 0.0455547 0.85311 0.0441138 0.901933
0 0.476023 0.012706 0.476352 0.000181755 0.381496 -0.00230996 0.381167 0.0102143
0 1.0008 0.777558 1.00189 0.723762 0.964123 0.722995 0.96303 0.77679
