0 0.370506 0.178447 0.371345 0.0664939 0.2646 0.0650717 0.263761 0.177025
0 0.187106 0.373661 0.19472 0.254186 0.105563 0.244085 0.097949 0.363559
0 1.00116 0.923883 1.0051 0.827113 0.938566 0.822306 0.934633 0.919076
0 0.712499 0.952527 0.799514 0.952334 0.799374 0.840326 0.712359 0.840519
0 0.14903 0.723129 0.181304 0.582286 0.0985328 0.548566 0.0662587 0.68941
0 0.9925 1.00175 0.996425 0.914647 0.927316 0.909111 0.923391 0.996217
0 0.450965 0.566856 0.526884 0.566162 0.526189 0.430915 0.450269 0.431609
0 0.0785573 0.470379 0.12088 0.229476 0.0370003 0.203279 -0.00532225 0.444181
0 0.309096 0.541332 0.4092 0.536214 0.407241 0.46809 0.307137 0.473208
0 0.186713 0.107291 0.193372 0.0313251 0.0800209 0.0136606 0.0733618 0.0896262
0 0.167356 0.197875 0.175963 0.096484 0.0589703 0.078829 0.0503636 0.18022
0 0.849163 0.637956 0.891419 0.541568 0.815783 0.48262 0.773527 0.579008
0 0.327014 0.698915 0.418042 0.698202 0.417521 0.579866 0.326492 0.58058
0 0.889128 0.852967 0.903609 0.733329 0.814986 0.71426 0.800506 0.833898
0 0.385827 0.386839 0.388301 0.29551 0.258616 0.289264 0.256141 0.380593
0 1.00427 0.83267 1.00638 0.748029 0.951509 0.745598 0.949399 0.830239
0 0.793341 0.954227 0.88478 0.953848 0.88449 0.829912 0.793051 0.830291
0 0.285345 0.478743 0.394785 0.475915 0.393331 0.375887 0.283891 0.378716
0 0.744289 0.542668 0.807324 0.388444 0.720247 0.325172 0.657212 0.479396
0 0.438677 0.436335 0.519489 0.434728 0.518561 0.351741 0.437749 0.353347
0 0.815936 0.717902 0.856255 0.635019 0.769103 0.559649 0.728784 0.642531
0 0.268333 0.0721093 0.370505 0.070064 0.369792 0.00673991 0.26762 0.00878521
0 0.708967 0.989112 0.717974 0.883307 0.593354 0.864447 0.584347 0.970252
0 0.710779 0.610145 0.747145 0.52644 0.650644 0.451905 0.614278 0.53561
0 0.328589 0.834374 0.357015 0.740015 0.24354 0.679241 0.215114 0.7736
0 0.176824 0.751299 0.228082 0.608365 0.183391 0.579872 0.132132 0.722806
0 0.772264 0.786296 0.813248 0.699361 0.738579 0.636781 0.697595 0.723716
0 0.0402149 0.661379 0.0783156 0.442228 0.0113454 0.421529 -0.0267554 0.640681
0 0.503271 0.129646 0.503334 0.0425294 0.412995 0.0424146 0.412932 0.129531
0 0.7779 0.259716 0.819961 0.0804742 0.671023 0.0183412 0.628962 0.197583
0 0.262166 0.367995 0.271948 0.273167 0.193785 0.258834 0.184003 0.353661
0 0.801964 0.425005 0.824832 0.353724 0.729331 0.299256 0.706463 0.370537
0 0.938726 0.644332 0.958382 0.595949 0.895369 0.550437 0.875712 0.59882
0 0.422762 0.882941 0.425223 0.805507 0.372999 0.802557 0.370539 0.879991
0 0.899547 0.235475 0.998763 0.0321153 0.870088 -0.0794916 0.770872 0.123868
0 0.411046 0.0519525 0.510153 0.0498073 0.509494 -0.0042706 0.410387 -0.00212533
0 0.0366317 0.898137 0.0675069 0.773676 0.00989874 0.74827 -0.0209765 0.872731
0 0.382409 0.263098 0.383724 0.173129 0.269203 0.170153 0.267888 0.260122
0 0.66161 0.710352 0.700914 0.617988 0.589548 0.533738 0.550243 0.626102
0 0.360605 0.807978 0.423897 0.807366 0.423281 0.69411 0.359989 0.694722
0 0.113997 1.05156 0.139924 0.958464 0.0639914 0.920867 0.0380641 1.01396
0 0.624058 0.7544 0.649673 0.694687 0.57592 0.63844 0.550304 0.698153
0 0.743668 0.858196 0.769084 0.755827 0.684605 0.718541 0.659189 0.82091
0 0.923548 0.692005 0.940405 0.625216 0.872755 0.594862 0.855898 0.661651
0 0.455911 0.701352 0.524655 0.699823 0.52297 0.565107 0.454226 0.566635
0 0.910134 0.746255 0.920135 0.683508 0.868053 0.66875 0.858052 0.731497
0 0.546528 0.940861 0.553272 0.837748 0.47884 0.829095 0.472096 0.932207
0 0.369873 0.858953 0.385188 0.750963 0.33616 0.738602 0.320844 0.846592
0 1.00241 0.759674 1.01947 0.648674 0.972257 0.635772 0.955195 0.746773
0 0.317941 0.60419 0.414652 0.598278 0.412258 0.52865 0.315547 0.534562
0 0.227547 1.03413 0.290049 0.904546 0.237397 0.859396 0.174894 0.988976
0 0.666495 0.906225 0.698923 0.82704 0.646906 0.789169 0.614477 0.868354
0 0.998244 0.308819 1.02459 0.257824 0.970741 0.20836 0.944393 0.259355
0 0.681002 0.639426 0.701083 0.590117 0.611312 0.525123 0.591231 0.574432
0 0.0298246 0.163345 0.0338073 0.00340173 -0.000224371 0.0018952 -0.00420711 0.161839
0 0.180324 0.954081 0.201872 0.853396 0.0629208 0.80053 0.041373 0.901214
0 0.89831 0.556005 0.924491 0.485882 0.8456 0.433517 0.819418 0.50364
0 0.178826 0.0322584 0.180267 -0.00185656 0.0908611 -0.00856736 0.0894208 0.0255476
0 0.248945 0.554804 0.255652 0.41902 0.220605 0.415942 0.213897 0.551726
0 0.427163 0.29924 0.505097 0.297028 0.503332 0.18651 0.425399 0.188722
0 0.535376 0.351732 0.537622 0.182658 0.430719 0.180133 0.428473 0.349207
0 0.587722 0.901502 0.590725 0.757388 0.471246 0.752961 0.468243 0.897075
0 0.352478 1.04113 0.396165 0.97977 0.362769 0.937501 0.319082 0.998862
0 1.00185 0.241158 1.00302 0.175717 0.973009 0.17476 0.971835 0.240201
0 0.868963 0.319545 0.903572 0.206113 0.786656 0.142697 0.752048 0.256128
0 0.295137 1.04165 0.352237 0.949934 0.30812 0.901102 0.251019 0.992814
0 0.493321 0.184916 0.496649 0.12935 0.398817 0.118932 0.395489 0.174498
0 0.0191908 0.546659 0.0391138 0.431257 -0.00517394 0.417664 -0.0250969 0.533066
0 0.236158 1.0268 0.260016 0.941542 0.206583 0.91496 0.182724 1.00022
0 0.0195335 0.825491 0.0253467 0.756237 -0.00171547 0.752198 -0.00752862 0.821452
0 0.765995 0.249316 0.802867 0.130765 0.749951 0.101507 0.71308 0.220058
