0 0.153645 0.896359 0.204839 0.804857 0.150341 0.774366 0.0991471 0.865868
0 0.3705 0.133835 0.371339 0.0498706 0.264591 0.048804 0.263752 0.132769
0 0.859697 1.00564 0.925115 0.894788 0.817416 0.831229 0.751998 0.942079
0 0.187109 0.280245 0.194721 0.190638 0.105564 0.183064 0.0979511 0.272671
0 0.712153 0.714761 0.799889 0.714582 0.799717 0.630094 0.71198 0.630273
0 0.149369 0.542231 0.18109 0.436577 0.0981383 0.411672 0.0664175 0.517327
0 1.00058 0.693183 1.00525 0.620723 0.938717 0.616434 0.934046 0.688893
0 0.450956 0.425141 0.526885 0.424624 0.526195 0.323185 0.450266 0.323702
0 0.0785637 0.352778 0.120878 0.17211 0.0369977 0.152464 -0.00531685 0.333132
0 0.309091 0.405999 0.409228 0.402149 0.407265 0.351076 0.307128 0.354926
0 0.186714 0.0804676 0.193373 0.0234922 0.0800209 0.010244 0.0733617 0.0672194
0 0.849346 0.478388 0.891443 0.406374 0.815755 0.362128 0.773657 0.434143
0 0.167354 0.148407 0.175961 0.0723611 0.0589689 0.0591202 0.0503622 0.135166
0 1.00432 0.624479 1.00631 0.560811 0.951385 0.559092 0.949392 0.622761
0 0.327111 0.524106 0.418024 0.523577 0.417509 0.435141 0.326596 0.43567
0 0.0559517 0.860712 0.104779 0.769532 0.0362481 0.732834 -0.0125789 0.824014
0 0.385835 0.290129 0.388309 0.221623 0.258616 0.216939 0.256142 0.285444
0 0.285363 0.359054 0.394844 0.356904 0.393371 0.28191 0.28389 0.284059
0 0.744331 0.406963 0.807299 0.291344 0.72021 0.243913 0.657242 0.359532
0 0.888821 0.638813 0.904047 0.549723 0.815744 0.534631 0.800517 0.623721
0 0.438675 0.327252 0.519491 0.326047 0.518563 0.263806 0.437747 0.265011
0 0.815943 0.53837 0.856352 0.476531 0.769137 0.419539 0.728727 0.481378
0 0.902972 0.931741 1.0576 0.807328 0.995398 0.730015 0.840767 0.854428
0 0.710152 0.741838 0.719512 0.663952 0.592459 0.648683 0.5831 0.72657
0 0.884922 0.715569 0.885098 0.622074 0.79286 0.621899 0.792684 0.715394
0 0.637242 0.96103 0.724317 0.92796 0.665966 0.774319 0.578891 0.80739
0 0.268335 0.054082 0.370507 0.0525476 0.369794 0.00505615 0.267621 0.00659049
0 0.990846 0.751718 0.996299 0.687224 0.928666 0.681506 0.923213 0.746
0 0.30517 0.987368 0.394719 0.885636 0.350991 0.847144 0.261442 0.948876
0 0.698431 1.03523 0.770245 0.981421 0.705799 0.895417 0.633985 0.949232
0 0.103921 0.978186 0.127605 0.929699 0.0687229 0.900938 0.0450394 0.949426
0 0.710772 0.457493 0.747075 0.394835 0.650692 0.338992 0.614389 0.40165
0 0.329226 0.625548 0.357162 0.554346 0.242991 0.509551 0.215055 0.580753
0 0.771422 0.59029 0.813721 0.526252 0.739335 0.477118 0.697036 0.541156
0 0.176919 0.563335 0.228013 0.456366 0.183334 0.435025 0.13224 0.541994
0 0.0402745 0.496036 0.0783035 0.331661 0.0112999 0.316159 -0.0267291 0.480535
0 0.23737 1.05341 0.307665 0.967397 0.237351 0.909929 0.167056 0.995939
0 0.503271 0.0972336 0.503333 0.0318974 0.412994 0.0318115 0.412932 0.0971477
0 0.777895 0.194787 0.819957 0.0603553 0.671028 0.013757 0.628966 0.148189
0 0.262165 0.275997 0.271948 0.204875 0.193785 0.194124 0.184002 0.265246
0 0.35152 0.86417 0.434377 0.764024 0.390837 0.728001 0.307981 0.828148
0 0.142154 0.944826 0.171526 0.891463 0.0976422 0.850797 0.0682711 0.90416
0 0.801964 0.318756 0.824833 0.265293 0.729324 0.224438 0.706454 0.277901
0 0.422779 0.662134 0.425337 0.604422 0.372993 0.602102 0.370435 0.659814
0 0.938747 0.483143 0.958334 0.446841 0.895476 0.412926 0.875889 0.449229
0 0.899546 0.176593 0.99876 0.0240872 0.870089 -0.0596205 0.770875 0.0928856
0 0.411063 0.0389752 0.510137 0.0373664 0.509479 -0.00320292 0.410405 -0.00159417
0 0.0377349 0.674152 0.0677689 0.579881 0.00906014 0.561177 -0.0209739 0.655448
0 0.120944 0.780114 0.1434 0.722356 0.0664816 0.692451 0.0440256 0.750209
0 0.38241 0.197323 0.383725 0.129847 0.269205 0.127615 0.267889 0.195091
0 0.661655 0.532803 0.700758 0.46389 0.589371 0.400684 0.550267 0.469597
0 0.421106 0.60872 0.421549 0.520413 0.360977 0.520109 0.360533 0.608416
0 0.320003 0.8208 0.397355 0.737641 0.36208 0.70483 0.284728 0.787989
0 0.430174 1.00671 0.455263 0.97334 0.399162 0.931165 0.374074 0.964537
0 0.624287 0.56589 0.649825 0.520817 0.575717 0.478829 0.55018 0.523901
0 0.923643 0.519087 0.940413 0.468919 0.872635 0.446263 0.855865 0.496431
0 0.455864 0.524763 0.524576 0.523656 0.522967 0.423817 0.454255 0.424924
0 0.478419 1.01002 0.540957 0.944631 0.456964 0.864305 0.394426 0.929698
0 0.743487 0.643542 0.76915 0.567135 0.684887 0.538833 0.659224 0.61524
0 0.910097 0.559697 0.920201 0.512757 0.867041 0.501314 0.856937 0.548253
0 0.369685 0.644014 0.384815 0.563528 0.336234 0.554396 0.321105 0.634881
0 0.0336457 0.905864 0.0586838 0.84769 -0.00377935 0.820806 -0.0288175 0.87898
0 1.00411 0.566394 1.01313 0.479083 0.967538 0.474378 0.958526 0.561689
0 0.317946 0.452964 0.414729 0.448624 0.412394 0.396568 0.315611 0.400909
0 0.253659 0.8838 0.27655 0.810491 0.220085 0.79286 0.197194 0.866169
0 0.232662 0.779536 0.288842 0.677591 0.230932 0.645678 0.174752 0.747623
0 0.680871 0.479476 0.700935 0.44263 0.611567 0.393965 0.591503 0.430811
0 0.998246 0.231618 1.0246 0.193371 0.970737 0.156267 0.944388 0.194514
0 0.102047 1.03954 0.127858 0.979143 0.0383617 0.940898 0.0125503 1.0013
0 0.182553 0.720525 0.205931 0.640141 0.0661162 0.599478 0.0427381 0.679862
0 0.6678 0.680082 0.699007 0.619363 0.645493 0.591859 0.614286 0.652578
0 0.0298177 0.122507 0.033804 0.00254196 -0.000221749 0.00141131 -0.0042081 0.121376
0 0.55357 0.712037 0.574979 0.57372 0.487099 0.560118 0.46569 0.698435
0 0.542773 1.01117 0.54532 0.962174 0.483345 0.958951 0.480798 1.00794
0 0.421038 1.00942 0.423906 0.966049 0.361342 0.961912 0.358474 1.00529
0 0.898309 0.417004 0.924473 0.364424 0.845594 0.325174 0.81943 0.377753
0 0.379613 0.891163 0.453365 0.815825 0.415982 0.779229 0.34223 0.854567
0 0.178827 0.0241938 0.180268 -0.0013922 0.0908557 -0.00642569 0.0894154 0.0191603
0 0.248943 0.416054 0.255644 0.314275 0.220587 0.311967 0.213886 0.413745
0 0.427159 0.224429 0.5051 0.22277 0.503335 0.139878 0.425395 0.141537
0 0.535361 0.263797 0.537609 0.136991 0.430721 0.135096 0.428474 0.261902
0 0.887408 1.00397 0.942224 1.00381 0.94213 0.971532 0.887314 0.971692
0 0.919901 1.01072 1.00133 1.00842 0.998991 0.925461 0.917561 0.927758
0 1.00185 0.180865 1.00302 0.131787 0.97301 0.131069 0.971836 0.180147
0 0.0297243 0.940034 0.0299802 0.88412 -0.00575164 0.883956 -0.00600747 0.939871
0 0.669083 0.507779 0.703223 0.448794 0.59966 0.388853 0.565521 0.447838
0 0.86896 0.239658 0.903567 0.154581 0.786658 0.107025 0.752051 0.192102
0 0.493322 0.138685 0.49665 0.0970149 0.398819 0.0892015 0.395491 0.130872
0 0.0192053 0.409938 0.0391176 0.323448 -0.00517226 0.313252 -0.0250845 0.399741
0 0.885469 1.00184 0.995802 0.998176 0.993708 0.935183 0.883375 0.938851
0 0.471209 1.00468 0.472607 0.970735 0.424425 0.968751 0.423027 1.00269
0 0.765994 0.186988 0.802867 0.0980731 0.749949 0.0761279 0.713076 0.165043
