0 0.355506 0.177359 0.356191 0.0971598 0.263816 0.0963715 0.263132 0.176571
0 0.273153 0.232375 0.364358 0.231416 0.363743 0.172909 0.272538 0.173868
0 0.27 0.381596 0.375395 0.380534 0.374595 0.30107 0.2692 0.302132
0 0.268129 0.30541 0.365811 0.303958 0.364666 0.22686 0.266983 0.228311
0 0.168384 0.276015 0.175218 0.215264 0.0977605 0.20655 0.0909261 0.267301
0 0.18677 0.530304 0.194727 0.4408 0.105648 0.432881 0.0976917 0.522385
0 1.00117 0.942913 1.00511 0.870337 0.938565 0.866729 0.93463 0.939306
0 0.7125 0.964395 0.799512 0.964251 0.799373 0.880247 0.71236 0.880391
0 0.386294 0.111902 0.499173 0.110852 0.498308 0.0179325 0.385429 0.018983
0 0.149019 0.792363 0.181319 0.686717 0.0985439 0.66141 0.0662447 0.767056
0 0.166996 0.398407 0.175997 0.323783 0.0589172 0.30966 0.0499158 0.384285
0 0.182907 0.214281 0.192054 0.167979 0.1163 0.153013 0.107153 0.199315
0 0.21435 0.172329 0.224622 0.080497 0.131332 0.0700624 0.121061 0.161894
0 0.186804 0.32997 0.193148 0.274143 0.0784656 0.261111 0.0721217 0.316939
0 0.992498 1.00132 0.996425 0.935987 0.927315 0.931833 0.923389 0.997162
0 0.450923 0.675117 0.526895 0.674586 0.526186 0.573146 0.450214 0.573677
0 0.181807 0.224545 0.189985 0.185686 0.115482 0.170005 0.107303 0.208864
0 0.3091 0.655958 0.409203 0.652076 0.407223 0.601039 0.30712 0.604922
0 0.0786374 0.602692 0.120581 0.422001 0.0367686 0.402545 -0.00517544 0.583236
0 0.823881 0.296802 0.877385 0.208109 0.733766 0.12147 0.680262 0.210163
0 0.84917 0.728445 0.891399 0.656157 0.815769 0.611976 0.77354 0.684263
0 0.327012 0.774175 0.418046 0.773641 0.417525 0.684875 0.326491 0.68541
0 0.385868 0.540132 0.388451 0.471614 0.258737 0.466723 0.256154 0.535241
0 0.88913 0.889722 0.903606 0.799995 0.814983 0.785696 0.800507 0.875424
0 1.00428 0.874501 1.00638 0.811022 0.951509 0.809199 0.9494 0.872678
0 0.793338 0.965669 0.884779 0.965384 0.884489 0.872434 0.793049 0.872719
0 0.744585 0.656968 0.806842 0.542253 0.719532 0.494868 0.657274 0.609582
0 0.438571 0.57717 0.519515 0.57596 0.518589 0.514045 0.437645 0.515256
0 0.815942 0.788427 0.856257 0.726255 0.769099 0.669739 0.728784 0.731911
0 0.387797 0.612443 0.390459 0.534653 0.285608 0.531065 0.282945 0.608855
0 0.70896 0.991833 0.71797 0.912479 0.593357 0.898331 0.584347 0.977685
0 0.778345 0.444247 0.818241 0.312536 0.668343 0.267131 0.628446 0.398842
0 0.710748 0.707598 0.747122 0.644825 0.650655 0.588929 0.614282 0.651703
0 0.328593 0.875782 0.357019 0.805013 0.243533 0.759427 0.215106 0.830196
0 0.670817 0.191332 0.717028 0.114932 0.603284 0.046134 0.557074 0.122534
0 0.417929 0.347181 0.506882 0.346346 0.506268 0.281026 0.417315 0.281861
0 0.176822 0.813471 0.228091 0.70626 0.183401 0.684889 0.132133 0.792101
0 0.233426 0.0861741 0.242753 -0.00240319 0.153698 -0.0117805 0.144371 0.0767967
0 0.772263 0.839724 0.813249 0.774526 0.73858 0.727586 0.697594 0.792783
0 0.261903 0.525797 0.271727 0.454883 0.193932 0.444106 0.184108 0.51502
0 0.898658 0.428197 0.997125 0.283636 0.863642 0.192715 0.765175 0.337277
0 0.040183 0.746051 0.0783848 0.581665 0.0112927 0.566074 -0.0269091 0.73046
0 0.406412 0.289409 0.529093 0.288646 0.528509 0.194656 0.405827 0.195419
0 0.249797 0.0987164 0.347159 0.0980016 0.346448 0.00118411 0.249086 0.00189895
0 0.802192 0.568765 0.825019 0.515123 0.72925 0.47437 0.706423 0.528012
0 0.0106332 0.363813 0.0644225 0.187271 0.00949273 0.170535 -0.0442966 0.347077
0 0.938713 0.73325 0.958378 0.696977 0.895369 0.662817 0.875704 0.69909
0 0.422762 0.912206 0.425223 0.854131 0.372999 0.851918 0.370538 0.909993
0 0.0366317 0.923603 0.0675088 0.83026 0.00990006 0.811204 -0.020977 0.904547
0 0.382528 0.447364 0.383904 0.379952 0.269151 0.377609 0.267774 0.445021
0 0.661612 0.782763 0.700913 0.713487 0.589549 0.65031 0.550249 0.719585
0 0.360604 0.855985 0.423897 0.855527 0.423281 0.770582 0.359988 0.771041
0 0.0823605 0.184373 0.116412 0.0144356 0.000462316 -0.00879828 -0.0335895 0.161139
0 0.114 1.03867 0.139925 0.968849 0.0639905 0.940652 0.0380654 1.01047
0 0.624058 0.815799 0.649673 0.771015 0.575916 0.728828 0.550301 0.773612
0 0.923546 0.769007 0.94041 0.718913 0.87275 0.696135 0.855886 0.74623
0 0.743669 0.893647 0.769084 0.816867 0.684605 0.788902 0.659189 0.865683
0 0.455915 0.776029 0.524652 0.774882 0.522965 0.673841 0.454228 0.674988
0 0.910133 0.809693 0.920136 0.762633 0.868048 0.751561 0.858045 0.798622
0 0.546529 0.955646 0.553273 0.878312 0.478842 0.871821 0.472098 0.949155
0 0.369873 0.894213 0.385187 0.813229 0.336159 0.803958 0.320845 0.884942
0 0.434595 0.228926 0.550115 0.181999 0.507234 0.0764388 0.391714 0.123366
0 1.00241 0.819756 1.01947 0.736505 0.972256 0.726829 0.955195 0.81008
0 0.391516 0.0263316 0.474585 0.0247407 0.474087 -0.00124647 0.391018 0.000344501
0 0.317946 0.703099 0.414695 0.698678 0.412311 0.646506 0.315562 0.650926
0 0.18645 0.194198 0.192144 0.166235 0.118198 0.151178 0.112504 0.179141
0 0.227544 1.02559 0.290046 0.928411 0.237397 0.89455 0.174894 0.991732
0 0.666495 0.92967 0.698924 0.870277 0.646905 0.841875 0.614476 0.901268
0 0.998187 0.481801 1.02475 0.443419 0.970639 0.405977 0.94408 0.444359
0 0.681001 0.729565 0.701082 0.692591 0.611367 0.643865 0.591286 0.680839
0 0.3212 0.728008 0.421267 0.725501 0.419594 0.658742 0.319527 0.66125
0 0.180327 0.965565 0.201875 0.890047 0.0629208 0.850398 0.0413724 0.925916
0 0.898434 0.666833 0.924467 0.614097 0.845507 0.57512 0.819475 0.627855
0 0.0232477 0.38042 0.0329233 0.278202 -0.00313982 0.274789 -0.0128154 0.377007
0 0.248938 0.666017 0.255663 0.564273 0.220558 0.561952 0.213833 0.663696
0 0.49408 0.388674 0.49745 0.347008 0.398436 0.339001 0.395067 0.380667
0 0.427445 0.474775 0.50602 0.473134 0.504286 0.390085 0.425711 0.391726
0 0.587709 0.926107 0.590713 0.818039 0.471248 0.814718 0.468244 0.922786
0 0.352481 1.03085 0.396169 0.984829 0.362771 0.953124 0.319083 0.999145
0 0.534126 0.513101 0.536451 0.388179 0.431031 0.386217 0.428705 0.511139
0 0.109405 0.0712733 0.119607 -0.00385018 0.00996326 -0.0187406 -0.000239025 0.0563829
0 1.00186 0.431324 1.00302 0.381661 0.972896 0.380955 0.971732 0.430618
0 0.869908 0.489462 0.903628 0.404282 0.786027 0.357728 0.752307 0.442908
0 0.5126 0.247659 0.575403 0.225669 0.559539 0.180362 0.496736 0.202352
0 0.295135 1.03122 0.352228 0.962446 0.308117 0.925829 0.251024 0.994606
0 0.0193227 0.659694 0.0391977 0.573511 -0.00513345 0.563287 -0.0250085 0.649471
0 0.236157 1.0201 0.26002 0.956148 0.206588 0.936212 0.182726 1.00017
0 0.0195356 0.869129 0.0253494 0.817176 -0.00171662 0.814147 -0.00753038 0.8661
0 0.766218 0.43693 0.802847 0.348413 0.749918 0.326511 0.71329 0.415029
