0 0.334276 0.543771 0.485479 0.397252 0.406342 0.315585 0.255139 0.462104
0 1.0013 0.292303 1.00549 0.170229 0.925175 0.167472 0.920985 0.289547
0 0.717437 0.431227 0.734994 0.310687 0.660074 0.299775 0.642517 0.420314
0 1.00302 0.449265 1.00586 0.341003 0.934845 0.33914 0.932005 0.447401
0 0.742534 0.250161 0.750141 0.153357 0.558057 0.138263 0.55045 0.235068
0 0.831106 0.431976 0.834246 0.313142 0.718279 0.310079 0.715139 0.428913
0 0.938785 0.445739 0.94256 0.34243 0.825221 0.338143 0.821446 0.441452
0 1.00343 0.640772 1.00671 0.528539 0.934599 0.526434 0.931322 0.638666
0 0.265942 0.463078 0.414897 0.317547 0.331043 0.23172 0.182088 0.377252
0 0.390529 0.585309 0.536264 0.466491 0.480589 0.398203 0.334853 0.517021
0 0.0668442 0.693965 0.0865497 0.609718 -0.00358647 0.588635 -0.023292 0.672882
0 0.931851 0.285101 0.937164 0.160104 0.803606 0.154427 0.798293 0.279424
0 0.141821 0.534647 0.191231 0.414545 0.0314043 0.348792 -0.0180057 0.468894
0 0.811402 0.263041 0.815805 0.157934 0.733449 0.154484 0.729046 0.259591
0 0.944333 0.62629 0.954853 0.534582 0.742761 0.510254 0.732242 0.601961
0 0.116049 0.417916 0.261118 0.241011 0.176739 0.171816 0.0316693 0.348721
0 0.654884 0.411205 0.664279 0.314378 0.573777 0.305596 0.564382 0.402424
0 0.0377152 0.828788 0.0396948 0.762623 -0.00337933 0.761334 -0.00535888 0.827499
0 0.302597 0.103846 0.539054 0.0495909 0.515716 -0.0521202 0.279259 0.00213537
0 0.570647 0.194267 0.577305 0.140044 0.412236 0.119777 0.405578 0.173999
0 0.091151 0.614756 0.11434 0.502474 0.00102155 0.479071 -0.0221678 0.591352
0 0.26113 0.312897 0.330408 0.258892 0.224407 0.122912 0.155129 0.176917
0 0.0446313 0.768931 0.0556605 0.68205 -0.0052939 0.674312 -0.0163232 0.761193
0 0.492738 0.703236 0.634259 0.583048 0.583316 0.523063 0.441795 0.643251
0 0.349774 1.00688 0.520634 1.00123 0.517652 0.910939 0.346792 0.916582
0 0.438815 0.657307 0.598905 0.521659 0.540046 0.452194 0.379956 0.587842
0 0.193877 0.572441 0.214106 0.52615 0.13644 0.492211 0.116212 0.538503
0 0.00202953 0.998617 0.0246628 0.998449 0.0241495 0.929296 0.00151621 0.929465
0 0.59868 0.356463 0.615281 0.271473 0.530753 0.254961 0.514151 0.339951
0 0.850275 0.0569771 0.853827 -0.00531692 0.777681 -0.0096583 0.77413 0.0526357
0 0.0508727 0.257691 0.0527139 0.142323 -0.00425819 0.141414 -0.00609939 0.256782
0 0.55285 0.301401 0.592626 0.157835 0.406006 0.10613 0.36623 0.249696
0 0.0256129 0.931012 0.0257488 0.848122 -0.00219814 0.848077 -0.00233409 0.930966
0 0.853544 0.0158516 0.907668 0.0155518 0.907569 -0.00214725 0.853446 -0.0018475
0 0.869372 0.0733658 1.0008 0.0710164 0.999507 -0.00132979 0.868079 0.00101957
0 0.0248138 0.855428 0.0258347 0.814682 -0.000881527 0.814012 -0.00190239 0.854759
0 0.979192 0.812369 1.04305 0.728833 0.957371 0.66334 0.893514 0.746877
0 0.518226 0.717669 0.640052 0.600127 0.599456 0.558051 0.47763 0.675593
