0 0.627151 0.776938 0.632788 0.706663 0.521756 0.701654 0.516119 0.771929
0 0.969305 0.975463 0.971242 0.884343 0.839721 0.88277 0.837785 0.973891
0 0.681659 0.0908992 0.689434 0.012002 0.601113 0.00710638 0.593338 0.0860035
0 0.644576 0.713544 0.649611 0.645495 0.522685 0.640212 0.51765 0.708261
0 0.819184 0.92582 0.824005 0.867692 0.686526 0.861278 0.681705 0.919406
0 0.809574 0.815381 0.813828 0.729755 0.707897 0.726796 0.703644 0.812422
0 0.967091 0.247999 0.974195 0.168521 0.890899 0.164333 0.883796 0.243811
0 0.808226 0.985198 0.814967 0.921563 0.689178 0.914068 0.682437 0.977702
0 0.606758 0.989749 0.614189 0.935282 0.464253 0.923776 0.456822 0.978242
0 0.615484 0.938136 0.622337 0.879147 0.497648 0.871 0.490796 0.929989
0 0.743946 0.367711 0.765177 0.274379 0.694265 0.265306 0.673035 0.358637
0 0.89359 0.106212 0.902265 0.0182169 0.795428 0.0122919 0.786753 0.100287
0 0.623881 0.882274 0.628859 0.828574 0.510822 0.82242 0.505844 0.87612
0 0.816467 0.87312 0.8222 0.813993 0.694166 0.80701 0.688433 0.866137
0 0.0696236 0.186255 0.210572 0.0969085 0.149726 0.042915 0.00877712 0.132262
0 0.602535 0.0839432 0.60799 0.00714484 0.497616 0.00273443 0.492161 0.0795328
0 0.793655 0.0953566 0.798826 0.0119634 0.684157 0.00796337 0.678986 0.0913565
0 0.626725 0.831401 0.628957 0.770452 0.513328 0.76807 0.511096 0.829019
0 0.648274 0.649136 0.652506 0.585214 0.532662 0.580751 0.52843 0.644673
0 0.891981 0.258478 0.897592 0.163159 0.782645 0.159353 0.777034 0.254672
0 0.139079 0.225374 0.255268 0.140116 0.195138 0.0940215 0.0789487 0.17928
0 0.985756 0.379066 0.993019 0.278098 0.803898 0.270447 0.796636 0.371414
0 1.00034 0.513945 1.00332 0.432327 0.925158 0.430722 0.922178 0.51234
0 0.655021 0.592043 0.656325 0.530035 0.531532 0.528559 0.530228 0.590567
0 0.376214 0.0758668 0.39964 -0.0031173 0.330593 -0.0146369 0.307166 0.0643472
0 0.682521 0.232537 0.689364 0.144918 0.602853 0.141117 0.59601 0.228736
0 0.500039 0.0748854 0.502973 -0.00205964 0.382889 -0.00463508 0.379956 0.0723099
0 0.24772 0.938446 0.366562 0.890471 0.263537 0.746915 0.144695 0.79489
0 0.149716 0.972794 0.25725 0.915379 0.146415 0.79861 0.0388806 0.856025
0 0.81413 0.3672 0.82078 0.278313 0.757239 0.275639 0.750589 0.364526
0 0.958629 0.107668 0.971474 0.0160785 0.898583 0.0103283 0.885738 0.101917
0 0.785344 0.246933 0.793651 0.15227 0.684822 0.146897 0.676515 0.241561
0 0.902115 0.603326 0.987992 0.537777 0.934444 0.498315 0.848567 0.563864
0 0.0142756 0.148806 0.153972 0.0436706 0.0698624 -0.0191933 -0.0698336 0.0859421
0 0.849932 0.736735 0.853954 0.59815 0.712893 0.595847 0.708872 0.734433
0 0.847771 0.780853 0.933153 0.720967 0.879085 0.677606 0.793703 0.737491
0 0.977101 0.850954 0.985401 0.738038 0.848552 0.732379 0.840252 0.845296
0 0.974149 0.893326 0.974452 0.834376 0.861101 0.834048 0.860797 0.892997
0 0.188909 0.594345 0.230555 0.492211 0.0541982 0.451761 0.0125523 0.553895
0 1.00058 0.255325 1.00605 0.172112 0.966647 0.170655 0.961175 0.253867
0 0.165972 0.29047 0.316187 0.195382 0.255313 0.14129 0.105098 0.236377
0 0.604734 0.23839 0.621906 0.15306 0.405341 0.128546 0.388169 0.213876
0 0.969824 0.64601 1.04721 0.560229 0.974855 0.523511 0.897467 0.609291
0 1.00083 0.109777 1.01006 0.0208858 0.959942 0.0179559 0.950704 0.106847
0 0.969374 1.00243 0.969405 0.967432 0.833926 0.967364 0.833895 1.00236
0 0.66836 0.360682 0.704345 0.279006 0.608858 0.255341 0.572873 0.337017
0 0.809641 1.00215 0.810278 0.974556 0.676293 0.972817 0.675657 1.00041
0 0.884711 0.571615 0.965743 0.489496 0.789778 0.391826 0.708746 0.473945
0 0.588542 0.568917 0.671207 0.487573 0.545379 0.415645 0.462714 0.496989
0 0.999539 0.381392 1.00504 0.294018 0.979046 0.293098 0.97355 0.380472
0 0.266433 0.335748 0.384417 0.242785 0.309566 0.189349 0.191582 0.282313
0 0.316197 0.0641233 0.334965 -0.00515416 0.231771 -0.0208796 0.213003 0.0483978
0 0.605104 1.00448 0.607065 0.976976 0.452658 0.970783 0.450696 0.99829
0 0.0617385 0.602144 0.0721711 0.509037 -0.0234895 0.503008 -0.0339221 0.596114
0 0.533384 0.662905 0.534466 0.602947 0.448365 0.602073 0.447283 0.662031
0 0.345117 0.402338 0.461495 0.30117 0.354607 0.232006 0.238228 0.333174
0 0.29283 0.746408 0.432139 0.630451 0.276886 0.525534 0.137577 0.64149
0 0.0138578 0.986573 0.133246 0.914105 0.0213012 0.810366 -0.0980874 0.882834
0 0.510657 0.717336 0.511463 0.658798 0.441915 0.658259 0.441109 0.716797
0 1.00058 0.655954 1.00134 0.597365 0.968917 0.597127 0.968153 0.655716
0 0.00321952 1.00426 0.0813857 1.00205 0.079762 0.969671 0.00159573 0.971876
0 0.0430477 1.00618 0.145475 1.00108 0.142965 0.972748 0.0405373 0.977853
0 0.371396 0.830732 0.446813 0.727719 0.307726 0.670442 0.232309 0.773454
0 0.267521 0.0337292 0.270439 -0.00469247 0.190964 -0.00808745 0.188046 0.0303342
0 0.490856 0.50285 0.595903 0.421821 0.455002 0.319073 0.349955 0.400103
0 -0.00617204 0.990554 0.0519203 0.988834 0.049315 0.939341 -0.00877734 0.941061
