0 0.277524 0.774716 0.298111 0.689489 0.173084 0.635798 0.152497 0.721025
0 0.80804 0.254423 0.813836 0.152828 0.667151 0.137951 0.661355 0.239546
0 0.162408 0.998452 0.27017 0.998191 0.27007 0.924197 0.162307 0.924458
0 0.265909 0.934153 0.266181 0.840299 0.161445 0.839757 0.161172 0.933611
0 0.952667 0.444271 0.95647 0.343725 0.870823 0.337967 0.86702 0.438513
0 0.502358 0.533916 0.617168 0.391013 0.558472 0.307178 0.443662 0.450081
0 0.875636 0.430128 0.878928 0.310625 0.789524 0.306246 0.786232 0.425749
0 0.239393 0.38871 0.305531 0.135317 0.138477 0.0578008 0.0723385 0.311194
0 0.549989 0.58279 0.658922 0.46315 0.614022 0.390472 0.505089 0.510111
0 1.00098 0.294474 1.00623 0.170747 0.944425 0.166079 0.939168 0.289805
0 0.273489 0.859934 0.286676 0.762363 0.161711 0.732336 0.148524 0.829907
0 0.446337 0.456596 0.562432 0.315466 0.505241 0.23183 0.389146 0.372959
0 0.784455 0.431549 0.803168 0.317818 0.74966 0.302167 0.730947 0.415898
0 0.603505 0.635041 0.691831 0.520652 0.646478 0.458395 0.558152 0.572784
0 1.00199 0.453122 1.00521 0.351428 0.948669 0.348254 0.945458 0.449948
0 0.356167 0.536231 0.392365 0.423084 0.264628 0.350434 0.22843 0.463581
0 0.301164 0.701292 0.323665 0.616602 0.223938 0.569498 0.201437 0.654189
0 0.318559 0.617094 0.337722 0.501012 0.24305 0.473228 0.223887 0.58931
0 1.00531 0.642385 1.00896 0.526401 0.953668 0.523304 0.950014 0.639288
0 0.337 0.429609 0.449961 0.243403 0.381537 0.16961 0.268576 0.355816
0 0.205847 0.119513 0.2186 0.00379217 0.145393 -0.0105509 0.13264 0.10517
0 0.174446 0.463643 0.19768 0.381099 0.0840945 0.324259 0.06086 0.406803
0 0.945184 0.281274 0.949605 0.160205 0.851561 0.153841 0.847141 0.27491
0 0.952481 0.6418 0.963941 0.532803 0.802612 0.502649 0.791152 0.611645
0 0.624099 0.719828 0.736717 0.592801 0.691337 0.521277 0.578719 0.648304
0 0.485533 0.114633 0.65252 0.0341407 0.62436 -0.069715 0.457373 0.0107774
0 0.665472 0.299226 0.700493 0.161568 0.553043 0.0948797 0.518022 0.232538
0 0.859491 0.262792 0.863231 0.158856 0.800426 0.154838 0.796686 0.258773
0 0.698733 0.779513 0.787241 0.657794 0.732815 0.587437 0.644307 0.709156
0 0.738505 0.411993 0.747682 0.314243 0.682468 0.303359 0.673292 0.401109
0 0.697437 0.358331 0.707026 0.273235 0.64408 0.260625 0.634491 0.345721
0 0.533467 1.00318 0.642742 0.999178 0.640974 0.913337 0.531699 0.917338
0 0.761833 0.873868 0.849733 0.739716 0.76711 0.643472 0.679209 0.777624
0 0.916932 1.08314 0.991748 0.973689 0.916776 0.882582 0.84196 0.992032
0 0.08202 0.850246 0.0830066 0.742499 0.0155403 0.7414 0.0145537 0.849148
0 0.911246 0.0678611 0.998995 0.0657903 0.998147 0.0018957 0.910397 0.00396653
0 0.102594 0.180042 0.121792 0.0212475 0.00314943 -0.00425225 -0.0160484 0.154542
0 0.982916 0.825649 1.04233 0.746251 0.974192 0.655607 0.914779 0.735005
0 0.540283 0.659605 0.584261 0.611884 0.56233 0.575956 0.518353 0.623677
0 0.0846804 0.983079 0.0849987 0.864878 0.00226723 0.864482 0.00194891 0.982683
0 0.159757 0.55155 0.175034 0.436853 0.0596806 0.409538 0.0444034 0.524235
0 0.0955403 1.00347 0.0955811 0.974693 0.0105404 0.974479 0.0104996 1.00326
0 0.450668 0.322504 0.51042 0.261251 0.427006 0.116594 0.367254 0.177848
0 0.867326 1.00126 0.943892 0.894983 0.840037 0.761963 0.763471 0.868237
0 0.39695 0.574512 0.413046 0.526341 0.351761 0.489936 0.335665 0.538108
0 0.949476 0.738599 0.982401 0.656966 0.927287 0.617447 0.894362 0.699081
