0 0.819918 0.589841 1.00783 0.524897 0.968975 0.461653 0.78106 0.526597
0 0.709669 0.834612 0.847414 0.783893 0.810681 0.727777 0.672936 0.778496
0 0.561899 0.615752 0.712212 0.566951 0.678287 0.508175 0.527974 0.556977
0 0.592032 0.66976 0.754823 0.61546 0.722956 0.561721 0.560165 0.616021
0 0.731914 0.122955 0.735123 0.0414855 0.623024 0.0390018 0.619814 0.120472
0 0.407765 0.815655 0.549002 0.770409 0.514036 0.709012 0.372798 0.754258
0 0.625048 0.723557 0.789445 0.671082 0.756966 0.613845 0.592569 0.66632
0 0.664058 0.775928 0.810449 0.728962 0.777673 0.671497 0.631282 0.718463
0 0.632274 0.560796 0.688544 0.435037 0.519689 0.392539 0.463419 0.518298
0 0.787521 0.533139 0.900013 0.486333 0.859576 0.431667 0.747085 0.478473
0 0.741672 0.884976 0.90349 0.839828 0.872641 0.777634 0.710824 0.822782
0 0.774868 0.950637 0.950983 0.896433 0.913174 0.827333 0.737059 0.881537
0 0.749186 0.479516 0.859907 0.438245 0.819196 0.37681 0.708475 0.418082
0 0.370775 0.758822 0.538768 0.709677 0.504827 0.644415 0.336834 0.693559
0 0.820747 0.0858168 0.823753 0.0133071 0.720365 0.0108968 0.71736 0.0834066
0 0.0264062 0.963514 0.165236 0.912154 0.00788986 0.672915 -0.13094 0.724275
0 0.514646 0.189405 0.527717 0.105338 0.424568 0.0963174 0.411498 0.180384
0 0.846541 0.612069 0.983064 0.581975 0.965562 0.537314 0.829039 0.567407
0 0.490044 0.450365 0.633984 0.395249 0.587269 0.326625 0.443329 0.381742
0 0.0466515 0.211161 0.159746 0.172512 0.133493 0.129301 0.0203987 0.16795
0 0.309593 0.535204 0.377466 0.467318 0.293272 0.419968 0.225399 0.487853
0 0.0945832 0.364796 0.145334 0.297679 0.0636979 0.262956 0.0129474 0.330073
0 0.526789 0.162137 0.608093 0.133051 0.557505 0.0535064 0.4762 0.0825918
0 0.471555 0.902599 0.563699 0.902508 0.563583 0.836187 0.47144 0.836277
0 0.239203 0.272481 0.385082 0.199642 0.331863 0.139687 0.185984 0.212526
0 0.953077 0.735386 1.04147 0.687728 0.942127 0.584074 0.853729 0.631733
0 0.729076 0.419012 0.83259 0.382205 0.755091 0.259606 0.651577 0.296413
0 0.823276 0.0500016 0.973164 0.0459409 0.970473 -0.00993304 0.820585 -0.00587233
0 0.540352 0.860734 0.545848 0.78486 0.43138 0.780196 0.425884 0.85607
0 0.270567 0.628339 0.449384 0.558046 0.39519 0.480498 0.216373 0.550791
0 0.350603 0.673531 0.4794 0.553878 0.360822 0.482081 0.232026 0.601733
0 0.943639 0.810524 1.0064 0.808544 1.00179 0.726376 0.939031 0.728356
0 1.00671 0.269567 1.02181 0.174656 0.931302 0.166557 0.916203 0.261468
0 0.959246 0.322832 1.00638 0.322066 1.00427 0.24933 0.957145 0.250096
0 0.231104 0.550358 0.349783 0.500171 0.302779 0.437647 0.1841 0.487834
0 0.235005 0.544043 0.292371 0.520236 0.244664 0.455575 0.187298 0.479382
0 0.361614 0.229302 0.431189 0.204422 0.382935 0.128519 0.31336 0.153399
0 0.958866 0.251892 1.00681 0.251834 1.00665 0.174211 0.9587 0.174269
0 0.945353 0.758461 1.01724 0.726259 0.961548 0.656325 0.889661 0.688526
0 0.158588 0.330005 0.230373 0.301968 0.190195 0.244104 0.118411 0.272141
0 0.970638 1.00339 0.994136 0.961351 0.935429 0.942891 0.911931 0.984928
0 0.074462 0.651761 0.0834779 0.593942 -0.0045487 0.586221 -0.0135646 0.64404
0 -0.010701 0.0945849 0.0924967 0.0939799 0.0916196 0.00980906 -0.0115782 0.010414
0 0.466081 0.457048 0.515546 0.434735 0.467304 0.374577 0.417839 0.396889
0 0.615998 0.853688 0.616333 0.808668 0.547041 0.808378 0.546706 0.853398
0 -0.00679243 0.0881708 0.0581486 0.0870192 0.0556175 0.00672711 -0.00932354 0.00787865
0 0.957925 0.390413 1.00572 0.38941 1.00325 0.32305 0.95545 0.324053
0 0.610224 0.0535772 0.614666 0.0107687 0.560216 0.00759072 0.555774 0.0503993
0 0.567216 0.945874 0.56801 0.890717 0.490201 0.890087 0.489407 0.945244
0 0.14096 1.02826 0.240869 0.996435 0.217965 0.95599 0.118055 0.987816
