0 0.750919 0.487863 0.763216 0.359258 0.689091 0.35217 0.676794 0.480775
0 0.790401 0.126518 0.795043 0.0194132 0.6833 0.0145698 0.678658 0.121675
0 0.641485 0.946929 0.64339 0.856549 0.521298 0.853977 0.519394 0.944356
0 0.894562 0.141718 0.902213 0.0221873 0.788172 0.0148874 0.78052 0.134418
0 0.646911 0.860073 0.650075 0.782552 0.537022 0.777938 0.533858 0.855459
0 0.96966 0.333814 0.972727 0.219192 0.887226 0.216904 0.884159 0.331526
0 1.00101 0.679818 1.00242 0.579392 0.922946 0.578273 0.921531 0.678699
0 0.811157 0.490127 0.820761 0.368515 0.760215 0.363734 0.750612 0.485346
0 0.633316 1.00471 0.634116 0.940542 0.516508 0.939076 0.515708 1.00324
0 0.888089 0.362092 0.897642 0.216321 0.779992 0.208611 0.770439 0.354382
0 0.683175 0.311182 0.688635 0.196356 0.602094 0.192241 0.596634 0.307067
0 0.7844 0.334319 0.791642 0.202869 0.679418 0.196687 0.672176 0.328137
0 0.535383 0.785153 0.650757 0.785117 0.650734 0.711757 0.53536 0.711793
0 0.686864 0.117199 0.689816 0.0114235 0.599143 0.00889313 0.596191 0.114669
0 0.602577 0.111262 0.606219 0.0123267 0.491722 0.00811153 0.48808 0.107047
0 0.959203 0.14392 0.966101 0.0204459 0.895197 0.0164847 0.888299 0.139959
0 0.378422 0.100017 0.397892 0.00119638 0.325443 -0.0130774 0.305973 0.085743
0 0.0612196 0.251271 0.206105 0.13014 0.149614 0.0625703 0.0047284 0.183701
0 0.0191533 0.20496 0.162148 0.0596981 0.0786642 -0.0224819 -0.0643301 0.12278
0 0.502007 0.100909 0.503848 -0.000742639 0.383707 -0.00291937 0.381866 0.0987324
0 0.980047 0.505315 0.986118 0.362819 0.807664 0.355216 0.801593 0.497711
0 0.856076 1.0418 0.934856 0.956818 0.870702 0.897344 0.791922 0.982324
0 0.969624 0.862413 1.05125 0.741749 0.979917 0.693498 0.898294 0.814162
0 0.852282 0.990349 0.874381 0.808767 0.715866 0.789476 0.693767 0.971058
0 0.608728 0.287519 0.619352 0.201957 0.410493 0.176023 0.399868 0.261586
0 1.00403 0.146211 1.00649 0.0133492 0.956754 0.01243 0.954298 0.145291
0 0.174296 0.80979 0.242684 0.681452 0.0764558 0.592872 0.00806719 0.72121
0 0.437081 1.00378 0.486096 1.00365 0.48597 0.954045 0.436955 0.95417
0 0.126319 0.305283 0.256781 0.196584 0.200976 0.129605 0.070513 0.238304
0 1.00178 0.339599 1.00768 0.230538 0.967081 0.228342 0.961181 0.337403
0 0.876683 0.759133 0.963241 0.666642 0.810078 0.523303 0.723519 0.615794
0 0.899573 0.799862 0.990628 0.709105 0.937486 0.655788 0.846431 0.746546
0 0.33166 1.07865 0.429316 0.987762 0.34137 0.893268 0.243714 0.984157
0 1.00044 0.517131 1.00308 0.391961 0.975796 0.391385 0.973154 0.516555
0 0.804535 1.00615 0.805846 0.967411 0.715064 0.964337 0.713753 1.00307
0 0.534123 0.884216 0.534916 0.797004 0.4487 0.79622 0.447907 0.883432
0 0.0183608 0.816502 0.0885745 0.744117 0.00980215 0.667707 -0.0604116 0.740091
0 0.684812 0.472973 0.699405 0.355219 0.597422 0.342581 0.582829 0.460335
0 0.315346 0.0847052 0.336158 -0.00833404 0.243124 -0.0291449 0.222312 0.0638943
0 0.51307 0.96084 0.513339 0.881426 0.441987 0.881185 0.441718 0.960599
0 0.999977 0.871467 1.00153 0.794165 0.969377 0.79352 0.967827 0.870822
0 0.549375 0.748636 0.652083 0.670846 0.600705 0.60301 0.497997 0.6808
0 0.880891 1.00817 0.965435 1.00794 0.965297 0.955846 0.880753 0.95607
0 0.152936 0.348812 0.290114 0.239024 0.253662 0.193478 0.116484 0.303267
0 0.186946 0.0423757 0.265598 0.0401316 0.264309 -0.00502363 0.185658 -0.00277961
0 0.251678 0.949288 0.404665 0.811423 0.263428 0.654695 0.110442 0.792561
0 0.184493 0.38204 0.314207 0.263784 0.26882 0.214 0.139106 0.332256
0 0.316562 0.524223 0.443585 0.390328 0.357151 0.30833 0.230128 0.442225
0 -0.000416423 0.812635 0.0932612 0.811519 0.0912388 0.641672 -0.00243888 0.642788
0 0.932 0.643556 0.936193 0.58204 0.820704 0.574169 0.816512 0.635685
