0 0.759952 0.341482 0.766474 0.262226 0.701528 0.256881 0.695006 0.336137
0 0.975329 0.498049 0.980613 0.418381 0.918083 0.414234 0.9128 0.493902
0 0.735377 0.963919 0.738887 0.895365 0.641326 0.890369 0.637815 0.958923
0 0.75972 0.223598 0.766123 0.129463 0.694286 0.124576 0.687883 0.218711
0 0.927373 0.221623 0.999909 0.221409 0.999669 0.139909 0.927132 0.140123
0 0.895082 0.0729279 0.89657 -0.0016693 0.805441 -0.00348642 0.803953 0.0711108
0 0.807999 0.617696 0.82387 0.524415 0.770585 0.515349 0.754714 0.608631
0 0.921618 0.355512 0.926678 0.272925 0.84364 0.267838 0.838581 0.350425
0 0.814256 0.236692 0.819958 0.129329 0.764378 0.126377 0.758676 0.23374
0 0.845529 0.345101 0.848887 0.262426 0.762195 0.258905 0.758837 0.34158
0 0.702816 0.333295 0.70659 0.257912 0.620823 0.253619 0.617049 0.329001
0 0.557982 0.190431 0.563684 0.114558 0.417192 0.10355 0.41149 0.179422
0 0.625667 0.32247 0.628663 0.233021 0.539348 0.230029 0.536351 0.319478
0 0.252276 0.400561 0.367198 0.293022 0.308552 0.230349 0.19363 0.337889
0 0.918694 0.50878 0.922864 0.413116 0.837121 0.409379 0.832952 0.505043
0 0.736313 0.899411 0.739609 0.835406 0.648956 0.830738 0.64566 0.894743
0 0.874072 0.240276 0.877928 0.137159 0.816199 0.13485 0.812343 0.237968
0 0.299812 0.437221 0.409087 0.347222 0.364213 0.292736 0.254937 0.382734
0 0.948025 0.0718151 0.949392 0.00216993 0.891596 0.00103491 0.890228 0.0706801
0 0.196205 0.342427 0.312523 0.236574 0.255482 0.173894 0.139164 0.279746
0 0.932095 0.240277 0.933443 0.145228 0.875776 0.14441 0.874427 0.239459
0 0.989334 0.629125 0.994754 0.528066 0.852862 0.520457 0.847443 0.621516
0 0.536746 0.321558 0.54997 0.23615 0.495537 0.227721 0.482312 0.31313
0 0.74123 0.842011 0.742262 0.780142 0.648601 0.778579 0.647569 0.840448
0 0.967307 0.357855 0.975938 0.271114 0.923658 0.265912 0.915027 0.352653
0 1.00033 0.76371 1.00251 0.682323 0.94384 0.680753 0.941661 0.762139
0 0.353684 0.476123 0.441976 0.390693 0.396595 0.343792 0.308303 0.429222
0 0.761605 0.482464 0.767042 0.394692 0.702441 0.390689 0.697004 0.478462
0 0.724882 1.00924 0.727728 0.95579 0.643869 0.951325 0.641023 1.00477
0 0.104806 0.402246 0.142289 0.317649 0.0192393 0.263127 -0.0182444 0.347725
0 0.0675495 0.462098 0.0852871 0.375351 0.00104002 0.358125 -0.0166976 0.444872
0 0.860628 0.617199 0.865597 0.528393 0.817878 0.525723 0.812909 0.614529
0 0.0865224 1.03338 0.189891 0.955213 0.0917316 0.8254 -0.0116372 0.903564
0 1.00083 0.0656684 1.00178 -0.000601981 0.944423 -0.00142138 0.943476 0.064849
0 0.0281819 0.624077 0.0304718 0.573014 -0.00329918 0.571499 -0.00558915 0.622563
0 0.0865023 0.320491 0.198762 0.183354 0.132547 0.129151 0.0202877 0.266288
0 0.839036 0.496659 0.845152 0.402447 0.763404 0.39714 0.757287 0.491351
0 0.892932 0.98799 0.896599 0.8482 0.78423 0.845252 0.780563 0.985042
0 0.926289 0.853046 0.990871 0.788218 0.951147 0.748644 0.886564 0.813471
0 0.0543931 0.521947 0.0677089 0.456229 -0.00493779 0.441509 -0.0182537 0.507227
0 0.695961 0.210339 0.699905 0.119967 0.600997 0.11565 0.597052 0.206022
0 0.126882 0.872641 0.188305 0.832456 0.130961 0.744806 0.0695379 0.784991
0 1.00048 0.505295 1.0047 0.422113 0.975123 0.420613 0.970903 0.503794
0 0.700864 0.482864 0.713035 0.400634 0.552829 0.37692 0.540657 0.45915
0 0.976828 0.895911 1.03503 0.810843 0.981164 0.773988 0.922961 0.859056
0 0.374177 0.53973 0.486632 0.445049 0.441283 0.391187 0.328828 0.485868
0 0.235737 0.0859091 0.402417 0.0252439 0.374189 -0.0523154 0.207508 0.00834981
0 0.415463 0.22435 0.450356 0.120995 0.303098 0.0712799 0.268205 0.174635
0 1.0002 0.359781 1.00635 0.272612 0.969112 0.269986 0.962964 0.357155
0 0.0186403 0.898733 0.0751843 0.83523 0.0228716 0.78865 -0.0336724 0.852152
0 0.392778 0.841775 0.419076 0.736218 0.285499 0.70294 0.259202 0.808497
0 0.0275202 0.57352 0.0314469 0.531115 -0.00441486 0.527794 -0.00834152 0.570199
0 0.80244 0.0567141 0.803892 0.00145082 0.665976 -0.0021733 0.664523 0.05309
0 0.609619 0.196772 0.613074 0.119123 0.550241 0.116327 0.546786 0.193976
0 -0.00301621 0.811937 0.0426369 0.811161 0.0415346 0.746247 -0.00411846 0.747022
0 0.142911 0.926677 0.227713 0.869292 0.196105 0.822584 0.111304 0.879969
0 0.224913 0.878984 0.31213 0.819791 0.273993 0.763598 0.186776 0.822791
0 0.855266 1.00309 0.85584 0.972401 0.783484 0.971047 0.78291 1.00174
0 0.904894 1.04113 0.956924 0.971277 0.895472 0.925507 0.843442 0.995364
0 0.486559 0.31125 0.499348 0.242388 0.434737 0.230388 0.421947 0.29925
0 0.549955 1.03886 0.564358 0.948527 0.457683 0.931518 0.44328 1.02185
0 0.914105 0.821691 0.974788 0.739437 0.842403 0.641772 0.781721 0.724026
0 0.751249 0.610758 0.778368 0.528632 0.706606 0.504935 0.679487 0.587062
0 0.691172 0.8189 0.753307 0.737504 0.65928 0.665726 0.597144 0.747122
0 0.99966 0.631215 1.00377 0.543932 0.98424 0.543013 0.980135 0.630297
0 0.449689 0.584824 0.537581 0.493245 0.482304 0.440194 0.394412 0.531773
0 0.447524 0.268832 0.45699 0.204944 0.394062 0.19562 0.384596 0.259508
0 0.0289364 0.194814 0.0417689 0.11472 -0.00912094 0.106567 -0.0219535 0.186661
0 0.649986 0.912828 0.650781 0.853097 0.586265 0.852238 0.585469 0.911969
0 0.00149909 0.749999 0.0205182 0.749842 0.020086 0.697417 0.00106691 0.697574
0 0.468188 0.998227 0.579244 0.885141 0.462435 0.770429 0.351379 0.883516
0 0.631834 0.967303 0.632357 0.909454 0.58135 0.908993 0.580827 0.966842
0 0.508568 0.651233 0.595361 0.550762 0.516616 0.482736 0.429822 0.583207
0 0.20265 0.8274 0.266724 0.78613 0.213282 0.703159 0.149208 0.744429
0 0.966068 1.00101 0.966369 0.965556 0.91008 0.965078 0.909779 1.00053
0 1.00039 0.906256 1.00105 0.847084 0.976853 0.846815 0.976194 0.905987
0 0.576489 1.00029 0.617628 1.00005 0.617414 0.963538 0.576276 0.963779
0 0.290195 0.494599 0.334231 0.459209 0.312503 0.432172 0.268467 0.467561
0 0.200632 0.242066 0.260318 0.196181 0.176867 0.0876312 0.117182 0.133516
0 0.998447 0.904295 1.01652 0.821495 0.960501 0.80927 0.942431 0.89207
0 0.0194467 0.644126 0.0204092 0.598074 -0.0006421 0.597634 -0.00160461 0.643686
0 0.0208367 0.693108 0.0211357 0.632021 -0.00226901 0.631907 -0.002568 0.692993
0 0.98796 0.203268 1.00386 0.202735 1.00151 0.132416 0.985604 0.132949
0 0.617673 0.752381 0.696501 0.6715 0.591478 0.569143 0.51265 0.650025
