0 0.470435 0.776947 0.474597 0.706637 0.391304 0.701706 0.387141 0.772016
0 0.996882 0.555156 1.0015 0.458939 0.929997 0.455505 0.925378 0.551722
0 0.873483 0.388857 0.877533 0.302647 0.79953 0.298982 0.79548 0.385192
0 0.884435 0.260214 0.889105 0.172965 0.803921 0.168406 0.799251 0.255655
0 0.727839 0.974421 0.729472 0.886 0.629828 0.88416 0.628195 0.972581
0 0.812187 0.538615 0.821358 0.440338 0.757355 0.434365 0.748184 0.532642
0 0.511277 0.090895 0.517056 0.0119135 0.450802 0.00706515 0.445022 0.0860467
0 0.607974 0.815253 0.610655 0.72983 0.530385 0.727311 0.527704 0.812734
0 0.483593 0.713541 0.487325 0.645415 0.391916 0.640188 0.388184 0.708314
0 0.614699 0.925774 0.618161 0.867421 0.514599 0.861278 0.511138 0.919631
0 0.797281 0.385755 0.805059 0.290758 0.737286 0.285209 0.729508 0.380206
0 0.606347 0.985336 0.61143 0.921537 0.516472 0.913972 0.511389 0.97777
0 0.45507 0.989739 0.460634 0.935248 0.348222 0.923768 0.342658 0.978259
0 0.9781 0.805657 0.98484 0.72452 0.923598 0.719433 0.916859 0.80057
0 0.461658 0.938087 0.466743 0.879018 0.37328 0.870971 0.368194 0.930041
0 0.670204 0.106079 0.676515 0.0185162 0.596308 0.0127354 0.589997 0.100299
0 0.55809 0.367744 0.573957 0.274372 0.520669 0.265317 0.504802 0.358689
0 0.725849 0.247061 0.729577 0.169005 0.666377 0.165986 0.662648 0.244042
0 0.468072 0.882258 0.471751 0.828459 0.383011 0.822391 0.379332 0.87619
0 0.612815 0.873148 0.616868 0.813648 0.520616 0.807092 0.516564 0.866593
0 0.0522179 0.186253 0.157926 0.0969063 0.112293 0.0429171 0.0065848 0.132264
0 0.987921 0.291472 0.993313 0.181922 0.880719 0.17638 0.875326 0.285929
0 0.871923 0.653505 0.877279 0.562123 0.814243 0.558428 0.808887 0.64981
0 0.451958 0.0840061 0.456027 0.007082 0.373221 0.00270148 0.369152 0.0796255
0 0.595289 0.0952797 0.599093 0.0117875 0.5131 0.00786998 0.509296 0.0913621
0 0.976946 0.131606 0.983067 0.0482558 0.923874 0.0439094 0.917753 0.12726
0 0.786525 0.656032 0.804991 0.572802 0.755829 0.561895 0.737362 0.645124
0 0.805626 0.259082 0.809464 0.170189 0.724217 0.166509 0.720379 0.255402
0 0.470172 0.831301 0.471746 0.770357 0.384841 0.768113 0.383267 0.829057
0 0.486293 0.649098 0.489426 0.585177 0.39945 0.580766 0.396316 0.644687
0 0.922077 0.662725 0.93256 0.565611 0.876737 0.559586 0.866254 0.6567
0 0.669175 0.25805 0.672863 0.163194 0.586736 0.159845 0.583048 0.254701
0 0.923315 0.394124 0.930873 0.312162 0.874683 0.306981 0.867125 0.388942
0 0.104309 0.225374 0.191453 0.140113 0.146356 0.0940187 0.0592109 0.17928
0 0.973282 0.398981 0.979351 0.312871 0.926935 0.309177 0.920866 0.395287
0 0.738153 0.378526 0.743564 0.277927 0.603429 0.270388 0.598017 0.370987
0 0.979232 0.668148 0.989375 0.569402 0.929345 0.563236 0.919203 0.661982
0 0.921211 0.118658 0.926812 0.0332442 0.868545 0.0294233 0.862944 0.114838
0 0.491341 0.592048 0.49226 0.530026 0.398534 0.528638 0.397615 0.59066
0 0.876503 0.539825 0.8811 0.443043 0.815599 0.439932 0.811002 0.536714
0 0.754999 0.51079 0.760093 0.435937 0.693875 0.431431 0.688781 0.506283
0 0.28216 0.075868 0.299733 -0.00312086 0.247946 -0.014642 0.230373 0.0643469
0 0.511793 0.232662 0.516992 0.144882 0.452195 0.141044 0.446996 0.228824
0 0.375032 0.0748977 0.377236 -0.0020651 0.28717 -0.00464391 0.284966 0.0723189
0 0.185788 0.938446 0.274925 0.890465 0.197656 0.746916 0.108518 0.794897
0 0.112292 0.972798 0.192942 0.915384 0.10981 0.798607 0.0291605 0.856021
0 0.610597 0.367158 0.615517 0.278543 0.567752 0.275891 0.562832 0.364505
0 0.717422 0.107112 0.725779 0.0189555 0.673077 0.0139596 0.66472 0.102116
0 0.864943 0.117537 0.871458 0.0133479 0.808736 0.009426 0.802222 0.113616
0 0.929984 0.545183 0.935153 0.45138 0.876453 0.448146 0.871285 0.541949
0 0.73593 0.642541 0.77731 0.557507 0.719559 0.529404 0.67818 0.614438
0 0.58915 0.246935 0.595298 0.152421 0.513453 0.147097 0.507305 0.24161
0 0.635439 0.737311 0.638314 0.598992 0.534754 0.596839 0.531879 0.735158
0 0.010707 0.148807 0.115477 0.0436729 0.0523921 -0.0191943 -0.0523783 0.0859396
0 0.926732 0.823622 0.933987 0.71796 0.815791 0.709845 0.808537 0.815507
0 0.636844 0.781894 0.700948 0.722237 0.660846 0.679145 0.596741 0.738802
0 0.820882 1.00106 0.839266 0.88019 0.788271 0.872433 0.769886 0.993306
0 0.141678 0.594353 0.172923 0.49222 0.0406627 0.451758 0.00941742 0.553891
0 0.732903 0.857901 0.740052 0.737045 0.635518 0.730861 0.628369 0.851717
0 0.1245 0.290452 0.237137 0.195387 0.191484 0.141296 0.0788471 0.236361
0 0.453543 0.238814 0.466551 0.153124 0.304005 0.128448 0.290996 0.214138
0 0.686267 0.60255 0.735584 0.534972 0.687866 0.500149 0.638549 0.567726
0 1.00049 0.141532 1.00305 0.06265 0.97547 0.0617554 0.97291 0.140637
0 0.728396 1.00341 0.728628 0.96784 0.626325 0.967174 0.626093 1.00275
0 1.00223 0.672213 1.00575 0.602084 0.97637 0.600613 0.972858 0.670742
0 0.645416 0.892506 0.732863 0.892329 0.732745 0.83397 0.645298 0.834147
0 0.501543 0.360676 0.528156 0.278652 0.456352 0.255355 0.429739 0.33738
0 0.862055 1.00526 0.914803 0.957484 0.821155 0.854093 0.768407 0.90187
0 0.608281 1.00199 0.608729 0.974442 0.506863 0.972786 0.506415 1.00034
0 0.441549 0.568929 0.503564 0.487555 0.408955 0.415455 0.346941 0.496829
0 0.659761 0.56987 0.719215 0.490439 0.590345 0.393981 0.530891 0.473411
0 0.866915 1.01999 0.908566 0.905049 0.791443 0.862609 0.749793 0.977552
0 0.199829 0.335758 0.288327 0.242786 0.23218 0.189341 0.143682 0.282314
0 0.237148 0.0641202 0.251225 -0.00515006 0.17383 -0.0208786 0.159753 0.0483916
0 0.803786 0.105384 0.808993 0.0143994 0.721509 0.00939213 0.716301 0.100377
0 0.453783 1.00446 0.455236 0.977004 0.339489 0.970879 0.338037 0.99833
0 0.918886 1.03109 0.939723 0.96312 0.872882 0.942629 0.852045 1.0106
0 0.40015 0.662916 0.400954 0.602818 0.336269 0.601953 0.335465 0.66205
0 0.0463038 0.602146 0.0541297 0.509037 -0.0176165 0.503007 -0.0254425 0.596115
0 1.00015 0.402118 1.00514 0.330197 0.97408 0.328045 0.969096 0.399966
0 0.974949 0.889152 0.978564 0.826179 0.908004 0.822129 0.904389 0.885101
0 0.258784 0.402293 0.346077 0.301113 0.265975 0.232006 0.178682 0.333185
0 0.219633 0.746413 0.324091 0.630473 0.207686 0.525595 0.103227 0.641534
0 0.0103872 0.986572 0.0999327 0.914104 0.0159835 0.810372 -0.073562 0.88284
0 0.382953 0.717334 0.383556 0.658843 0.331445 0.658305 0.330841 0.716796
0 0.94347 0.946767 1.01026 0.945237 1.00794 0.84394 0.941149 0.845471
0 1.00126 0.277899 1.00326 0.192001 0.982698 0.191523 0.980703 0.277421
0 0.00241313 1.00426 0.0610378 1.00205 0.05982 0.969671 0.00119527 0.971876
0 0.0322876 1.00618 0.109099 1.00108 0.107216 0.972741 0.0304042 0.977847
0 0.278557 0.830722 0.335078 0.727697 0.230759 0.670466 0.174238 0.773492
0 0.963716 0.0550293 1.00297 0.0540026 1.00163 0.00264694 0.962373 0.0036737
0 1.00167 0.761836 1.00186 0.725897 0.977611 0.725764 0.977414 0.761703
0 0.698885 0.480545 0.702654 0.438359 0.618057 0.4308 0.614288 0.472986
0 0.200637 0.03373 0.202827 -0.00469341 0.143219 -0.00809002 0.141029 0.0303334
0 0.368119 0.502804 0.44685 0.421811 0.341195 0.319108 0.262464 0.4001
0 -0.00463032 0.990554 0.0389396 0.988834 0.0369859 0.939339 -0.00658409 0.941058
