0 0.402323 0.32686 0.575044 0.267188 0.536309 0.20412 0.363587 0.263791
0 0.193179 0.93502 0.402487 0.867055 0.360138 0.793694 0.15083 0.861659
0 0.699984 0.948942 0.813452 0.911484 0.695034 0.709707 0.581566 0.747165
0 0.46447 0.489684 0.824352 0.368967 0.786579 0.305625 0.426698 0.426342
0 0.340751 0.821823 0.433578 0.789247 0.336311 0.633343 0.243484 0.665919
0 0.310708 0.314534 0.409431 0.281832 0.267034 0.0400244 0.168311 0.072726
0 0.816189 0.201371 1.00954 0.13364 0.972658 0.0744085 0.779303 0.142139
0 0.553939 0.766091 0.655536 0.733175 0.493877 0.452505 0.39228 0.485421
0 0.510694 0.28841 0.954353 0.144257 0.924708 0.0929364 0.481049 0.237089
0 0.847139 0.50839 0.933926 0.483214 0.85902 0.337969 0.772233 0.363145
0 0.0310726 0.245466 0.118087 0.216316 0.00579238 0.0277671 -0.0812219 0.0569178
0 0.798727 1.04609 0.900445 0.959637 0.772524 0.874978 0.670806 0.961432
0 0.512012 0.0716757 0.690834 0.0156818 0.659442 -0.0407116 0.480619 0.0152823
0 0.909295 0.603629 0.991679 0.579483 0.91724 0.436616 0.834856 0.460761
0 0.329658 1.02026 0.459911 0.997226 0.44971 0.964776 0.319458 0.987807
0 0.24419 0.670599 0.293099 0.655077 0.237271 0.556127 0.188363 0.571649
0 0.0466144 0.425156 0.160147 0.382062 0.0427644 0.208108 -0.070768 0.251202
0 0.973666 0.699942 1.0415 0.678009 0.972523 0.558017 0.904691 0.57995
0 0.950989 0.135873 1.0031 0.134838 1.00051 0.0616329 0.948404 0.0626681
0 0.528169 0.291101 0.77393 0.217801 0.739964 0.153742 0.494203 0.227042
0 0.200656 0.666822 0.29398 0.634024 0.15067 0.404647 0.0573458 0.437445
0 0.871418 0.995158 1.00429 0.983021 0.996638 0.935927 0.863771 0.948063
0 0.233105 0.68768 0.300287 0.663494 0.209124 0.521055 0.141942 0.545241
0 0.093869 0.485392 0.15464 0.462884 0.102067 0.383039 0.0412959 0.405547
0 0.798917 0.0274164 0.887619 0.0103879 0.878711 -0.0157135 0.790009 0.00131503
0 0.33233 0.821299 0.395175 0.799609 0.31267 0.665145 0.249825 0.686836
0 0.0520026 0.405412 0.0988022 0.388311 0.0587341 0.326631 0.0119346 0.343732
0 0.0623548 0.417719 0.129415 0.39449 0.0485582 0.263185 -0.0185024 0.286414
0 0.346565 1.00207 0.474031 0.999502 0.472142 0.946853 0.344676 0.949424
0 0.829154 0.0382286 0.873332 -0.00399051 0.831494 -0.0286163 0.787316 0.0136028
0 0.702333 0.411199 0.824019 0.375813 0.789775 0.309576 0.66809 0.344962
