0 0.615178 0.3401 0.756434 0.274332 0.726991 0.211095 0.585735 0.276864
0 0.532716 0.584346 0.634392 0.534125 0.606872 0.478411 0.505197 0.528632
0 0.421417 0.365583 0.534092 0.317094 0.508802 0.258326 0.396126 0.306815
0 0.44378 0.419689 0.566223 0.365636 0.542465 0.311817 0.420022 0.36587
0 0.305777 0.565865 0.412515 0.5199 0.386099 0.458558 0.279361 0.504523
0 0.468787 0.47375 0.592703 0.4209 0.568238 0.363538 0.444322 0.416388
0 0.498312 0.525823 0.607535 0.479081 0.582998 0.421744 0.473775 0.468486
0 0.62206 0.955487 0.671081 0.921434 0.627169 0.85822 0.578148 0.892273
0 0.466755 0.314165 0.520169 0.191832 0.398306 0.138624 0.344892 0.260957
0 0.835857 0.831858 0.856818 0.776908 0.799615 0.755087 0.778653 0.810036
0 0.590326 0.283233 0.67575 0.235949 0.645561 0.181408 0.560137 0.228692
0 0.856018 0.805395 0.896309 0.781345 0.861258 0.722625 0.820967 0.746675
0 0.761494 0.866981 0.808287 0.839087 0.766676 0.769283 0.719883 0.797178
0 0.588326 0.697556 0.714803 0.641981 0.685726 0.575808 0.559249 0.631383
0 0.561441 0.22944 0.645166 0.188319 0.61493 0.126756 0.531204 0.167876
0 0.27806 0.509056 0.404559 0.459392 0.378959 0.394186 0.25246 0.443851
0 0.664025 0.92612 0.720702 0.896542 0.679481 0.817553 0.622804 0.84713
0 1.01347 0.493629 1.01741 0.4167 0.949855 0.413234 0.945907 0.490162
0 0.789959 0.617132 0.833464 0.549522 0.771499 0.50965 0.727994 0.57726
0 0.0201833 0.713252 0.123882 0.66216 0.00609755 0.423098 -0.0976015 0.474191
0 0.557843 0.635155 0.676235 0.591275 0.652667 0.527687 0.534276 0.571567
0 0.635123 0.364012 0.742684 0.330014 0.728407 0.284844 0.620846 0.318842
0 0.368032 0.199639 0.475064 0.145382 0.441112 0.0784068 0.33408 0.132663
0 0.716895 0.90074 0.768379 0.871498 0.728901 0.801994 0.677418 0.831236
0 0.229558 0.285163 0.283254 0.21937 0.222783 0.170016 0.169086 0.23581
0 0.740112 0.0752104 0.848271 0.0162834 0.81555 -0.0437759 0.70739 0.0151512
0 0.871158 0.792727 0.964689 0.743024 0.931023 0.67967 0.837491 0.729373
0 0.942264 0.444285 1.0394 0.394255 1.00651 0.330381 0.909367 0.380411
0 0.0682515 0.116182 0.110191 0.0505227 0.050016 0.0120857 0.00807621 0.0777447
0 0.954362 1.00567 0.962342 0.941774 0.8984 0.933789 0.890421 0.997682
0 0.35355 0.65118 0.422416 0.651043 0.422288 0.586397 0.353422 0.586534
0 0.715439 0.754102 0.746041 0.737274 0.721571 0.692777 0.69097 0.709605
0 0.84983 0.272602 0.948024 0.231832 0.924674 0.175593 0.82648 0.216363
0 0.814486 0.225564 0.928801 0.184833 0.907122 0.12399 0.792807 0.16472
0 0.545823 0.169066 0.624599 0.130671 0.565787 0.0100051 0.487011 0.0484002
0 0.900312 1.00851 0.901851 0.95289 0.839452 0.951162 0.837912 1.00678
0 0.970104 0.984219 1.01755 0.945517 0.967387 0.884008 0.919937 0.92271
0 0.405075 0.611695 0.410045 0.534781 0.323627 0.529197 0.318658 0.606112
0 0.202933 0.37799 0.336955 0.307943 0.296504 0.230548 0.162482 0.300596
0 0.805456 0.185 0.915913 0.129049 0.851094 0.00108188 0.740636 0.0570321
0 0.26235 0.423271 0.359537 0.303737 0.271118 0.231848 0.173932 0.351382
0 0.736631 0.552058 0.809425 0.512753 0.776224 0.451265 0.70343 0.49057
0 0.971629 0.124364 1.00179 0.124152 1.00138 0.0655711 0.971217 0.0657834
0 0.516981 0.772162 0.52886 0.627677 0.38917 0.616192 0.377291 0.760677
0 0.783667 1.00474 0.829355 1.00356 0.828636 0.975833 0.782948 0.977017
0 0.685957 0.454385 0.753251 0.408907 0.706911 0.340338 0.639617 0.385816
0 0.651596 1.00296 0.697475 1.00237 0.697176 0.979405 0.651297 0.980002
0 0.176154 0.293949 0.217976 0.270971 0.182354 0.206138 0.140533 0.229116
0 0.90716 0.378671 1.01122 0.319292 0.951897 0.215329 0.847836 0.274708
0 0.556644 0.985619 0.621845 0.945701 0.593066 0.898693 0.527864 0.938612
0 0.173155 0.299556 0.252908 0.255081 0.218141 0.192735 0.138387 0.23721
0 0.71896 0.486458 0.814466 0.427914 0.785013 0.379866 0.689507 0.438411
0 0.939671 0.0314987 0.99869 0.0303416 0.998021 -0.00376249 0.939003 -0.00260541
0 0.175022 0.0241037 0.217799 0.0231997 0.217252 -0.00268297 0.174475 -0.001779
0 0.964129 0.921706 1.00644 0.920689 1.00475 0.85046 0.962441 0.851477
0 0.256763 1.03682 0.338386 0.971317 0.225674 0.830872 0.14405 0.896378
0 1.00005 0.0796329 1.01496 0.015095 0.956811 0.00166564 0.941905 0.0662035
0 0.932633 0.379746 1.02476 0.321181 0.984465 0.257789 0.892336 0.316354
0 0.809548 0.172145 0.847558 0.153344 0.792297 0.0416203 0.754287 0.0604209
0 0.461599 0.603214 0.462 0.559362 0.410588 0.558892 0.410188 0.602744
0 0.644767 0.802169 0.674215 0.785678 0.643171 0.730243 0.613723 0.746734
0 0.0557978 0.401638 0.0625762 0.343998 -0.00337178 0.336243 -0.0101502 0.393882
0 0.349835 0.206914 0.386572 0.18454 0.35011 0.124671 0.313373 0.147044
0 0.845065 0.94036 0.894388 0.909951 0.862468 0.858179 0.813145 0.888588
0 0.126067 0.0811821 0.17669 0.0476604 0.137509 -0.0115104 0.0868851 0.0220113
0 0.964332 0.619518 1.00275 0.618906 1.00159 0.546163 0.963173 0.546775
0 0.423482 0.690108 0.423871 0.635608 0.364055 0.635181 0.363666 0.689681
0 0.539924 0.990344 0.597142 0.923989 0.517503 0.855318 0.460286 0.921673
0 0.527941 0.13639 0.591369 0.0905187 0.541897 0.0221113 0.478469 0.0679823
