0 0.761243 0.121198 0.767077 0.0160075 0.700838 0.00947678 0.695004 0.114667
0 0.735377 0.951892 0.738887 0.860488 0.641328 0.853827 0.637817 0.945231
0 0.975321 0.330665 0.980647 0.224693 0.918174 0.219112 0.912848 0.325083
0 0.807983 0.490222 0.823885 0.365843 0.770682 0.35375 0.75478 0.47813
0 0.920194 0.141614 0.926702 0.0242882 0.846571 0.016387 0.840063 0.133713
0 0.300295 0.249224 0.407785 0.128003 0.362883 0.0572201 0.255394 0.178442
0 0.701906 0.111941 0.705998 0.0095337 0.623183 0.00364972 0.61909 0.106057
0 0.736313 0.865883 0.739609 0.780542 0.648959 0.774318 0.645663 0.859659
0 0.845243 0.12714 0.849122 0.0159483 0.763119 0.0106133 0.759239 0.121805
0 0.918985 0.344641 0.923194 0.217545 0.836983 0.212469 0.832774 0.339565
0 0.250634 0.199923 0.367075 0.0596229 0.309126 -0.0258781 0.192685 0.114422
0 0.3552 0.300313 0.440807 0.186551 0.395327 0.125709 0.30972 0.23947
0 0.989323 0.505414 0.994767 0.370795 0.852915 0.360597 0.847471 0.495216
0 0.741235 0.789346 0.742267 0.70686 0.648601 0.704777 0.647569 0.787263
0 1.00034 0.68495 1.00251 0.576429 0.943836 0.574337 0.94166 0.682859
0 0.532095 0.101261 0.54977 -0.00444357 0.498089 -0.019807 0.480414 0.0858974
0 0.724878 1.01232 0.727724 0.941055 0.643871 0.935101 0.641025 1.00636
0 0.761885 0.310064 0.767023 0.193227 0.702142 0.188155 0.697004 0.304991
0 0.067206 0.283346 0.0855517 0.168232 0.00089326 0.144246 -0.0174524 0.25936
0 0.625002 0.0998896 0.627243 -0.00280692 0.537146 -0.00630272 0.534905 0.0963938
0 0.105333 0.200947 0.140608 0.089586 0.0186457 0.0209054 -0.016629 0.132266
0 0.86061 0.489575 0.865591 0.371097 0.81792 0.367534 0.812939 0.486011
0 0.0865183 1.0445 0.189889 0.940286 0.091733 0.7672 -0.0116377 0.871414
0 0.0281799 0.498854 0.0304783 0.430717 -0.00325634 0.428694 -0.00555477 0.496831
0 0.968972 0.143557 0.978605 0.0214404 0.923937 0.0137736 0.914304 0.13589
0 0.892943 0.983978 0.896611 0.797593 0.78423 0.793662 0.780562 0.980047
0 0.839007 0.329246 0.845239 0.203024 0.763618 0.19586 0.757387 0.322082
0 0.926287 0.804053 0.99087 0.717625 0.951148 0.664857 0.886565 0.751285
0 0.0545029 0.362615 0.0677122 0.274934 -0.00498266 0.255465 -0.018192 0.343145
0 0.126878 0.830182 0.188299 0.776605 0.13096 0.659746 0.069539 0.713324
0 1.00043 0.340432 1.00454 0.22949 0.974985 0.227546 0.970882 0.338489
0 0.976823 0.861218 1.03503 0.74779 0.981168 0.698646 0.922957 0.812074
0 0.703671 0.317371 0.7164 0.203874 0.554047 0.171501 0.541318 0.284999
0 0.374499 0.385788 0.486378 0.25967 0.441185 0.188396 0.329305 0.314514
0 0.0186312 0.864978 0.0751883 0.78032 0.0228818 0.718197 -0.0336754 0.802855
0 0.392772 0.789054 0.419092 0.648309 0.285521 0.603903 0.259201 0.744648
0 0.027582 0.431422 0.0315248 0.374752 -0.00432187 0.370318 -0.00826467 0.426988
0 1.00062 0.146369 1.00755 0.027849 0.969957 0.0239425 0.963029 0.142463
0 0.115106 0.0652494 0.128309 -0.00297104 0.0506503 -0.0296911 0.037447 0.0385293
0 -0.00301882 0.74925 0.0426336 0.748217 0.041532 0.661665 -0.0041205 0.662698
0 0.14291 0.902235 0.227709 0.825724 0.196104 0.763452 0.111306 0.839963
0 0.224915 0.838643 0.31213 0.759723 0.273995 0.684803 0.18678 0.763723
0 0.855273 1.00413 0.855847 0.963202 0.783486 0.961398 0.782912 1.00232
0 0.90489 1.05485 0.956927 0.961704 0.895473 0.900668 0.843436 0.993811
0 0.549949 1.05181 0.564352 0.931366 0.457683 0.90869 0.44328 1.02914
0 0.914119 0.762254 0.974802 0.652533 0.842419 0.522371 0.781736 0.632092
0 0.189998 0.121564 0.282871 0.00974013 0.230605 -0.0674319 0.137731 0.0443917
0 0.751273 0.480897 0.778255 0.372021 0.706628 0.340463 0.679645 0.449339
0 0.691223 0.758529 0.75331 0.649984 0.65923 0.554317 0.597144 0.662861
0 0.999656 0.508459 1.00378 0.392039 0.984282 0.390811 0.980158 0.507231
0 0.450114 0.446632 0.537461 0.32385 0.481765 0.253411 0.394418 0.376193
0 0.488128 0.0830815 0.501912 -0.00768302 0.4255 -0.0283119 0.411717 0.0624527
0 0.649987 0.883771 0.650782 0.80413 0.586264 0.802984 0.585469 0.882625
0 0.0015 0.666672 0.0205187 0.666463 0.020086 0.596547 0.00106732 0.596756
0 0.468205 0.997639 0.57925 0.846826 0.462437 0.69392 0.351392 0.844733
0 0.631835 0.956407 0.632359 0.879272 0.58135 0.878657 0.580827 0.955792
0 0.511597 0.538082 0.597861 0.404244 0.515817 0.310234 0.429554 0.444072
0 0.202648 0.769864 0.266724 0.714833 0.213284 0.604214 0.149208 0.659244
0 0.966067 1.00135 0.96637 0.954076 0.91008 0.953436 0.909778 1.00071
0 1.00039 0.87501 1.00105 0.796113 0.976852 0.795754 0.976194 0.874651
0 0.576488 1.00039 0.617628 1.00007 0.617415 0.951384 0.576275 0.951704
0 0.146611 0.241849 0.163145 0.19389 0.101927 0.156369 0.0853925 0.204328
0 0.998451 0.872396 1.01652 0.762 0.960499 0.745702 0.942432 0.856098
0 0.0194266 0.525376 0.0204029 0.463894 -0.000621087 0.463301 -0.00159738 0.524783
0 0.450292 0.0450715 0.452805 -0.00642233 0.394069 -0.0115184 0.391556 0.0399754
0 0.0208082 0.590893 0.0211121 0.509418 -0.00226469 0.509263 -0.00256855 0.590738
0 0.290738 0.326451 0.334263 0.278174 0.312131 0.2427 0.268606 0.290977
0 0.617967 0.669865 0.696335 0.562342 0.591125 0.426017 0.512757 0.53354
