0 0.615179 0.453462 0.756436 0.365785 0.726996 0.281463 0.585739 0.36914
0 0.532408 0.779402 0.634991 0.712096 0.607405 0.637352 0.504823 0.704658
0 0.421428 0.487426 0.534095 0.422808 0.508811 0.344435 0.396145 0.409053
0 0.443841 0.559554 0.566203 0.487546 0.542442 0.415766 0.42008 0.487774
0 0.305822 0.754222 0.411954 0.693781 0.385721 0.611892 0.27959 0.672333
0 0.46885 0.631417 0.592617 0.561366 0.568258 0.484855 0.444491 0.554906
0 0.498019 0.7011 0.607671 0.638957 0.583202 0.5622 0.47355 0.624343
0 0.466726 0.418901 0.520176 0.255801 0.39833 0.184813 0.34488 0.347914
0 0.590329 0.377649 0.67575 0.314608 0.645558 0.24188 0.560137 0.304921
0 0.561444 0.305919 0.645163 0.251095 0.614926 0.16901 0.531207 0.223834
0 0.278082 0.678426 0.404122 0.612876 0.378668 0.525864 0.252627 0.591415
0 0.58716 0.931663 0.71639 0.856866 0.687016 0.766642 0.557786 0.841439
0 1.01334 0.658519 1.01753 0.554956 0.949919 0.550096 0.945731 0.653659
0 0.0198076 0.951341 0.12392 0.882871 0.00592397 0.563903 -0.0981882 0.632373
0 0.635106 0.485348 0.742694 0.440042 0.728423 0.379798 0.620835 0.425105
0 0.557783 0.847724 0.677016 0.788698 0.652987 0.702405 0.533753 0.761431
0 0.368033 0.266181 0.475061 0.193843 0.441111 0.104544 0.334083 0.176883
0 0.22956 0.380216 0.28325 0.292488 0.222777 0.226693 0.169087 0.314422
0 0.787848 0.825113 0.835033 0.737885 0.773574 0.678781 0.726388 0.76601
0 0.740109 0.100279 0.848271 0.0217149 0.815553 -0.0583647 0.707391 0.0201994
0 0.0682414 0.154912 0.110196 0.0673795 0.0500292 0.0161122 0.00807485 0.103645
0 0.942501 0.592566 1.03975 0.525385 1.00662 0.440114 0.909368 0.507295
0 0.353727 0.870107 0.422787 0.869882 0.422624 0.781566 0.353565 0.781792
0 0.865167 1.06779 0.967736 0.989357 0.929815 0.901192 0.827246 0.979622
0 0.849835 0.363468 0.948022 0.309106 0.924671 0.234125 0.826484 0.288487
0 0.814491 0.300752 0.928795 0.246452 0.907116 0.165323 0.792812 0.219624
0 0.545816 0.225413 0.624595 0.174218 0.565787 0.0133416 0.487008 0.0645369
0 0.405364 0.814208 0.409422 0.713161 0.323532 0.707029 0.319473 0.808075
0 0.202997 0.504177 0.337012 0.410714 0.296474 0.307377 0.162459 0.40084
0 0.805453 0.246668 0.91593 0.172048 0.851108 0.00143294 0.740631 0.0760529
0 0.262641 0.564303 0.359448 0.404609 0.270837 0.309112 0.17403 0.468806
0 0.971629 0.165809 1.00179 0.165526 1.00138 0.0874336 0.971216 0.0877168
0 0.73756 0.737205 0.806879 0.686084 0.772008 0.602023 0.702689 0.653144
0 0.723401 1.00671 0.750225 0.964927 0.711077 0.920247 0.684253 0.96203
0 0.685881 0.605708 0.753135 0.545341 0.706985 0.453938 0.639732 0.514305
0 0.176146 0.391938 0.217985 0.361299 0.182369 0.274836 0.14053 0.305474
0 0.907295 0.505199 1.01136 0.425973 0.951876 0.287054 0.847807 0.36628
0 0.173141 0.399403 0.252974 0.34007 0.218222 0.256943 0.138389 0.316276
0 0.939671 0.041997 0.998689 0.0404543 0.998021 -0.00501626 0.939003 -0.00347356
0 0.175021 0.0321378 0.217797 0.0309326 0.21725 -0.00357745 0.174474 -0.00237218
0 0.722119 0.646266 0.813211 0.571846 0.783365 0.5069 0.692273 0.58132
0 1.00005 0.106169 1.01496 0.0201199 0.956821 0.00221432 0.941914 0.0882639
0 0.932558 0.506425 1.02482 0.428188 0.984162 0.342955 0.891902 0.421192
0 0.809547 0.229529 0.847559 0.20446 0.792302 0.0555065 0.75429 0.0805752
0 0.055787 0.535498 0.0625779 0.458704 -0.00335716 0.448339 -0.0101481 0.525132
0 0.349833 0.275884 0.386571 0.246053 0.350111 0.166229 0.313373 0.19606
0 0.462055 0.804828 0.462234 0.745008 0.410397 0.744734 0.410218 0.804554
0 0.70526 0.668354 0.751728 0.635085 0.720513 0.557574 0.674044 0.590843
0 0.126071 0.10824 0.17669 0.0635438 0.137506 -0.0153482 0.0868867 0.0293481
0 0.425267 0.927676 0.425817 0.854299 0.367619 0.853523 0.367068 0.926899
0 0.10572 1.03768 0.180652 0.995247 0.163474 0.94132 0.0885416 0.983754
0 0.964622 0.8238 1.00261 0.823034 1.00152 0.727073 0.963533 0.727839
0 0.527947 0.181864 0.591379 0.120701 0.541901 0.0294769 0.478469 0.0906403
