0 0.450319 0.592826 0.611621 0.523576 0.575031 0.438348 0.413729 0.507597
0 0.225949 0.158223 0.38697 0.0933193 0.352842 0.00865011 0.191822 0.0735534
0 0.326892 0.367925 0.474127 0.308585 0.443073 0.231533 0.295838 0.290873
0 0.478881 0.110017 0.675024 0.0403211 0.645307 -0.0433128 0.449163 0.026383
0 0.290798 0.294968 0.437835 0.236663 0.408637 0.163031 0.2616 0.221336
0 0.554857 0.90286 0.628104 0.864205 0.570476 0.755008 0.497229 0.793664
0 0.259703 0.225071 0.423748 0.156812 0.393163 0.0833076 0.229118 0.151567
0 0.370172 0.44403 0.515187 0.37704 0.478789 0.298248 0.333773 0.365239
0 0.797218 0.758719 0.960219 0.645867 0.902416 0.562379 0.739416 0.675231
0 0.400591 0.513829 0.571525 0.450715 0.542376 0.371771 0.371443 0.434885
0 0.134529 0.534424 0.229928 0.533865 0.229431 0.448988 0.134032 0.449547
0 0.79405 0.768711 0.798181 0.688437 0.7204 0.684434 0.716269 0.764708
0 0.678542 0.822897 0.738723 0.787446 0.696269 0.715377 0.636088 0.750828
0 0.635849 0.86416 0.693319 0.815997 0.629596 0.739961 0.572127 0.788123
0 0.752887 0.46622 0.759953 0.363881 0.659826 0.356968 0.65276 0.459307
0 0.651112 0.743974 0.71182 0.743804 0.711661 0.68701 0.650953 0.68718
0 0.487869 0.939883 0.558459 0.895062 0.511098 0.820474 0.440509 0.865295
0 0.925988 0.251342 1.03866 0.197784 1.00062 0.117773 0.887954 0.17133
0 0.958725 0.983434 1.02624 0.93119 0.962492 0.848809 0.894977 0.901052
0 0.6268 0.67788 0.663992 0.654476 0.623362 0.589907 0.58617 0.61331
0 1.01298 0.324377 1.03023 0.22422 0.940653 0.208791 0.923402 0.308947
0 0.202904 0.0845307 0.363754 0.0222977 0.334487 -0.053348 0.173637 0.00888497
0 0.647156 0.403482 0.735514 0.347518 0.685975 0.269307 0.597618 0.325271
0 0.0263228 0.349372 0.205942 0.292242 0.176994 0.201229 -0.00262514 0.258359
0 0.924962 1.01725 0.960694 0.951227 0.88401 0.909725 0.848277 0.97575
0 0.0739389 0.42221 0.190733 0.374288 0.154706 0.286481 0.0379109 0.334403
0 0.00876473 0.27146 0.164275 0.204536 0.13006 0.125032 -0.02545 0.191956
0 0.0998505 0.488837 0.260792 0.440366 0.235256 0.355578 0.0743144 0.404049
0 0.202365 0.626577 0.379546 0.524426 0.33638 0.449556 0.159199 0.551707
0 0.414639 0.978409 0.490592 0.931237 0.455375 0.874535 0.379423 0.921707
0 0.510008 0.138486 0.638041 0.114911 0.627325 0.0567103 0.499292 0.0802849
0 0.78215 1.01462 0.878562 1.01307 0.877385 0.939733 0.780972 0.941281
0 0.427809 0.0503005 0.541784 0.0480939 0.540757 -0.00492441 0.426782 -0.00271775
0 0.585487 0.266268 0.665583 0.207733 0.606277 0.126582 0.526181 0.185118
0 0.393023 0.795047 0.432111 0.770217 0.394488 0.71099 0.3554 0.735821
0 0.816858 0.919688 0.864513 0.860193 0.7983 0.807156 0.750645 0.866651
0 0.0881956 1.00907 0.100351 0.897919 -0.0104105 0.885806 -0.0225663 0.996956
0 0.369803 0.981493 0.468639 0.924128 0.395884 0.798775 0.297047 0.856141
0 0.2799 0.469916 0.285143 0.408913 0.215214 0.402904 0.209971 0.463906
0 0.533265 1.00207 0.597281 1.00195 0.597241 0.980089 0.533224 0.980208
0 0.887357 0.190207 1.02253 0.115844 0.933621 -0.0457582 0.798452 0.0286048
0 0.461136 0.139834 0.499678 0.123346 0.472384 0.0595438 0.433841 0.0760322
0 0.530083 0.739028 0.567248 0.718458 0.522365 0.637364 0.4852 0.657934
0 0.78007 0.051672 0.890746 0.0471501 0.888556 -0.00646411 0.777879 -0.00194219
0 0.163289 0.0461107 0.218355 0.0451618 0.217496 -0.00470382 0.162429 -0.00375493
0 0.811379 0.74423 0.86426 0.709065 0.814128 0.633675 0.761247 0.668839
0 0.526697 0.184189 0.626974 0.152284 0.604339 0.0811433 0.504062 0.113048
0 0.193084 0.625183 0.258137 0.593046 0.21745 0.510686 0.152397 0.542823
0 0.0196368 0.19733 0.122176 0.135879 0.0668537 0.0435678 -0.0356852 0.105019
0 -0.0072833 0.912452 0.0515783 0.910943 0.0487961 0.802428 -0.0100654 0.803937
0 0.72185 1.00528 0.770976 1.0035 0.769827 0.97184 0.720701 0.973623
0 0.796312 0.0437672 0.896039 0.0137806 0.883696 -0.0272695 0.783969 0.00271716
0 0.00231115 0.961844 0.0943305 0.961291 0.093202 0.773503 0.00118262 0.774056
0 0.961135 0.476568 1.00043 0.475112 0.997662 0.40029 0.958362 0.401747
