0 0.933355 0.599287 1.04897 0.431545 0.963732 0.372799 0.84812 0.540542
0 0.766756 0.579991 0.880042 0.427773 0.792091 0.362317 0.678806 0.514535
0 0.904315 0.685163 0.96924 0.596665 0.829647 0.494255 0.764722 0.582753
0 0.861963 0.972204 0.967092 0.839912 0.875024 0.766748 0.769895 0.89904
0 0.190287 0.734698 0.306892 0.652549 0.258134 0.583342 0.14153 0.665491
0 0.857392 0.458159 0.973333 0.304475 0.894718 0.245167 0.778777 0.398851
0 0.415694 1.03138 0.517204 0.951562 0.462848 0.882437 0.361338 0.962258
0 0.750763 0.840675 0.843334 0.718451 0.743437 0.642791 0.650866 0.765015
0 0.128665 0.677313 0.251283 0.593776 0.194598 0.510572 0.0719805 0.594108
0 0.802237 0.87151 0.87109 0.782425 0.814646 0.7388 0.745793 0.827886
0 0.606683 0.795904 0.660768 0.705137 0.541625 0.634145 0.487541 0.724913
0 0.680789 0.753791 0.74871 0.680288 0.622497 0.56366 0.554576 0.637164
0 0.238844 0.77416 0.355876 0.679094 0.316046 0.630061 0.199014 0.725127
0 0.316581 0.403046 0.371272 0.342303 0.279547 0.259716 0.224856 0.320458
0 0.22959 0.344934 0.29328 0.276575 0.200076 0.189737 0.136386 0.258096
0 0.391663 0.481644 0.453453 0.409003 0.356237 0.326308 0.294447 0.398948
0 0.47245 0.537871 0.526347 0.467834 0.430311 0.393931 0.376415 0.463968
0 0.518696 0.27393 0.584817 0.192882 0.472386 0.101157 0.406265 0.182205
0 0.400082 0.702163 0.527638 0.580796 0.448275 0.497386 0.320719 0.618754
0 0.0670282 0.624987 0.155406 0.538935 0.0906625 0.472442 0.00228495 0.558494
0 0.625313 0.140174 0.693226 0.0235168 0.592988 -0.0348376 0.525075 0.0818193
0 0.990945 0.334824 1.04011 0.225079 0.933448 0.177302 0.884288 0.287047
0 0.146642 1.03495 0.249788 0.966442 0.126666 0.781075 0.0235192 0.849586
0 0.163681 0.265099 0.215998 0.207425 0.121896 0.122066 0.0695803 0.17974
0 0.288339 0.209994 0.354301 0.121503 0.246929 0.0414668 0.180967 0.129957
0 0.364606 0.961498 0.461465 0.891148 0.429534 0.847186 0.332676 0.917535
0 0.354758 0.120717 0.412099 0.0545402 0.305133 -0.0381461 0.247791 0.0280304
0 0.959883 0.094755 1.00107 -0.00227225 0.910992 -0.0405034 0.869809 0.0565239
0 0.621442 0.475228 0.678055 0.3928 0.556844 0.309551 0.500231 0.39198
0 0.427304 0.192614 0.488563 0.119361 0.39307 0.0395031 0.331811 0.112756
0 0.589869 0.325116 0.64538 0.25472 0.554243 0.182854 0.498732 0.25325
0 0.756612 0.256085 0.845712 0.164548 0.687811 0.0108517 0.598711 0.102389
0 0.343357 0.931149 0.429495 0.868754 0.34792 0.756138 0.261782 0.818533
0 0.0823893 0.206639 0.143908 0.137159 0.0427992 0.0476351 -0.0187197 0.117115
0 0.0170448 1.00457 0.104151 0.904923 0.0402073 0.849028 -0.0468987 0.948676
0 0.387294 0.289151 0.447734 0.215549 0.319718 0.110427 0.259279 0.184029
0 0.527946 0.400231 0.576159 0.333374 0.471883 0.258177 0.423671 0.325034
0 0.166488 0.101814 0.235138 0.00309013 0.111209 -0.0830865 0.0425596 0.0156371
0 0.949767 0.222525 1.00402 0.220592 1.00089 0.132693 0.946635 0.134626
0 0.277037 0.837523 0.370683 0.759981 0.321378 0.700436 0.227732 0.777977
0 0.180332 0.999036 0.277317 0.996605 0.275906 0.940317 0.178921 0.942748
0 0.945638 0.777654 1.00203 0.77644 0.999821 0.673726 0.943426 0.67494
0 0.518498 0.597612 0.584955 0.505324 0.513438 0.453824 0.446981 0.546113
0 0.245842 0.542179 0.332138 0.466992 0.2929 0.421956 0.206604 0.497143
0 0.959733 0.410773 1.00154 0.410074 1.00027 0.334248 0.958465 0.334947
0 0.0381826 0.119062 0.0434045 0.0313885 -0.0118735 0.0280962 -0.0170953 0.11577
0 0.0348631 0.835605 0.0707516 0.736425 -0.0112882 0.706739 -0.0471767 0.805919
0 0.832382 0.510621 0.878378 0.433485 0.778217 0.37376 0.732221 0.450896
0 0.571571 0.0738364 0.592224 -0.0188267 0.4788 -0.0441061 0.458147 0.048557
0 0.0808699 0.837139 0.0820577 0.682086 0.000442399 0.681461 -0.000745394 0.836513
0 0.0535346 0.764255 0.076701 0.73459 0.00306274 0.677084 -0.0201037 0.70675
0 0.829619 0.0467628 0.924439 0.0420047 0.922052 -0.00555761 0.827232 -0.000799502
0 0.771816 0.281087 0.871919 0.186406 0.829929 0.142011 0.729826 0.236692
0 0.195422 1.00633 0.263513 1.00595 0.263262 0.961578 0.19517 0.961964
0 0.858922 1.00575 0.859123 0.960234 0.794827 0.95995 0.794626 1.00546
0 0.69254 0.392678 0.745806 0.318322 0.636777 0.240217 0.58351 0.314574
0 0.0332539 0.209752 0.0345785 0.142387 -0.00201759 0.141667 -0.00334226 0.209033
0 0.0525471 0.562711 0.07227 0.441467 -0.0195641 0.426528 -0.039287 0.547772
0 1.00579 1.01491 1.01542 0.896024 0.909767 0.887468 0.900139 1.00635
