0 0.597527 0.26477 0.723014 0.0991546 0.635218 0.0326313 0.509731 0.198247
0 0.419037 0.50796 0.51061 0.38726 0.410857 0.311579 0.319284 0.43228
0 0.526836 0.636493 0.634468 0.506133 0.546197 0.43325 0.438564 0.56361
0 0.573801 0.350538 0.63689 0.262229 0.494271 0.160341 0.431182 0.24865
0 0.738987 0.126247 0.797919 0.0301171 0.680909 -0.0416152 0.621977 0.0545144
0 0.866042 0.430723 0.950268 0.326288 0.904355 0.28926 0.820129 0.393694
0 0.275823 0.463781 0.328922 0.37737 0.208299 0.303247 0.155199 0.389658
0 0.351919 0.425211 0.419537 0.351995 0.292824 0.234968 0.225205 0.308184
0 0.038584 1.00843 0.131053 0.939871 0.0909621 0.8858 -0.00150734 0.954361
0 0.463421 0.541503 0.540163 0.450459 0.488885 0.407236 0.412143 0.49828
0 0.436574 0.247499 0.547193 0.0920265 0.454794 0.0262851 0.344176 0.181757
0 0.0820294 0.710263 0.183695 0.619977 0.12278 0.551384 0.0211141 0.641669
0 0.811549 0.598851 0.917551 0.483715 0.83304 0.405909 0.727038 0.521044
0 0.649752 0.766699 0.762163 0.601758 0.646341 0.522823 0.53393 0.687764
0 0.544473 1.03386 0.678836 0.895498 0.592181 0.811345 0.457818 0.949702
0 0.0579669 0.368718 0.187842 0.253524 0.113645 0.169871 -0.0162303 0.285065
0 0.888627 0.656621 0.986979 0.550687 0.905313 0.474865 0.80696 0.580799
0 0.935327 0.467753 1.01341 0.37281 0.949762 0.320462 0.871678 0.415405
0 0.945168 0.695698 1.03833 0.594449 0.981456 0.542119 0.888295 0.643368
0 0.834109 0.405312 0.916829 0.304277 0.77004 0.184099 0.687321 0.285134
0 0.766165 0.513226 0.848481 0.427435 0.711672 0.296167 0.629356 0.381958
0 0.143038 0.20225 0.192738 0.121313 0.0895943 0.0579778 0.0398949 0.138915
0 0.139688 0.797684 0.248245 0.690178 0.176694 0.617928 0.068137 0.725433
0 0.865887 0.863982 0.935282 0.774777 0.883122 0.734201 0.813728 0.823406
0 0.924664 0.209202 1.04959 0.0260385 0.936951 -0.0507822 0.812028 0.132382
0 0.378889 1.05003 0.419045 0.93443 0.283187 0.887238 0.243031 1.00284
0 0.0299084 0.628482 0.127834 0.555099 0.0955405 0.512006 -0.00238482 0.585387
0 1.00466 0.276241 1.07453 0.153848 0.970046 0.0941922 0.900168 0.216585
0 0.824776 0.840049 0.906418 0.729746 0.814935 0.662034 0.733294 0.772337
0 0.0587621 0.145978 0.118182 0.0749131 0.0201452 -0.00706008 -0.039275 0.0640044
0 0.18921 0.256169 0.244519 0.168588 0.175703 0.125129 0.120393 0.21271
0 0.245394 0.975092 0.331692 0.899543 0.293221 0.855598 0.206923 0.931148
0 0.219106 0.921665 0.328285 0.830437 0.285836 0.779635 0.176657 0.870863
0 0.530754 0.127258 0.644099 -0.000333389 0.561468 -0.0737379 0.448123 0.0538536
0 0.89984 0.936241 1.01239 0.829657 0.950193 0.763975 0.837641 0.870559
0 0.288925 0.141493 0.355564 0.0548609 0.232708 -0.0396434 0.166068 0.0469889
0 0.0509734 1.00044 0.16639 0.99752 0.164876 0.93759 0.0494594 0.940506
0 0.98777 0.52632 1.04868 0.422771 0.977783 0.381071 0.916875 0.484619
0 0.0567895 1.03302 0.161196 0.999077 0.143015 0.943153 0.0386084 0.977096
0 0.938054 0.739792 1.00477 0.738053 1.00198 0.631108 0.935266 0.632847
0 0.377013 0.0587823 0.389175 -0.018716 0.296384 -0.0332784 0.284221 0.0442198
0 0.20221 0.875345 0.282604 0.787528 0.199456 0.711408 0.119062 0.799224
0 0.894158 0.902424 0.979986 0.801925 0.936567 0.764843 0.850738 0.865343
0 0.737958 0.0433619 0.840383 0.0388106 0.838417 -0.00542993 0.735992 -0.000878619
0 0.454789 0.98928 0.513067 0.91334 0.468236 0.878935 0.409957 0.954876
0 0.0214154 0.601816 0.105316 0.516103 0.00761733 0.420471 -0.0762829 0.506183
0 1.00074 1.00347 1.00102 0.957206 0.959182 0.956958 0.958907 1.00322
0 0.84323 0.995887 0.86942 0.910424 0.793811 0.887254 0.767621 0.972716
0 0.200366 0.072692 0.237652 -0.0142837 0.14713 -0.0530897 0.109844 0.033886
0 0.707388 0.454247 0.788413 0.347114 0.71778 0.293695 0.636755 0.400828
0 0.937608 1.00312 0.988339 1.00273 0.988135 0.976005 0.937405 0.976392
0 0.84215 0.972125 0.887308 0.944243 0.845406 0.876379 0.800248 0.904261
0 0.50678 0.172788 0.546122 0.102644 0.440262 0.0432696 0.40092 0.113413
0 0.0331158 0.0392013 0.0345664 -0.000791881 0.00152391 -0.00199039 7.32875e-05 0.0380028
0 0.454983 0.243449 0.499063 0.174939 0.39703 0.109289 0.35295 0.177799
