0 0.448212 0.266226 0.54346 0.103424 0.477764 0.0350938 0.382515 0.197896
0 0.196757 0.459336 0.241453 0.378654 0.162409 0.300807 0.117713 0.381489
0 0.315499 0.503625 0.382501 0.38432 0.308939 0.310874 0.241936 0.430178
0 0.398515 0.640129 0.477514 0.513573 0.408426 0.436904 0.329427 0.56346
0 0.352002 0.53634 0.401942 0.450961 0.361455 0.408861 0.311516 0.49424
0 0.647252 0.859693 0.699 0.775436 0.663362 0.736525 0.611615 0.820782
0 0.783677 0.569322 0.847465 0.465869 0.800265 0.41413 0.736477 0.517583
0 0.741938 0.517774 0.803847 0.418955 0.759133 0.369153 0.697223 0.467972
0 0.484324 0.761208 0.572119 0.607162 0.487259 0.521182 0.399464 0.675228
0 0.890014 0.431368 0.955203 0.338529 0.913132 0.286011 0.847943 0.378851
0 0.574839 0.514196 0.638542 0.427041 0.536865 0.29492 0.473162 0.382075
0 0.259638 0.421804 0.31093 0.351304 0.21702 0.22984 0.165729 0.30034
0 0.766677 0.271461 0.800423 0.157433 0.715753 0.112886 0.682007 0.226914
0 0.607542 0.594852 0.685903 0.488291 0.625364 0.409147 0.547003 0.515709
0 0.332314 0.246468 0.410827 0.0981742 0.336396 0.0281166 0.257882 0.176411
0 0.555968 0.12108 0.596524 0.0244923 0.508635 -0.0411154 0.468078 0.0554727
0 0.427138 0.350217 0.474124 0.260263 0.370106 0.163673 0.32312 0.253627
0 0.63242 0.399167 0.687508 0.302152 0.56679 0.180291 0.511702 0.277306
0 0.650183 0.432675 0.715258 0.329756 0.679679 0.289764 0.614605 0.392682
0 0.669419 0.65692 0.734066 0.558219 0.671707 0.485607 0.60706 0.584308
0 0.817603 0.354415 0.882558 0.257893 0.845533 0.213599 0.780578 0.31012
0 0.702312 0.467153 0.758937 0.373067 0.713978 0.324964 0.657354 0.41905
0 0.705155 0.199173 0.751689 0.074541 0.658273 0.0125347 0.611739 0.137166
0 0.709396 0.692645 0.771588 0.61292 0.730615 0.556098 0.668423 0.635823
0 0.780769 0.317713 0.852407 0.214925 0.811625 0.164396 0.739988 0.267183
0 0.893278 0.692248 0.962386 0.59591 0.917143 0.538212 0.848035 0.63455
0 0.0406914 0.368995 0.143297 0.26077 0.0904805 0.17175 -0.012125 0.279975
0 0.810558 0.821012 0.866251 0.740438 0.756225 0.605236 0.700531 0.68581
0 0.0655698 0.704768 0.137986 0.616255 0.0899242 0.546349 0.0175078 0.634862
0 0.990736 0.307405 1.01295 0.210365 0.936512 0.179261 0.9143 0.276301
0 0.409371 1.02961 0.509206 0.896214 0.445347 0.811252 0.345512 0.944652
0 0.861591 0.735582 0.896616 0.679281 0.813211 0.587038 0.778186 0.643339
0 0.933443 0.250949 0.955468 0.156965 0.883894 0.127146 0.861869 0.22113
0 0.107796 0.197103 0.137492 0.11694 0.0648214 0.0690815 0.0351255 0.149245
0 0.875 0.200028 0.901605 0.109563 0.824209 0.0690989 0.797605 0.159563
0 0.847489 0.391354 0.906486 0.293855 0.872865 0.257688 0.813869 0.355188
0 0.810657 0.144413 0.840995 0.0686394 0.767564 0.0163733 0.737226 0.092147
0 0.267002 1.05798 0.313854 0.951836 0.222633 0.880254 0.17578 0.9864
0 0.953458 0.878946 0.9993 0.838145 0.942561 0.724816 0.896719 0.765617
0 0.101714 0.797232 0.183014 0.700285 0.129936 0.621156 0.0486371 0.718104
0 0.951075 0.506335 1.01083 0.396654 0.943831 0.331755 0.884072 0.441437
0 0.609305 0.830848 0.673526 0.735052 0.615364 0.665735 0.551143 0.761531
0 0.0457645 0.143083 0.0895178 0.0630433 0.0187847 -0.00569622 -0.0249685 0.0743431
0 0.911157 0.942532 0.967335 0.85934 0.893858 0.771131 0.83768 0.854323
0 0.0308124 1.00701 0.0973886 0.941258 0.0679841 0.888329 0.00140795 0.954082
0 0.700596 0.927243 0.762364 0.827032 0.703689 0.762738 0.641922 0.862949
0 0.821453 0.631043 0.895539 0.522702 0.848942 0.466055 0.774856 0.574396
0 0.845192 1.07697 0.87471 0.936026 0.754582 0.891301 0.725064 1.03225
0 0.163978 0.874011 0.208086 0.775512 0.138124 0.719816 0.0940163 0.818315
0 0.404986 0.115134 0.446497 0.0308374 0.380852 -0.0266324 0.339341 0.0576641
0 0.204379 0.142571 0.255885 0.0590953 0.177809 -0.0265498 0.126302 0.0569264
0 0.954044 0.772822 1.00244 0.771102 0.999998 0.649138 0.951605 0.650858
0 0.631995 0.988079 0.663633 0.926238 0.611354 0.878691 0.579717 0.940532
0 0.378221 0.157108 0.405428 0.10174 0.33441 0.0397014 0.307203 0.0950692
0 1.00365 0.172894 1.01989 0.0765415 0.97121 0.061955 0.954969 0.158308
0 0.11528 1.02445 0.123604 0.942702 0.0485558 0.929116 0.0402318 1.01086
0 0.979852 0.820169 1.01169 0.787367 0.963 0.703353 0.931162 0.736154
0 0.130818 0.257258 0.185012 0.174498 0.140172 0.122298 0.0859779 0.205057
0 0.997753 0.539725 1.03896 0.423185 0.973646 0.382125 0.932436 0.498665
0 0.177336 0.0705194 0.178163 -0.00807023 0.0770301 -0.00996179 0.0762033 0.0686279
0 0.182467 0.979473 0.254473 0.894449 0.223924 0.848455 0.151918 0.933479
0 0.271067 0.0646344 0.291932 -0.0172555 0.231869 -0.0444619 0.211004 0.037428
0 0.976021 0.0511104 0.982819 -0.00767357 0.922159 -0.0201448 0.915361 0.0386391
0 0.758332 0.0854981 0.778658 -0.00122274 0.711028 -0.0294027 0.690702 0.0573182
0 0.841203 0.636179 0.912164 0.542423 0.865635 0.479815 0.794673 0.573572
0 0.623398 0.04196 0.62429 -0.00360707 0.56078 -0.00581814 0.559888 0.0397489
0 0.00427565 0.594248 0.0730169 0.53045 0.0161891 0.421595 -0.0525522 0.485393
0 0.156317 0.922411 0.246682 0.83381 0.216509 0.779102 0.126144 0.867704
0 0.520133 0.987308 0.523732 0.920321 0.465501 0.914759 0.461902 0.981746
0 0.214119 0.138582 0.255396 0.0560924 0.206959 0.0130049 0.165683 0.0954944
0 0.246732 0.844681 0.276655 0.764083 0.212601 0.721805 0.182678 0.802403
0 0.699494 1.00416 0.74597 1.00357 0.745753 0.973103 0.699277 0.973692
0 0.956415 1.01337 1.02368 0.938433 0.988654 0.882547 0.921392 0.957484
0 1.00173 1.00255 1.00196 0.963897 0.961655 0.963463 0.961421 1.00211
0 0.343736 0.237928 0.375786 0.157954 0.295184 0.100529 0.263134 0.180503
0 0.855176 0.626442 0.907159 0.544766 0.87174 0.504691 0.819757 0.586367
0 0.0228734 0.629914 0.0923228 0.5592 0.0677018 0.516212 -0.00174768 0.586926
0 0.919121 1.03384 0.931431 0.947644 0.846744 0.926142 0.834433 1.01234
0 0.977708 0.582328 1.00216 0.582325 1.00215 0.526681 0.977705 0.526683
0 0.965839 0.0712619 1.00394 0.0707766 1.00341 -0.00347317 0.965307 -0.0029879
0 0.997921 1.01541 1.00414 0.952479 0.952859 0.94347 0.94664 1.0064
0 0.341633 0.991333 0.384845 0.905271 0.349817 0.874004 0.306605 0.960066
