0 0.701748 0.242795 0.8006 0.133703 0.742392 0.0809587 0.643539 0.190051
0 0.209897 0.69489 0.344196 0.566484 0.264671 0.48331 0.130372 0.611715
0 0.197312 0.305738 0.29979 0.168121 0.20586 0.098175 0.103382 0.235792
0 0.922525 0.948149 1.03113 0.868153 0.987627 0.809086 0.879019 0.889082
0 0.6466 0.18739 0.738941 0.0872613 0.684792 0.0373242 0.592451 0.137453
0 0.743759 1.04066 0.873868 0.950212 0.822556 0.876396 0.692447 0.96684
0 0.85315 0.361028 0.949695 0.264509 0.891247 0.206045 0.794702 0.302564
0 0.145502 1.02432 0.276319 0.968519 0.244023 0.892808 0.113206 0.94861
0 0.321825 0.428963 0.430856 0.270873 0.312458 0.189217 0.203428 0.347307
0 0.756987 0.485946 0.825012 0.403924 0.672401 0.277356 0.604376 0.359378
0 0.624995 0.884266 0.724749 0.789136 0.684452 0.746881 0.584699 0.842011
0 0.129386 0.207927 0.209734 0.111262 0.157802 0.0680958 0.0774535 0.16476
0 0.288277 0.785466 0.290763 0.725169 0.116061 0.717965 0.113574 0.778262
0 0.529745 0.528158 0.601982 0.442748 0.55307 0.40138 0.480833 0.48679
0 0.817645 0.406098 0.863186 0.356033 0.753865 0.256589 0.708323 0.306654
0 0.0809674 0.173598 0.175356 0.0555942 0.0779036 -0.0223556 -0.0164849 0.0956484
0 0.710006 0.763816 0.830941 0.649096 0.738704 0.551862 0.617769 0.666582
0 0.591573 0.139921 0.684506 0.0410069 0.626543 -0.0134515 0.53361 0.0854625
0 0.552396 0.322592 0.652767 0.222804 0.576129 0.145718 0.475758 0.245506
0 0.556084 1.04013 0.623517 0.984842 0.540392 0.883449 0.472959 0.938733
0 0.844147 0.824251 0.917883 0.742018 0.806049 0.641741 0.732313 0.723974
0 0.663017 0.926516 0.761789 0.836571 0.718399 0.788923 0.619627 0.878869
0 0.68955 0.966348 0.809811 0.889132 0.773582 0.832707 0.653321 0.909923
0 0.937958 0.539882 0.993065 0.502413 0.917694 0.391563 0.862587 0.429032
0 0.847925 0.102393 0.94193 0.00664281 0.888782 -0.0455364 0.794777 0.050214
0 0.473024 0.264358 0.583743 0.15243 0.503015 0.0725743 0.392296 0.184502
0 0.930451 0.685144 1.02774 0.610507 0.991028 0.56266 0.893743 0.637298
0 0.925893 0.175285 1.0215 0.0646341 0.938613 -0.00699079 0.843002 0.103661
0 0.0766363 0.882464 0.166209 0.814673 0.0690265 0.686264 -0.0205465 0.754054
0 0.487155 0.502482 0.565459 0.388096 0.482633 0.331397 0.404329 0.445783
0 0.601986 0.364691 0.705743 0.271471 0.654391 0.214315 0.550635 0.307536
0 0.345567 0.925113 0.496878 0.845077 0.454956 0.765823 0.303646 0.84586
0 0.585843 0.843657 0.709841 0.742108 0.665171 0.687563 0.541173 0.789112
0 0.551629 0.803166 0.68483 0.690185 0.636668 0.633403 0.503467 0.746385
0 0.0725768 0.687393 0.0761048 0.585223 -0.00129899 0.58255 -0.00482693 0.68472
0 0.424687 0.183653 0.517853 0.0956109 0.390549 -0.0391005 0.297384 0.0489419
0 0.9911 1.01332 1.04989 0.921971 0.975026 0.8738 0.916242 0.965152
0 0.976628 0.490767 1.01957 0.456272 0.95003 0.369706 0.907088 0.404201
0 0.0930637 0.947974 0.227827 0.874894 0.184718 0.7954 0.0499551 0.86848
0 0.584297 0.602167 0.682166 0.50137 0.612009 0.433252 0.514141 0.534049
0 0.90466 0.650174 0.987827 0.582015 0.867043 0.434636 0.783876 0.502795
0 0.5326 0.092048 0.621839 -0.00240306 0.577284 -0.0444991 0.488045 0.0499519
0 0.120613 0.656676 0.178209 0.578694 0.135553 0.547188 0.0779562 0.625171
0 0.863997 0.913091 0.979371 0.802009 0.908732 0.72864 0.793358 0.839722
0 0.979653 0.213353 1.05827 0.104564 0.996835 0.0601648 0.918216 0.168954
0 0.812961 0.0575797 0.841807 -0.00698471 0.77401 -0.0372747 0.745164 0.0272897
0 0.310911 0.676576 0.374869 0.622412 0.332089 0.571896 0.26813 0.62606
0 0.41351 0.443188 0.501762 0.338253 0.432862 0.280307 0.34461 0.385242
0 0.942428 0.440827 1.0062 0.437775 1.00071 0.323072 0.93694 0.326124
0 0.507077 0.661755 0.534979 0.573814 0.458654 0.549598 0.430752 0.637538
0 0.766707 0.304914 0.873136 0.193457 0.805056 0.128448 0.698627 0.239905
0 0.980962 0.712373 1.01897 0.656515 0.976522 0.627637 0.938518 0.683495
0 0.0398503 1.00147 0.0407149 0.953731 0.00239386 0.953037 0.0015292 1.00077
0 0.800742 0.289943 0.879229 0.210876 0.83682 0.168778 0.758333 0.247845
0 0.445834 0.0522042 0.540769 0.0517908 0.540502 -0.00961724 0.445566 -0.0092038
0 0.319695 1.00587 0.388544 1.00267 0.386931 0.967926 0.318082 0.971123
0 0.514597 0.638284 0.55254 0.616428 0.511352 0.544924 0.473409 0.56678
0 0.79738 1.00431 0.884258 1.00163 0.882872 0.956775 0.795994 0.95946
0 0.398405 0.828852 0.426634 0.76022 0.338308 0.723891 0.310079 0.792523
0 0.0616095 0.0818 0.0676533 -0.00580371 -0.0132859 -0.0113877 -0.0193297 0.076216
0 0.302675 0.853354 0.366643 0.799788 0.297862 0.717652 0.233894 0.771218
0 0.186544 1.00679 0.270255 1.00174 0.268229 0.968162 0.184518 0.973213
0 1.00127 0.218901 1.0018 0.170587 0.971815 0.170253 0.971276 0.218566
0 0.56292 1.00319 0.634508 1.00158 0.633873 0.973277 0.562284 0.974885
0 1.00235 0.25392 1.0043 0.200853 0.972012 0.199669 0.970066 0.252736
0 0.489783 1.01266 0.493695 0.961302 0.429036 0.956377 0.425124 1.00773
0 0.128937 0.0914102 0.129343 -0.00783589 -0.0089629 -0.0084015 -0.00936877 0.0908446
