0 0.0641968 0.169374 0.133129 0.0521658 0.0611813 -0.0230584 -0.00775073 0.0941496
0 0.147745 0.307419 0.228063 0.18025 0.159013 0.102719 0.0786944 0.229888
0 0.101342 0.203317 0.152863 0.116932 0.11243 0.074062 0.0609093 0.160447
0 0.397244 0.526103 0.449056 0.442401 0.413539 0.403316 0.361728 0.487019
0 0.533267 0.236083 0.597541 0.132358 0.550534 0.0805754 0.486261 0.1843
0 0.72793 0.998408 0.808073 0.915278 0.773496 0.856016 0.693352 0.939147
0 0.491655 0.184971 0.553897 0.0851495 0.508939 0.0353124 0.446696 0.135134
0 0.233772 0.428684 0.322286 0.273465 0.237456 0.187466 0.148942 0.342684
0 0.891996 0.342035 0.932658 0.224037 0.845331 0.17054 0.804669 0.288538
0 0.554203 1.0353 0.649855 0.945558 0.613302 0.876297 0.51765 0.966044
0 0.357534 0.261762 0.436179 0.154581 0.375458 0.0753732 0.296813 0.182555
0 0.635838 0.0973427 0.708929 0.00623118 0.671482 -0.0471746 0.598391 0.043937
0 0.634634 0.817114 0.68188 0.723901 0.595567 0.646125 0.548321 0.739338
0 0.757561 0.447386 0.821247 0.369673 0.771701 0.29749 0.708015 0.375204
0 0.47063 0.881739 0.540409 0.798001 0.511156 0.754664 0.441377 0.838402
0 0.111976 1.01663 0.204105 0.972931 0.183238 0.89472 0.0911088 0.938419
0 0.420102 1.03001 0.463091 0.973153 0.401558 0.890436 0.358569 0.947289
0 0.419944 0.323946 0.484144 0.224475 0.420961 0.151979 0.356761 0.25145
0 0.560306 0.487388 0.615889 0.407594 0.506563 0.272208 0.45098 0.352002
0 0.459265 0.359399 0.52184 0.279559 0.480829 0.222416 0.418254 0.302256
0 0.868671 0.92107 0.962076 0.784974 0.898512 0.707419 0.805107 0.843515
0 0.704594 0.541963 0.747082 0.504502 0.69445 0.398376 0.651962 0.435838
0 0.190471 0.683632 0.253143 0.561218 0.173452 0.488684 0.110779 0.611098
0 0.643122 0.358474 0.711867 0.262446 0.66691 0.20523 0.598165 0.301258
0 0.93777 0.569969 0.994633 0.484953 0.913574 0.388567 0.85671 0.473583
0 0.68955 0.947567 0.772695 0.864631 0.740579 0.807394 0.657435 0.890329
0 0.498165 0.92368 0.566645 0.838016 0.537037 0.795938 0.468557 0.881602
0 0.955108 0.774612 0.987116 0.726976 0.931522 0.660567 0.899514 0.708204
0 0.437231 0.84173 0.528763 0.74969 0.496354 0.692392 0.404822 0.784431
0 0.26682 0.918813 0.375593 0.841607 0.343135 0.760312 0.234362 0.837518
0 0.611458 0.401778 0.646231 0.345968 0.563234 0.254037 0.528462 0.309846
0 0.449028 0.132195 0.511854 0.042386 0.467356 -0.0129551 0.404529 0.0768537
0 0.702223 0.170453 0.764366 0.0601026 0.695793 -0.00854941 0.633649 0.101801
0 0.9918 0.225653 1.05146 0.127681 0.965674 0.0348012 0.90601 0.132774
0 0.804865 0.755784 0.831662 0.638121 0.732894 0.598131 0.706097 0.715794
0 0.522663 0.963749 0.602022 0.884113 0.572248 0.831367 0.49289 0.911003
0 0.854763 0.6711 0.897322 0.609817 0.82295 0.517995 0.780391 0.579278
0 0.936805 0.271277 0.98618 0.212226 0.916476 0.108614 0.867102 0.167665
0 0.861715 0.113337 0.898978 0.0103193 0.811293 -0.0460661 0.77403 0.0569519
0 0.0476846 0.690082 0.0531488 0.602072 -0.00375198 0.595792 -0.00921613 0.683802
0 0.0756354 0.869412 0.121856 0.780907 0.0296698 0.69532 -0.0165507 0.783825
0 0.218229 0.786954 0.220145 0.7263 0.0901245 0.719 0.0882089 0.779654
0 0.764178 1.04707 0.842535 0.965786 0.80639 0.903844 0.728033 0.985131
0 0.0746406 0.948846 0.176603 0.887511 0.147128 0.800399 0.0451649 0.861734
0 0.987807 0.500406 1.02151 0.454798 0.954609 0.366925 0.92091 0.412533
0 0.359259 0.497443 0.423531 0.40202 0.365665 0.33273 0.301393 0.428152
0 0.819001 0.379697 0.856039 0.324622 0.802838 0.261017 0.7658 0.316092
0 0.732864 0.48658 0.762272 0.453315 0.711093 0.37288 0.681685 0.406145
0 0.450265 0.593571 0.511982 0.493678 0.453357 0.429286 0.39164 0.529178
0 0.666279 0.619332 0.726933 0.546817 0.648084 0.429569 0.587429 0.502084
0 0.322094 0.179142 0.404079 0.0651996 0.305591 -0.0607853 0.223605 0.053157
0 0.53374 0.749962 0.615052 0.644081 0.54733 0.551622 0.466018 0.657503
0 0.570758 0.29696 0.644601 0.188708 0.598734 0.133085 0.524891 0.241337
0 0.749771 0.224025 0.804141 0.144589 0.725613 0.0490358 0.671243 0.128472
0 0.414738 0.785139 0.512498 0.686691 0.483287 0.635122 0.385526 0.73357
0 0.696766 0.680795 0.769073 0.610474 0.744946 0.566372 0.672639 0.636693
0 0.892224 0.620678 0.939373 0.553505 0.86683 0.462984 0.819681 0.530158
0 0.397021 0.0930769 0.463379 0.00135698 0.429544 -0.0421612 0.363186 0.0495587
0 0.378121 0.659729 0.414095 0.592904 0.363193 0.544189 0.327219 0.611013
0 0.831359 0.699592 0.861645 0.666538 0.818677 0.596544 0.78839 0.629597
0 0.619965 0.0580906 0.626929 -0.0146553 0.567126 -0.0248321 0.560162 0.0479138
0 0.0918647 0.660076 0.133521 0.579928 0.0981735 0.547267 0.056517 0.627415
0 0.972771 1.04769 1.06006 0.904961 0.955825 0.791637 0.868539 0.934362
0 1.00646 0.432899 1.03316 0.355076 0.964102 0.312943 0.937396 0.390767
0 0.0260015 1.00446 0.0261192 0.954802 -0.00128482 0.954687 -0.0014025 1.00435
0 1.01451 0.743427 1.05187 0.614774 0.956095 0.565325 0.918733 0.693979
0 0.2818 0.116944 0.348219 0.00577554 0.296486 -0.0491724 0.230067 0.0619962
0 0.0366479 0.0806717 0.0467251 -0.0010361 -0.00364999 -0.0120812 -0.0137272 0.0696266
0 0.593743 1.00784 0.66243 1.00773 0.662375 0.94985 0.593687 0.949967
0 0.397672 0.042084 0.402253 -0.00621655 0.355081 -0.014171 0.350499 0.0341295
0 0.256978 0.670244 0.276938 0.598911 0.225155 0.573151 0.205194 0.644484
0 0.245907 1.00654 0.292185 1.00408 0.291142 0.969124 0.244864 0.97158
0 0.93566 0.992215 1.00158 0.888843 0.929517 0.807159 0.863602 0.91053
0 0.592013 0.302677 0.661688 0.20835 0.615496 0.147694 0.545822 0.242021
0 0.319132 1.00995 0.372463 1.00887 0.371788 0.949439 0.318458 0.950514
0 0.387409 0.637368 0.416301 0.608063 0.378458 0.541731 0.349565 0.571036
0 0.91355 0.385443 0.919958 0.326297 0.877658 0.318149 0.87125 0.377295
0 0.43239 1.00635 0.491061 1.00297 0.489759 0.962839 0.431088 0.966223
0 0.977403 0.894821 1.00186 0.894669 1.00165 0.833834 0.977191 0.833986
0 0.240665 0.823956 0.322882 0.787581 0.308038 0.727933 0.225821 0.764308
0 1.00191 0.0933065 1.00336 0.0231781 0.966364 0.0218219 0.964918 0.0919503
0 0.81407 1.00768 0.860255 1.00721 0.860002 0.963332 0.813818 0.963804
0 0.967284 0.294722 0.9759 0.234973 0.93328 0.224046 0.924664 0.283796
