0 0.26429 0.199523 0.39127 0.0775947 0.303849 0.0263835 0.17687 0.148312
0 0.196583 0.480561 0.304084 0.38585 0.212261 0.327224 0.104759 0.421934
0 0.0869245 0.377718 0.177404 0.288703 0.0801745 0.233112 -0.0103049 0.322127
0 0.135237 0.402552 0.203867 0.337983 0.149839 0.305681 0.0812095 0.370249
0 0.52966 0.644558 0.598728 0.581836 0.551382 0.552509 0.482314 0.615231
0 0.711562 0.426992 0.796638 0.3494 0.733706 0.310586 0.648629 0.388178
0 0.655914 0.38834 0.738503 0.3142 0.67887 0.276834 0.596281 0.350975
0 0.311766 0.571065 0.42963 0.455474 0.316827 0.390776 0.198964 0.506367
0 0.853352 0.323534 0.940277 0.253903 0.884172 0.214506 0.797248 0.284137
0 0.433162 0.385659 0.518083 0.32035 0.382408 0.221114 0.297486 0.286423
0 0.923106 0.960295 1.0258 0.902981 0.980983 0.857812 0.87829 0.915125
0 0.108412 0.185434 0.215823 0.0736496 0.117498 0.0205057 0.0100869 0.13229
0 0.738437 1.02649 0.866736 0.959357 0.818281 0.907267 0.689982 0.974399
0 0.688908 0.203594 0.733895 0.11807 0.620995 0.0846646 0.576008 0.170189
0 0.476749 0.446131 0.581254 0.366239 0.500523 0.306838 0.396019 0.38673
0 0.846896 0.862808 0.909246 0.792547 0.793767 0.734904 0.731417 0.805166
0 0.407622 0.090996 0.461957 0.0180496 0.345248 -0.0308501 0.290913 0.0420963
0 0.559258 0.492758 0.645487 0.418754 0.562262 0.364206 0.476033 0.43821
0 0.509803 0.299395 0.583317 0.226542 0.422438 0.135226 0.348924 0.20808
0 0.627515 0.911188 0.720316 0.848598 0.681409 0.816149 0.588608 0.878739
0 0.533562 0.324504 0.620337 0.247324 0.572913 0.217331 0.486138 0.294512
0 0.235728 0.262996 0.299154 0.195201 0.160476 0.122221 0.0970497 0.190017
0 0.149301 1.01247 0.272136 0.979701 0.244313 0.921043 0.121478 0.953816
0 0.756803 0.265812 0.843413 0.193419 0.794048 0.160198 0.707438 0.232591
0 0.560158 1.02246 0.617383 0.979869 0.535355 0.917872 0.478129 0.960462
0 0.61263 0.519551 0.695404 0.459797 0.640669 0.417148 0.557896 0.476901
0 0.60308 0.350387 0.6786 0.279799 0.618643 0.243717 0.543124 0.314305
0 0.606857 0.149386 0.668927 0.0559071 0.544378 0.00938741 0.482307 0.102866
0 0.747599 0.615543 0.821409 0.555404 0.674876 0.454243 0.601066 0.514383
0 0.85776 0.519156 0.949719 0.447008 0.889383 0.40375 0.797425 0.475899
0 0.707697 0.238286 0.80321 0.161195 0.748832 0.123298 0.653319 0.200388
0 0.253961 0.762724 0.337526 0.670914 0.23127 0.616513 0.147705 0.708323
0 0.987639 0.23056 1.01727 0.157776 0.915357 0.134442 0.88573 0.207226
0 0.6643 0.942589 0.755205 0.878628 0.715877 0.847187 0.624973 0.911149
0 0.815421 0.551494 0.861885 0.50954 0.750927 0.440416 0.704462 0.482371
0 0.583045 0.881179 0.704933 0.812296 0.661807 0.76937 0.539918 0.838253
0 0.355767 0.939116 0.50076 0.881205 0.457476 0.820245 0.312482 0.878155
0 0.911256 0.188213 0.940626 0.117725 0.845195 0.0953583 0.815824 0.165846
0 0.833334 0.150022 0.868808 0.0821725 0.765615 0.0518235 0.73014 0.119673
0 0.696777 0.972628 0.802739 0.913317 0.763371 0.873755 0.657409 0.933065
0 0.937527 0.658024 0.997234 0.62802 0.922804 0.544707 0.863098 0.57471
0 0.796654 0.293516 0.875314 0.220392 0.830484 0.193266 0.751824 0.26639
0 0.747546 0.108308 0.787991 0.0514744 0.690079 0.0122802 0.649633 0.0691143
0 0.0635863 0.767556 0.0708623 0.701522 -0.0050011 0.69682 -0.0122772 0.762854
0 0.100847 0.902054 0.162468 0.835671 0.0395626 0.771496 -0.0220582 0.837879
0 0.290974 0.840211 0.293528 0.794727 0.120161 0.78925 0.117607 0.834735
0 0.934747 0.379741 1.01443 0.297464 0.925109 0.248802 0.845424 0.331079
0 0.0995273 0.96163 0.235469 0.915632 0.196168 0.850298 0.0602263 0.896296
0 0.47901 0.623036 0.564489 0.551688 0.487505 0.499809 0.402027 0.571156
0 0.890251 0.697076 0.954271 0.628663 0.850959 0.574281 0.786939 0.642694
0 0.600065 0.695173 0.682648 0.62033 0.604689 0.571943 0.522106 0.646786
0 0.712836 0.8122 0.819568 0.732697 0.728574 0.663983 0.621842 0.743486
0 0.761918 0.473289 0.860691 0.392092 0.798577 0.34959 0.699804 0.430787
0 0.553006 0.838813 0.683284 0.765073 0.64436 0.726391 0.514082 0.800131
0 1.00898 1.00182 1.02822 0.924394 0.941799 0.912318 0.922564 0.989749
0 0.206565 0.0865909 0.263971 0.0200795 0.176238 -0.0225141 0.118832 0.0439973
0 0.504051 0.7448 0.552088 0.694724 0.484307 0.65815 0.43627 0.708226
0 0.97153 0.614549 1.01398 0.589305 0.949715 0.528505 0.90726 0.553748
0 0.929451 0.763034 1.0302 0.708438 0.994933 0.671831 0.894185 0.726427
0 0.939054 0.578848 1.00321 0.577551 0.999959 0.487231 0.935805 0.488529
0 1.00486 0.129669 1.02652 0.0574065 0.961613 0.0464668 0.939959 0.11873
0 0.122466 0.745059 0.178022 0.684948 0.130903 0.660451 0.0753466 0.720562
0 0.0227327 0.316258 0.0833423 0.233896 -0.00035171 0.199252 -0.0609613 0.281614
0 0.0346687 1.00335 0.0348256 0.966102 -0.00171309 0.966015 -0.00187 1.00326
0 0.9968 0.40483 1.05211 0.317597 0.965358 0.286661 0.910053 0.373893
0 0.943439 0.782121 1.00641 0.782003 1.00624 0.730684 0.943267 0.730803
0 0.968028 0.0383328 0.977092 -0.0057552 0.896212 -0.0151086 0.887148 0.0289794
0 0.164816 0.127503 0.209499 0.0766678 0.112961 0.0289373 0.0682785 0.0797723
0 0.677764 0.0641284 0.704879 -0.000905596 0.614722 -0.0220494 0.587608 0.0429846
0 0.788364 0.477087 0.882828 0.406875 0.820951 0.360047 0.726486 0.430259
0 0.791314 1.00598 0.883436 1.00562 0.883129 0.962463 0.791008 0.962831
0 0.342641 0.75268 0.36925 0.699178 0.300201 0.679861 0.273592 0.733363
0 0.497938 0.0314698 0.499115 -0.0027181 0.414254 -0.00436244 0.413076 0.0298254
0 0.327878 1.0049 0.389581 1.00306 0.38819 0.976843 0.326486 0.978685
0 0.425526 1.00745 0.496618 1.00664 0.495717 0.962088 0.424625 0.962896
0 0.516562 0.728004 0.555041 0.706057 0.5046 0.656313 0.466121 0.67826
0 0.0613521 0.0477614 0.0637374 -0.0015047 -0.00584017 -0.0033996 -0.00822546 0.0458665
0 0.576623 1.00476 0.654664 1.00221 0.652925 0.972222 0.574884 0.974769
0 0.807012 0.46983 0.876151 0.408568 0.828945 0.3786 0.759805 0.439862
0 0.320921 0.867979 0.430467 0.840667 0.41064 0.795937 0.301095 0.82325
0 0.970493 0.436752 1.00284 0.43675 1.00284 0.395432 0.970489 0.395434
0 0.954452 0.0534464 1.00526 0.0530824 1.00455 -0.00260488 0.953743 -0.00224092
0 0.90318 0.724456 0.962427 0.688336 0.884358 0.616304 0.825111 0.652424
