0 0.729704 0.931263 0.808036 0.868684 0.724182 0.682084 0.64585 0.744664
0 0.150631 0.872077 0.359651 0.673966 0.279836 0.524259 0.0708156 0.72237
0 0.264551 0.306532 0.370481 0.226715 0.248674 -0.0606735 0.142745 0.0191436
0 0.0665843 0.638645 0.247632 0.439108 0.149269 0.280444 -0.0317784 0.479981
0 0.329487 0.363724 0.441273 0.220665 0.380248 0.135892 0.268462 0.278951
0 0.279567 1.11554 0.486457 0.920388 0.412858 0.781675 0.205968 0.976826
0 0.790386 0.118006 0.790878 -0.00192737 0.699261 -0.00259529 0.698769 0.117338
0 0.218158 1.00014 0.417259 0.782839 0.341645 0.659672 0.142544 0.87697
0 0.111574 0.700009 0.294941 0.5365 0.244431 0.435799 0.0610643 0.599309
0 0.0117365 0.453919 0.175966 0.271698 0.0757612 0.111146 -0.0884679 0.293366
0 0.278823 0.073649 0.395411 0.0725781 0.395021 -0.00285909 0.278433 -0.00178824
0 0.494966 0.505893 0.597022 0.403664 0.490639 0.214859 0.388583 0.317088
0 0.629466 0.482636 0.764653 0.327392 0.669972 0.180818 0.534785 0.336061
0 0.832287 0.71796 0.943043 0.618038 0.794141 0.324623 0.683385 0.424545
0 0.835282 1.07547 0.906299 0.946575 0.784473 0.827249 0.713456 0.956147
0 1.00461 1.01361 1.00871 0.838755 0.890824 0.833838 0.886722 1.0087
0 0.384449 1.00348 0.513092 1.00087 0.51203 0.907717 0.383386 0.910325
0 0.994162 0.255269 0.996092 0.117809 0.838379 0.113873 0.836449 0.251333
0 0.0740914 0.191194 0.0764539 0.0287551 -0.032427 0.0259398 -0.0347896 0.188378
0 0.785885 0.143089 0.976784 0.134254 0.972919 -0.0142029 0.78202 -0.00536872
0 0.661325 0.776828 0.768688 0.527121 0.552726 0.362045 0.445362 0.611751
0 0.0628091 1.00369 0.063579 0.874285 -0.012391 0.873482 -0.0131609 1.00289
0 0.897031 0.067611 0.976491 0.0659023 0.97569 -0.000335207 0.89623 0.0013735
0 0.677755 0.757878 0.719984 0.642973 0.634144 0.586889 0.591915 0.701795
0 0.0980592 0.21289 0.0983345 -0.0109958 0.000224885 -0.0112102 -5.03479e-05 0.212676
0 0.088755 1.00597 0.0887589 0.795489 0.00219728 0.795486 0.00219339 1.00597
0 0.396805 0.104274 0.546994 0.100553 0.545521 -0.00511588 0.395333 -0.00139473
0 0.942734 0.719413 1.00511 0.716631 1.00147 0.571539 0.939093 0.574322
0 0.0582722 1.00199 0.0587391 0.920546 0.000557323 0.919953 9.03788e-05 1.00139
0 0.946135 0.424415 1.0031 0.423077 1.00093 0.258946 0.943965 0.260285
0 0.54507 0.332291 0.615939 0.259231 0.534191 0.118257 0.463321 0.191316
0 0.829926 0.0848407 0.90395 0.0826191 0.902528 -0.00162562 0.828504 0.000595976
0 0.984309 0.414915 1.03232 0.377122 0.984575 0.269308 0.936568 0.3071
