0 0.581673 0.548893 0.599241 0.411011 0.486224 0.396611 0.468655 0.534492
0 0.304449 0.877201 0.31278 0.699256 0.197369 0.693853 0.189038 0.871798
0 0.0935356 0.69649 0.0935609 0.620853 0.00246939 0.620822 0.0024441 0.69646
0 0.474433 1.00692 0.521384 0.903932 0.441601 0.867558 0.39465 0.970542
0 0.540098 1.03902 0.595102 0.934311 0.516959 0.893261 0.461955 0.997969
0 0.397814 0.97042 0.451196 0.862361 0.371137 0.822811 0.317755 0.930871
0 0.106132 0.625885 0.106874 0.513893 0.00209055 0.513199 0.00134896 0.625191
0 0.671079 0.894385 0.688139 0.780294 0.590629 0.765714 0.57357 0.879806
0 0.30923 0.953128 0.382886 0.823317 0.303471 0.778257 0.229815 0.908067
0 0.408083 0.831271 0.438803 0.786707 0.340104 0.718668 0.309383 0.763231
0 0.0885411 0.862137 0.0887221 0.768203 0.00297133 0.768038 0.00279036 0.861972
0 0.687568 0.803975 0.696526 0.762048 0.605842 0.742674 0.596885 0.784601
0 0.129888 0.458074 0.13062 0.274584 0.0251825 0.274163 0.0244501 0.457653
0 0.0471747 1.00131 0.048009 0.961211 0.00352319 0.960285 0.00268881 1.00038
0 0.00474539 0.788412 0.0909503 0.78749 0.0899849 0.697187 0.00377999 0.698108
0 0.987855 0.663755 0.995538 0.570144 0.889822 0.561468 0.882139 0.655078
0 0.365411 0.702985 0.372171 0.564486 0.211947 0.556666 0.205188 0.695165
0 0.681999 0.585974 0.694952 0.457057 0.583012 0.44581 0.570058 0.574726
0 0.123192 0.48158 0.124635 0.399246 0.0239225 0.397481 0.0224796 0.479815
0 0.0427792 1.00297 0.107445 1.00153 0.106484 0.958482 0.0418182 0.959926
0 0.258714 1.01766 0.2624 0.953085 0.149461 0.946637 0.145774 1.01121
0 0.483135 0.787891 0.496549 0.706185 0.416196 0.692994 0.402782 0.774699
0 1.00009 0.663456 1.01216 0.593145 0.969737 0.585863 0.957669 0.656174
0 1.00404 0.669803 1.02076 0.579725 0.945791 0.565807 0.929067 0.655884
0 0.00181491 0.863747 0.0921632 0.86263 0.0903195 0.713412 -2.87145e-05 0.714528
0 0.59559 0.953558 0.613573 0.900768 0.533076 0.873346 0.515093 0.926136
0 0.0887604 0.73367 0.089378 0.685409 0.00603481 0.684343 0.00541719 0.732604
0 0.883573 0.568644 0.913627 0.497839 0.816496 0.45661 0.786441 0.527415
0 0.721507 0.986598 0.735815 0.95661 0.671684 0.926011 0.657376 0.955999
0 -0.00150945 0.354793 0.0138439 0.354752 0.0136179 0.269796 -0.00173543 0.269836
