0 0.977194 0.963963 0.981766 0.895556 0.856752 0.890855 0.85218 0.959263
0 0.744054 0.190817 0.751783 0.114624 0.5562 0.103464 0.548472 0.179658
0 0.980046 0.899978 0.983971 0.835035 0.867678 0.831081 0.863753 0.896024
0 0.936897 0.33322 0.941968 0.257788 0.827767 0.25347 0.822696 0.328901
0 0.834183 0.322601 0.83857 0.23297 0.719367 0.229688 0.714979 0.319319
0 0.336369 0.400555 0.489598 0.293029 0.411408 0.230353 0.258179 0.337879
0 0.399744 0.437223 0.545483 0.347213 0.485661 0.29273 0.339923 0.382739
0 1.0013 0.220858 1.00831 0.128061 0.925898 0.12456 0.918889 0.217357
0 0.261627 0.342414 0.416699 0.236575 0.340644 0.173893 0.185571 0.279732
0 0.712611 0.32367 0.737553 0.238364 0.666203 0.226629 0.641261 0.311935
0 0.471493 0.476084 0.58926 0.390541 0.528866 0.343772 0.411099 0.429315
0 0.984224 0.841851 0.985291 0.780425 0.865929 0.779259 0.864862 0.840685
0 1.00266 0.339848 1.00694 0.263574 0.931553 0.261193 0.92727 0.337467
0 0.13973 0.402244 0.189715 0.317652 0.0256579 0.263123 -0.0243265 0.347715
0 0.0900602 0.462099 0.113712 0.375351 0.00138608 0.358124 -0.022266 0.444872
0 0.115354 1.03338 0.253188 0.955214 0.12231 0.8254 -0.0155237 0.903567
0 0.0375754 0.624079 0.0406283 0.573013 -0.00439779 0.571499 -0.00745067 0.622565
0 0.964748 1.00893 0.967935 0.954705 0.85845 0.951086 0.855263 1.00532
0 0.115343 0.320491 0.265008 0.183357 0.176718 0.129156 0.0270531 0.266289
0 1.00714 0.481853 1.01195 0.394809 0.938223 0.392517 0.933411 0.47956
0 0.0725252 0.521948 0.0902809 0.456229 -0.00658335 0.441508 -0.024339 0.507227
0 0.92691 0.210957 0.932804 0.120153 0.802088 0.115379 0.796194 0.206184
0 0.16917 0.872635 0.251069 0.832449 0.174616 0.744804 0.0927159 0.78499
0 0.936567 0.481657 0.95197 0.399676 0.73687 0.376943 0.721468 0.458925
0 0.49884 0.539568 0.648731 0.444799 0.588487 0.391201 0.438596 0.485969
0 0.314334 0.0859183 0.536627 0.0251418 0.49894 -0.052394 0.276647 0.00838245
0 0.553914 0.224333 0.600569 0.121161 0.404109 0.0711881 0.357454 0.17436
0 0.0248661 0.898733 0.100247 0.835223 0.0304846 0.788648 -0.044896 0.852158
0 0.0366936 0.573519 0.041929 0.531115 -0.00588637 0.527794 -0.0111218 0.570199
0 0.523802 0.841683 0.558672 0.736171 0.380507 0.70305 0.345636 0.808561
0 -0.004022 0.811936 0.0568509 0.811161 0.0553814 0.746247 -0.00549149 0.747022
0 0.190547 0.926676 0.303613 0.869294 0.261473 0.822588 0.148407 0.87997
0 0.812653 0.197094 0.817639 0.119142 0.733897 0.116129 0.728912 0.194081
0 0.299889 0.878982 0.416167 0.819795 0.365322 0.763606 0.249043 0.822793
0 0.651333 0.308988 0.663574 0.235684 0.576639 0.227518 0.564397 0.300822
0 0.729525 1.04098 0.752654 0.950477 0.6118 0.93023 0.588672 1.02073
0 0.912104 0.817396 0.99436 0.732592 0.879539 0.669945 0.797283 0.75475
0 0.598963 0.584729 0.716355 0.493408 0.643374 0.440636 0.525982 0.531956
0 0.867259 0.912457 0.868407 0.850197 0.781555 0.849296 0.780407 0.911556
0 0.596554 0.26876 0.60939 0.204911 0.525479 0.195422 0.512643 0.259271
0 0.0385866 0.194814 0.0556919 0.114718 -0.0121621 0.106567 -0.0292674 0.186663
0 0.841415 0.967063 0.842184 0.910055 0.775628 0.90955 0.774858 0.966558
0 0.00199946 0.749999 0.0273571 0.749842 0.0267807 0.697419 0.001423 0.697576
0 0.606753 1.00594 0.777551 0.913403 0.610402 0.739868 0.439605 0.832405
0 0.881643 0.0508987 0.998661 0.0493456 0.99753 0.00142246 0.880513 0.00297558
0 0.680726 0.653026 0.796396 0.552909 0.688662 0.482895 0.572992 0.583011
0 0.270201 0.827399 0.355633 0.786128 0.284378 0.70316 0.198946 0.744431
0 0.976713 0.619921 1.05694 0.561437 0.965567 0.490925 0.885336 0.549409
0 0.825306 0.752424 0.928144 0.672199 0.787071 0.570478 0.684233 0.650703
0 0.768701 1.00035 0.824935 1.00007 0.824614 0.963554 0.76838 0.963832
0 0.386937 0.494599 0.445625 0.459211 0.416647 0.432178 0.357958 0.467566
0 0.26751 0.242068 0.347091 0.196184 0.235824 0.0876332 0.156243 0.133517
0 0.0259292 0.644125 0.0272125 0.598074 -0.000855995 0.597634 -0.00213934 0.643685
0 0.0277836 0.693115 0.0281823 0.632023 -0.00302616 0.631908 -0.00342492 0.693
0 0.933373 0.554129 0.976558 0.492655 0.902391 0.463348 0.859206 0.524823
