0 0.448209 0.199669 0.543461 0.0775711 0.477765 0.0263195 0.382513 0.148417
0 0.196753 0.344492 0.241446 0.283989 0.16241 0.225606 0.117717 0.286109
0 0.121094 0.95356 0.125179 0.878783 0.0474304 0.874535 0.043345 0.949312
0 0.315498 0.37771 0.3825 0.288245 0.308945 0.233158 0.241943 0.322623
0 0.398349 0.480074 0.477526 0.38522 0.408564 0.327656 0.329387 0.42251
0 0.351998 0.402254 0.401939 0.33823 0.361454 0.306651 0.311514 0.370675
0 0.647239 0.644561 0.699034 0.581821 0.663535 0.552515 0.61174 0.615256
0 0.783673 0.426993 0.84748 0.3494 0.800279 0.310586 0.736472 0.388178
0 0.741937 0.388337 0.803879 0.314198 0.759156 0.276833 0.697213 0.350972
0 0.483679 0.571075 0.572136 0.455712 0.487706 0.390973 0.399249 0.506336
0 0.890013 0.323535 0.955206 0.253902 0.913126 0.214504 0.847932 0.284137
0 0.574851 0.385621 0.638533 0.320279 0.536869 0.221199 0.473187 0.286542
0 0.94233 0.960294 1.01935 0.902981 0.985737 0.857811 0.908717 0.915125
0 0.803826 1.02648 0.900051 0.959357 0.863712 0.907266 0.767487 0.974394
0 0.259638 0.316352 0.310928 0.263476 0.217018 0.172382 0.165728 0.225258
0 0.766686 0.203592 0.80042 0.118065 0.715743 0.0846677 0.68201 0.170194
0 0.607495 0.44612 0.685895 0.366308 0.625423 0.306906 0.547023 0.386719
0 0.885172 0.862809 0.931935 0.792547 0.845323 0.734902 0.79856 0.805164
0 0.332318 0.184851 0.410828 0.0736322 0.336391 0.0210868 0.257881 0.132306
0 0.555966 0.0908138 0.596526 0.0183724 0.508632 -0.0308395 0.468072 0.0416019
0 0.427132 0.262664 0.474123 0.195199 0.37011 0.122753 0.32312 0.190218
0 0.66936 0.492754 0.734112 0.418787 0.671764 0.364207 0.607012 0.438174
0 0.632411 0.299377 0.687503 0.226614 0.566788 0.135216 0.511697 0.207979
0 0.650181 0.324506 0.715254 0.247317 0.679679 0.217325 0.614605 0.294514
0 0.720633 0.911188 0.790237 0.848599 0.761057 0.816149 0.691454 0.878738
0 0.817603 0.265811 0.88256 0.193418 0.845535 0.160197 0.780579 0.23259
0 0.361683 1.01238 0.45405 0.979894 0.433345 0.921031 0.340979 0.953519
0 0.670138 1.02247 0.71305 0.979849 0.651485 0.917868 0.608573 0.960492
0 0.70947 0.51955 0.771548 0.4598 0.730497 0.41715 0.66842 0.4769
0 0.70231 0.350387 0.758946 0.279801 0.713979 0.243721 0.657343 0.314306
0 0.705154 0.149381 0.75169 0.0559036 0.658274 0.00939864 0.611738 0.102876
0 0.810697 0.615545 0.866057 0.555411 0.756162 0.454241 0.700802 0.514375
0 0.893322 0.519157 0.962287 0.447006 0.917034 0.403751 0.848068 0.475903
0 0.780768 0.238283 0.852403 0.161192 0.811624 0.123299 0.73999 0.200391
0 0.441189 0.762886 0.503025 0.670854 0.42265 0.61685 0.360814 0.708882
0 0.04069 0.276744 0.143294 0.195574 0.0904788 0.128811 -0.0121254 0.209981
0 0.0657512 0.528646 0.137954 0.462127 0.0897155 0.409767 0.0175128 0.476285
0 0.990729 0.230559 1.01295 0.157774 0.936518 0.13444 0.914297 0.207225
0 0.748224 0.942588 0.816404 0.878627 0.786909 0.847187 0.718729 0.911148
0 0.517132 0.938721 0.625521 0.881253 0.593196 0.820284 0.484806 0.877752
0 0.861566 0.551494 0.896412 0.509542 0.813196 0.440421 0.77835 0.482372
0 0.293204 0.77899 0.311674 0.698803 0.202347 0.673622 0.183878 0.753809
0 0.687265 0.881189 0.778694 0.812298 0.746351 0.769374 0.654922 0.838265
0 0.933442 0.188213 0.955469 0.117724 0.883896 0.0953581 0.861869 0.165846
0 0.107797 0.147827 0.137493 0.0877088 0.0648209 0.0518125 0.0351257 0.11193
0 0.315018 0.909155 0.374876 0.850509 0.291379 0.765286 0.231521 0.823932
0 0.875 0.150021 0.901605 0.0821728 0.824208 0.0518235 0.797603 0.119672
0 0.101515 0.597837 0.183214 0.524896 0.130485 0.465835 0.0487855 0.538776
0 0.772576 0.972631 0.85205 0.913319 0.822524 0.873757 0.74305 0.933068
0 0.953145 0.658025 0.997926 0.62802 0.942102 0.544705 0.897321 0.57471
0 0.847491 0.293515 0.906486 0.220391 0.872864 0.193266 0.813869 0.26639
0 0.810663 0.108306 0.840992 0.0514722 0.767556 0.0122827 0.737227 0.0691164
0 0.054051 0.804605 0.131095 0.764912 0.11018 0.724316 0.0331361 0.764009
0 0.211216 1.01847 0.270028 0.954511 0.206604 0.896188 0.147793 0.960144
0 0.32316 0.960685 0.425922 0.914789 0.397167 0.850406 0.294405 0.896302
0 0.46875 0.840555 0.470517 0.794351 0.34004 0.78936 0.338272 0.835564
0 0.951058 0.379739 1.01082 0.297462 0.943831 0.248802 0.884067 0.331078
0 0.0300313 0.75114 0.0935581 0.707312 0.0670398 0.668875 0.00351296 0.712704
0 0.609283 0.623 0.673292 0.551676 0.615613 0.499911 0.551603 0.571236
0 0.917689 0.697077 0.965704 0.628659 0.888223 0.574284 0.840208 0.642702
0 0.700102 0.695135 0.761981 0.620321 0.703506 0.571957 0.641628 0.64677
0 0.784606 0.812204 0.864677 0.732706 0.796445 0.663982 0.716374 0.74348
0 0.0728836 0.864166 0.162507 0.80634 0.131368 0.758079 0.041745 0.815905
0 0.0457632 0.107315 0.0895214 0.0472902 0.0187891 -0.00427345 -0.0249691 0.0557518
0 0.821441 0.47329 0.89551 0.392101 0.848924 0.3496 0.774855 0.43079
0 0.163925 0.65503 0.207432 0.579527 0.137765 0.539383 0.0942581 0.614886
0 0.664744 0.838821 0.762471 0.765072 0.733271 0.726379 0.635544 0.800127
0 1.00674 1.00182 1.02116 0.924395 0.956351 0.912322 0.941927 0.989751
0 0.127109 1.00776 0.18117 1.0073 0.180714 0.953435 0.126653 0.953893
0 0.181536 0.735752 0.25526 0.670139 0.224903 0.636029 0.151179 0.701642
0 0.404986 0.0863507 0.446497 0.0231287 0.380849 -0.0199759 0.339338 0.043246
0 0.628356 0.744664 0.664121 0.694559 0.613115 0.65815 0.57735 0.708255
0 0.978648 0.614548 1.01049 0.589306 0.962286 0.528505 0.930446 0.553748
0 0.204381 0.106931 0.255887 0.0443266 0.177813 -0.0199061 0.126307 0.0426983
0 0.947095 0.763035 1.02266 0.708437 0.996202 0.671827 0.920641 0.726425
0 0.954293 0.578849 1.00241 0.577551 0.99997 0.487233 0.951856 0.488531
0 0.0397534 0.779395 0.119149 0.73708 0.101984 0.704872 0.0225878 0.747188
0 0.378221 0.117828 0.405428 0.0763032 0.334412 0.0297749 0.307205 0.0713002
0 1.00365 0.129671 1.01989 0.0574051 0.971211 0.0464655 0.95497 0.118731
0 0.340879 0.745688 0.383606 0.684865 0.348413 0.660143 0.305686 0.720965
0 0.163246 0.68941 0.244934 0.624376 0.213763 0.585223 0.132075 0.650257
0 0.194222 0.912127 0.204362 0.846896 0.157192 0.839564 0.147052 0.904794
0 0.130822 0.192943 0.185013 0.130873 0.140172 0.0917228 0.0859802 0.153793
0 0.997596 0.40483 1.03908 0.317601 0.974019 0.286656 0.932532 0.373885
0 0.177329 0.0528934 0.178156 -0.00605327 0.0770321 -0.00747198 0.0762051 0.0514747
0 0.95758 0.782122 1.00481 0.782004 1.00468 0.730685 0.957451 0.730803
0 0.271066 0.0484758 0.291931 -0.0129415 0.231869 -0.0333461 0.211004 0.0280712
0 0.519736 0.743329 0.524691 0.694215 0.46538 0.688231 0.460424 0.737345
0 0.97602 0.0383314 0.982818 -0.00575311 0.922159 -0.0151069 0.915361 0.0289777
0 0.196589 1.0081 0.275941 1.00407 0.274024 0.966289 0.194671 0.970316
0 0.758326 0.0641286 0.778659 -0.000915088 0.711031 -0.0220567 0.690697 0.042987
0 0.841275 0.477083 0.912119 0.406872 0.86571 0.360045 0.794866 0.430256
0 0.843487 1.00599 0.912577 1.00562 0.912345 0.96246 0.843256 0.96283
0 0.623396 0.0314722 0.624288 -0.00270606 0.560778 -0.00436504 0.559886 0.0298132
0 0.00428504 0.445753 0.0730597 0.397801 0.0161663 0.316201 -0.0526083 0.364153
0 0.496123 1.00495 0.541945 1.00312 0.5409 0.976997 0.495078 0.97883
0 0.24752 0.633456 0.276748 0.572156 0.211951 0.54126 0.182723 0.60256
0 0.214118 0.103938 0.255398 0.0420695 0.20696 0.00975029 0.16568 0.0716188
0 0.569256 1.00745 0.62248 1.00666 0.621815 0.962066 0.568591 0.962859
0 0.637407 0.728053 0.666331 0.70596 0.628352 0.656236 0.599427 0.67833
0 0.104 1.01457 0.109916 0.969868 0.0506914 0.962031 0.0447757 1.00674
0 0.682466 1.00476 0.741004 1.00221 0.7397 0.972217 0.681162 0.974762
0 0.343735 0.178447 0.375792 0.118454 0.29519 0.0753855 0.263133 0.135378
0 0.85526 0.46983 0.907112 0.408567 0.871707 0.3786 0.819854 0.439863
0 0.491363 0.868006 0.572929 0.84018 0.55767 0.795452 0.476104 0.823278
0 0.0229081 0.47245 0.092403 0.4194 0.0677689 0.387129 -0.00172595 0.440179
0 0.084577 0.898621 0.181491 0.830854 0.132465 0.760743 0.0355514 0.82851
0 0.97787 0.436754 1.00213 0.436752 1.00213 0.395435 0.977867 0.395437
0 0.965839 0.0534475 1.00394 0.0530834 1.00341 -0.00260415 0.965307 -0.0022401
0 0.927381 0.724456 0.971823 0.688333 0.913262 0.616285 0.86882 0.652408
