0 0.807922 0.440867 0.813648 0.364822 0.667178 0.353794 0.661453 0.429839
0 0.277527 0.831041 0.298115 0.767116 0.173084 0.726846 0.152495 0.790771
0 0.162406 0.998831 0.270168 0.998635 0.270067 0.943148 0.162306 0.943343
0 0.265909 0.950616 0.266182 0.880229 0.161447 0.879823 0.161174 0.950209
0 0.952683 0.583206 0.956328 0.507711 0.870856 0.503584 0.867211 0.579079
0 0.502108 0.650576 0.617232 0.543472 0.558596 0.480445 0.443471 0.587548
0 0.875543 0.572385 0.878646 0.483238 0.78946 0.480132 0.786356 0.569279
0 0.549932 0.687059 0.65877 0.597226 0.613903 0.542867 0.505065 0.632701
0 1.00099 0.470638 1.00627 0.378122 0.944422 0.374598 0.93915 0.467113
0 0.273485 0.894953 0.286676 0.821771 0.161713 0.799247 0.148523 0.87243
0 0.234431 0.544626 0.308502 0.354169 0.144456 0.29037 0.0703853 0.480827
0 0.503056 0.346096 0.659325 0.253398 0.607458 0.165963 0.451189 0.258661
0 0.446194 0.592463 0.562392 0.486924 0.505388 0.424164 0.38919 0.529703
0 0.784522 0.573531 0.802966 0.488475 0.74945 0.47687 0.731006 0.561926
0 0.603517 0.726265 0.691827 0.640436 0.646484 0.593782 0.558173 0.67961
0 1.00206 0.589895 1.00523 0.51358 0.948566 0.511227 0.945396 0.587542
0 0.958004 0.25493 0.962139 0.184021 0.901447 0.180482 0.897313 0.251391
0 0.356385 0.652053 0.392372 0.567182 0.264521 0.512972 0.228535 0.597842
0 0.301167 0.775965 0.32366 0.71244 0.223933 0.677127 0.20144 0.740652
0 0.31857 0.712817 0.337721 0.625765 0.243001 0.604927 0.22385 0.691979
0 1.00531 0.731796 1.00897 0.644819 0.953675 0.642492 0.950014 0.729468
0 0.33704 0.57193 0.448587 0.433541 0.380235 0.378446 0.268688 0.516836
0 0.204623 0.338575 0.218259 0.243674 0.146991 0.233433 0.133354 0.328334
0 0.174405 0.597691 0.197619 0.535963 0.0842769 0.49334 0.0610635 0.555068
0 0.945239 0.460703 0.94952 0.369798 0.852015 0.365207 0.847735 0.456112
0 1.00042 0.272237 1.00228 0.199175 0.953896 0.197942 0.952033 0.271003
0 0.95248 0.731347 0.963947 0.649575 0.802624 0.626952 0.791157 0.708724
0 0.62409 0.78987 0.736716 0.694614 0.691345 0.640969 0.578719 0.736226
0 0.778234 0.320799 0.921146 0.179256 0.738846 -0.00480694 0.595934 0.136736
0 0.665745 0.474428 0.699984 0.371297 0.552392 0.322297 0.518153 0.425429
0 0.885545 0.159868 0.959257 0.0685346 0.781608 -0.0748411 0.707895 0.0164921
0 0.859575 0.446663 0.863372 0.369239 0.800504 0.366156 0.796707 0.44358
0 0.698738 0.834634 0.787231 0.74335 0.732806 0.690588 0.644313 0.781872
0 0.178923 0.095789 0.202757 0.0203431 0.118485 -0.00627952 0.094651 0.0691664
0 0.736359 0.561601 0.749706 0.492447 0.685155 0.479989 0.671809 0.549142
0 0.69692 0.519383 0.707162 0.455614 0.644664 0.445577 0.634422 0.509345
0 0.533453 1.00238 0.642749 0.999378 0.640981 0.934999 0.531684 0.938001
0 0.761827 0.905399 0.849733 0.804776 0.767116 0.732601 0.67921 0.833223
0 0.916932 1.06235 0.991743 0.980272 0.916774 0.91194 0.841963 0.994017
0 0.0820129 0.887686 0.0829988 0.806873 0.0155409 0.80605 0.0145551 0.886863
0 0.180939 0.0995575 0.207356 0.0168925 0.0403189 -0.0364875 0.0139017 0.0461775
0 0.0897791 0.393312 0.121973 0.312564 -0.00697417 0.261152 -0.0391685 0.341901
0 0.501191 0.0844384 0.626696 0.0180085 0.594026 -0.0437137 0.468522 0.0227162
0 0.98292 0.86924 1.04233 0.809696 0.974195 0.741711 0.914783 0.801256
0 0.974779 0.14323 0.985757 0.0617615 0.922501 0.0532378 0.911523 0.134706
0 0.159703 0.663628 0.174828 0.577676 0.0598167 0.557438 0.044692 0.64339
0 0.54028 0.744707 0.58426 0.708923 0.562333 0.681973 0.518353 0.717757
0 0.0846856 0.987308 0.0850038 0.898661 0.00226573 0.898364 0.00194759 0.987011
0 1.00487 0.118277 1.00702 0.022009 0.971643 0.0212181 0.969491 0.117486
0 0.0418676 0.243267 0.0514703 0.134272 -0.0124364 0.128641 -0.0220391 0.237636
0 0.92989 0.0261782 0.990722 0.0261114 0.99069 -0.00266931 0.929859 -0.0026025
0 0.0955401 1.0026 0.0955809 0.98102 0.0105402 0.980859 0.0104994 1.00244
0 0.54643 0.0757785 0.584797 -0.00275575 0.510354 -0.0391242 0.471987 0.03941
0 0.451531 0.490876 0.510363 0.444881 0.426933 0.338165 0.368101 0.38416
0 0.867326 1.00095 0.943899 0.921239 0.840039 0.82147 0.763467 0.901182
0 0.396954 0.680887 0.413047 0.644751 0.351757 0.617457 0.335665 0.653593
0 0.949478 0.803951 0.982403 0.742723 0.927286 0.713085 0.894362 0.774313
0 0.0220394 0.0588437 0.0229114 0.0018403 -0.000743329 0.00147845 -0.00161531 0.0584819
