0 0.0648949 0.997294 0.184377 0.885504 0.125584 0.822666 0.00610202 0.934456
0 0.647542 0.73487 0.701746 0.670058 0.607153 0.590948 0.552949 0.65576
0 0.244818 0.850256 0.37434 0.737123 0.290405 0.641028 0.160882 0.754161
0 0.460401 1.01307 0.589377 0.927086 0.533385 0.843095 0.404409 0.929077
0 0.400971 0.954794 0.491227 0.869254 0.427865 0.802399 0.337609 0.887939
0 0.247724 0.415279 0.315309 0.336557 0.221082 0.255663 0.153498 0.334385
0 0.146292 1.01342 0.231165 0.930717 0.180553 0.878778 0.0956805 0.961482
0 0.726732 1.03936 0.8606 0.918461 0.785313 0.835096 0.651445 0.955992
0 0.567158 0.679527 0.627583 0.606536 0.532275 0.527635 0.471849 0.600626
0 0.88823 0.418394 0.956776 0.332901 0.793966 0.202365 0.72542 0.287858
0 0.56144 0.341811 0.62077 0.274307 0.521321 0.1869 0.461991 0.254404
0 0.728481 0.810988 0.786242 0.735062 0.685696 0.658571 0.627935 0.734497
0 0.399051 0.199978 0.456316 0.139587 0.364783 0.0527923 0.307518 0.113183
0 0.846572 0.9288 0.916256 0.836262 0.849093 0.785686 0.779409 0.878225
0 0.0255896 0.927769 0.117001 0.83546 0.0615846 0.780582 -0.0298271 0.872891
0 0.186496 0.32232 0.238627 0.262614 0.145604 0.181393 0.093473 0.241098
0 0.31978 0.122813 0.371284 0.0656066 0.281525 -0.0152051 0.230021 0.0420018
0 0.153498 0.767513 0.246852 0.691649 0.19341 0.625888 0.100056 0.701751
0 0.589845 0.158192 0.663517 0.0799176 0.612146 0.0315666 0.538474 0.109841
0 0.73502 0.146253 0.786322 0.083937 0.70183 0.0143774 0.650527 0.0766936
0 0.153641 0.602509 0.253587 0.51111 0.20112 0.453738 0.101175 0.545138
0 0.856997 0.604831 0.917549 0.515664 0.797311 0.434011 0.736759 0.523178
0 0.962053 0.47552 1.02923 0.353592 0.923787 0.295499 0.856611 0.417427
0 0.494694 0.595697 0.545455 0.537488 0.452207 0.456171 0.401446 0.51438
0 0.70277 0.219388 0.713264 0.118297 0.617556 0.108362 0.607062 0.209453
0 0.810278 0.867202 0.858455 0.788845 0.757789 0.726952 0.709613 0.805309
0 0.337379 0.297045 0.391148 0.230945 0.293095 0.151185 0.239327 0.217286
0 0.475122 0.253107 0.517047 0.190192 0.435929 0.136137 0.394004 0.199052
0 0.572171 0.117567 0.607943 0.0158851 0.49527 -0.0237528 0.459499 0.0779296
0 0.0943499 0.718817 0.184944 0.631332 0.138884 0.583635 0.04829 0.671121
0 0.618924 0.54059 0.684179 0.454762 0.581988 0.377066 0.516733 0.462893
0 0.33933 0.466868 0.390044 0.395141 0.291495 0.325463 0.240781 0.397191
0 0.109475 0.257035 0.158612 0.186297 0.0545782 0.114031 0.00544054 0.184769
0 0.988243 1.03143 1.01689 0.935841 0.922431 0.907537 0.893787 1.00313
0 0.943032 0.650845 0.977104 0.564382 0.867486 0.521185 0.833414 0.607648
0 0.421755 0.544758 0.480026 0.476809 0.371795 0.383994 0.313524 0.451944
0 0.017428 0.642325 0.0747717 0.571068 0.0206242 0.527493 -0.0367196 0.59875
0 0.520002 1.06025 0.64012 0.989268 0.595584 0.913901 0.475467 0.984881
0 0.707392 0.610016 0.768083 0.535012 0.661125 0.448464 0.600434 0.523469
0 0.180238 0.163872 0.234377 0.101597 0.132708 0.013211 0.0785692 0.075486
0 0.275621 1.04161 0.299852 0.941622 0.199894 0.917398 0.175663 1.01739
0 1.01092 0.677024 1.02126 0.597103 0.946699 0.587457 0.93636 0.667377
0 0.688779 0.448994 0.744477 0.38016 0.647441 0.301643 0.591744 0.370477
0 0.758634 0.525617 0.819484 0.445814 0.726249 0.374722 0.665399 0.454525
0 0.965445 0.810315 1.02408 0.717355 0.896953 0.637162 0.838315 0.730122
0 0.42669 0.362842 0.473342 0.279229 0.365515 0.219066 0.318863 0.302679
0 0.119075 0.0900913 0.153348 -1.69824e-05 0.0345301 -0.0452099 0.000257067 0.0448983
0 -0.0112658 0.837992 0.0603741 0.837953 0.0603233 0.744559 -0.0113166 0.744598
0 0.508526 0.427861 0.562708 0.33568 0.453317 0.271382 0.399135 0.363564
0 0.870678 0.0467657 0.87216 -0.00854983 0.799102 -0.0105073 0.79762 0.0448082
0 0.513687 0.055175 0.513866 -0.0065513 0.402149 -0.00687477 0.40197 0.0548516
0 0.0567189 0.186052 0.0625143 0.0752637 -0.0317768 0.0703313 -0.0375722 0.181119
0 0.928841 1.00426 0.929052 0.969225 0.875428 0.968902 0.875217 1.00394
0 1.00036 0.214504 1.00638 0.137963 0.95018 0.133537 0.944153 0.210078
0 0.605518 1.00408 0.660909 1.00375 0.660705 0.969942 0.605314 0.970277
0 0.969348 0.190317 1.03874 0.101358 0.992413 0.0652233 0.923023 0.154182
0 0.0775951 1.00756 0.0785315 0.965862 0.0177121 0.964496 0.0167757 1.0062
0 0.576786 0.0512313 0.6937 0.0467884 0.691518 -0.0106364 0.574603 -0.0061935
0 0.947732 0.177604 1.03963 0.0548296 0.919891 -0.0348023 0.827989 0.0879722
0 0.341637 0.904797 0.42919 0.804135 0.354475 0.73915 0.266922 0.839812
0 0.0355282 0.691037 0.120968 0.617757 0.0781236 0.567804 -0.00731578 0.641083
0 0.577366 0.873379 0.666015 0.798676 0.628258 0.75387 0.539609 0.828573
0 0.8574 0.73351 0.906405 0.667648 0.803101 0.590785 0.754096 0.656646
0 0.768404 0.669384 0.819527 0.596653 0.725182 0.530336 0.674059 0.603067
0 1.00659 0.473734 1.01498 0.388404 0.964099 0.383402 0.95571 0.468732
0 0.274339 1.00365 0.324729 1.00261 0.324186 0.976261 0.273796 0.977299
0 0.271571 0.0679403 0.27846 -0.0143626 0.191463 -0.0216445 0.184574 0.0606584
0 0.259061 0.229219 0.315391 0.158634 0.218778 0.0815335 0.162449 0.152118
0 0.983048 0.0806557 1.00276 0.0802614 1.00116 3.5249e-05 0.981443 0.000429528
