0 0.21766 0.673713 0.226059 0.601111 0.0892193 0.585281 0.0808205 0.657883
0 0.325194 0.816174 0.4431 0.784452 0.422536 0.708016 0.30463 0.739738
0 0.734876 0.99305 0.785106 0.992774 0.784812 0.939355 0.734582 0.939632
0 0.640772 0.825971 0.726292 0.824167 0.724656 0.746603 0.639135 0.748408
0 0.520634 0.767049 0.525997 0.681783 0.440211 0.676387 0.434848 0.761654
0 0.354463 0.956421 0.488442 0.916437 0.462207 0.828528 0.328227 0.868512
0 0.42326 0.0662207 0.423968 -0.00246361 0.337721 -0.00335279 0.337013 0.0653315
0 0.534337 0.620861 0.545108 0.5614 0.466526 0.547165 0.455754 0.606625
0 0.80563 0.795726 0.806913 0.717112 0.720426 0.7157 0.719143 0.794314
0 0.87866 0.616348 1.01709 0.562411 0.996441 0.509429 0.858016 0.563366
0 0.287584 0.32828 0.311637 0.017166 0.173533 0.00648871 0.149479 0.317603
0 0.192132 0.881584 0.198466 0.7825 0.0967108 0.775994 0.0903761 0.875079
0 0.897766 0.729616 1.01166 0.710353 1.00003 0.641601 0.886138 0.660864
0 0.484525 0.912283 0.538137 0.894746 0.507389 0.800749 0.453777 0.818286
0 0.790259 0.779428 0.867883 0.778415 0.866672 0.685601 0.789048 0.686613
0 0.273016 0.842717 0.34945 0.808966 0.308397 0.715996 0.231963 0.749747
0 0.582049 0.724503 0.669371 0.687355 0.643394 0.626291 0.556072 0.663438
0 0.268385 0.568444 0.270889 0.40759 0.134434 0.405466 0.13193 0.56632
0 0.373788 0.995336 0.456369 0.983468 0.448903 0.931521 0.366322 0.94339
0 0.893964 0.395743 1.03841 0.282122 0.993718 0.225298 0.849268 0.338919
0 0.125459 0.389037 0.131356 0.239824 -0.00200465 0.234553 -0.0079019 0.383766
0 0.305422 0.688907 0.317345 0.625912 0.238344 0.610959 0.226421 0.673954
0 0.842904 0.866977 0.848603 0.80498 0.783242 0.798972 0.777543 0.860969
0 0.193103 1.01317 0.297345 1.01259 0.296808 0.916366 0.192567 0.916947
0 0.197627 0.865865 0.271665 0.842718 0.237624 0.733835 0.163586 0.756982
0 0.0919905 0.640572 0.0984162 0.579374 0.0054141 0.569609 -0.00101164 0.630807
0 0.656823 0.686495 0.744064 0.642843 0.717656 0.590064 0.630414 0.633716
0 0.01291 0.910883 0.107507 0.910474 0.107081 0.811809 0.0124839 0.812217
0 0.0345437 1.02791 0.142177 1.00208 0.129337 0.948584 0.0217038 0.974419
0 0.791575 0.663671 0.821157 0.577037 0.731946 0.546574 0.702363 0.633208
0 0.123992 0.254958 0.124438 0.210044 0.00532544 0.208863 0.00488011 0.253777
0 0.389109 0.705926 0.40006 0.64319 0.281386 0.622475 0.270435 0.685211
0 0.512739 1.0068 0.573413 1.00642 0.573128 0.960799 0.512454 0.961179
0 0.334319 0.563436 0.343334 0.50184 0.265529 0.490453 0.256515 0.552049
0 0.410567 0.581656 0.423179 0.52182 0.336561 0.503563 0.323949 0.563398
0 0.434962 0.717864 0.44463 0.658436 0.379608 0.647858 0.36994 0.707286
0 0.124438 1.01023 0.204747 1.00814 0.202798 0.933289 0.122489 0.93538
0 0.465203 0.603036 0.483388 0.542506 0.389343 0.514252 0.371158 0.574782
0 1.00361 0.926436 1.00393 0.814333 0.90228 0.814037 0.901954 0.92614
0 0.902542 1.00296 0.999396 1.00014 0.998072 0.954728 0.901219 0.957551
0 0.782723 0.332441 1.02905 0.0571361 0.815989 -0.133499 0.569662 0.141806
0 0.693137 0.914024 0.695457 0.857648 0.636199 0.85521 0.633879 0.911586
0 0.692858 0.908775 0.789911 0.874111 0.76945 0.816822 0.672396 0.851486
0 0.522337 0.86097 0.569844 0.846974 0.54899 0.776188 0.501483 0.790183
0 0.640217 0.931629 0.644024 0.876621 0.588606 0.872785 0.584798 0.927794
0 0.0170049 0.590871 0.0183103 0.48284 -0.00142082 0.482602 -0.0027262 0.590633
0 0.363037 0.285347 0.379312 0.165709 0.325208 0.158349 0.308933 0.277987
0 -0.00157453 0.935946 0.0486885 0.919153 0.0197803 0.832626 -0.0304827 0.849419
0 0.680662 1.00367 0.739329 1.00263 0.738443 0.952761 0.679776 0.953803
0 0.691119 1.02172 0.692586 0.925044 0.570147 0.923186 0.56868 1.01986
0 0.385534 1.01346 0.474756 0.99686 0.469118 0.96656 0.379896 0.983162
0 0.579679 1.01531 0.627615 0.995451 0.602181 0.934052 0.554244 0.95391
0 0.286083 0.325467 0.297372 0.261407 0.174422 0.239742 0.163134 0.303802
