0 0.674312 0.982181 0.779323 0.962748 0.767473 0.898711 0.662462 0.918143
0 0.580133 0.565768 0.580788 0.483209 0.498576 0.482556 0.497921 0.565115
0 0.837235 0.644226 1.01611 0.605625 0.998116 0.522232 0.819239 0.560833
0 0.140722 0.825981 0.226285 0.824219 0.224687 0.746608 0.139124 0.748369
0 0.284342 0.9922 0.284411 0.938735 0.233712 0.93867 0.233644 0.992135
0 0.679919 0.987942 0.68016 0.924358 0.606011 0.924076 0.60577 0.987661
0 0.49658 0.701163 0.615723 0.677929 0.603785 0.61671 0.484642 0.639944
0 0.928577 0.929563 1.00107 0.928907 1.00044 0.859601 0.92795 0.860257
0 0.398026 0.72808 0.518371 0.70356 0.505135 0.638596 0.38479 0.663116
0 0.840171 0.660032 0.841645 0.575605 0.755642 0.574105 0.754169 0.658532
0 0.856538 0.941201 0.933583 0.940749 0.933205 0.876352 0.85616 0.876804
0 0.59791 0.690256 0.684382 0.689631 0.683769 0.604849 0.597297 0.605474
0 0.508813 1.01153 0.618797 0.995032 0.608864 0.928815 0.498879 0.945315
0 0.38371 0.397137 0.557871 0.265985 0.515176 0.20929 0.341015 0.340441
0 0.579336 0.55632 0.688761 0.521654 0.662537 0.438877 0.553112 0.473543
0 0.305703 0.795866 0.307013 0.717109 0.220406 0.715669 0.219096 0.794425
0 0.765244 0.679583 0.766035 0.587624 0.674759 0.586839 0.673968 0.678799
0 0.290196 0.779476 0.367967 0.778403 0.366681 0.685109 0.288909 0.686182
0 0.0825033 0.724017 0.169202 0.687034 0.143288 0.626284 0.0565893 0.663267
0 0.379601 0.617634 0.519781 0.563601 0.498688 0.50888 0.358508 0.562913
0 0.341852 0.867996 0.349292 0.805869 0.283936 0.798043 0.276497 0.86017
0 0.156386 0.686051 0.24394 0.643084 0.21821 0.590654 0.130657 0.633621
0 0.238723 0.66457 0.322494 0.624559 0.285397 0.546887 0.201626 0.586897
0 0.41419 1.01059 0.517536 0.999728 0.512705 0.953736 0.409358 0.964593
0 0.655657 0.403493 0.841596 0.328051 0.808649 0.246849 0.62271 0.322292
0 0.772056 0.961645 0.86539 0.943499 0.852997 0.879753 0.759663 0.897899
0 0.0139226 1.00866 0.0717113 1.0065 0.0699945 0.960524 0.0122058 0.962682
0 0.60279 0.26953 0.703422 0.0636547 0.636488 0.0309378 0.535857 0.236813
0 0.924148 0.705778 1.00519 0.704418 1.00381 0.622353 0.922771 0.623713
0 0.0377443 0.620913 0.0422327 0.561435 -0.00242751 0.558065 -0.00691595 0.617543
0 0.161821 0.366895 0.167962 0.102344 -0.0420606 0.0974689 -0.0482019 0.36202
0 0.855507 0.486082 0.996601 0.450522 0.981849 0.39199 0.840755 0.42755
0 -0.00284681 0.750161 0.0306537 0.748945 0.0286561 0.693879 -0.00484434 0.695094
0 0.140879 0.931049 0.143379 0.876004 0.0880548 0.873492 0.0855553 0.928537
0 0.0219416 0.860022 0.0688066 0.84717 0.0495029 0.776779 0.00263784 0.789631
0 0.192989 0.913896 0.195269 0.857699 0.136013 0.855294 0.133733 0.911492
0 0.0277314 0.897171 0.0393213 0.832723 -0.00497309 0.824757 -0.016563 0.889206
0 0.194324 0.903284 0.297445 0.868634 0.280676 0.81873 0.177555 0.853379
0 0.981905 0.455199 1.01186 0.450814 1.0009 0.37598 0.970949 0.380365
0 1.01994 0.253664 1.02334 0.157871 0.933148 0.154668 0.929745 0.25046
0 -0.00293086 0.893646 0.0458447 0.858395 0.00950393 0.808111 -0.0392716 0.843362
0 0.191367 1.02265 0.192434 0.924132 0.0700606 0.922808 0.0689941 1.02132
0 0.179386 1.00429 0.240102 1.00312 0.239121 0.952512 0.178405 0.953688
0 0.263137 0.329121 0.535056 0.0586171 0.33613 -0.14135 0.0642105 0.129154
0 0.080075 1.01498 0.127504 0.995118 0.101922 0.934017 0.0544926 0.953875
0 0.84442 0.638884 0.891078 0.626599 0.871868 0.553643 0.82521 0.565928
0 0.547406 0.281935 0.591348 0.245445 0.541331 0.185212 0.497389 0.221702
0 0.875756 0.334435 0.974588 0.2471 0.912184 0.176481 0.813352 0.263817
0 0.595021 0.246549 0.625324 0.180403 0.568241 0.154251 0.537938 0.220397
0 0.996 0.0283957 0.996073 -0.0013796 0.945194 -0.00150437 0.945121 0.028271
0 0.524759 0.922212 0.528868 0.821398 0.40199 0.816228 0.397881 0.917041
0 0.663641 0.148549 0.688587 0.0656143 0.629259 0.0477691 0.604313 0.130704
