0 0.339208 0.879095 0.456938 0.878087 0.455952 0.762988 0.338222 0.763996
0 0.770293 0.575105 1.03684 0.538981 1.02268 0.434508 0.756134 0.470633
0 0.0990262 0.726492 0.24651 0.704825 0.230977 0.599101 0.083494 0.620768
0 0.1291 0.925687 0.24747 0.924642 0.246405 0.804013 0.128036 0.805057
0 -0.00394244 0.934103 0.152309 0.905032 0.136703 0.821158 -0.0195479 0.85023
0 0.258291 0.929563 0.372963 0.885234 0.324627 0.760198 0.209955 0.804527
0 -0.00119622 0.753399 0.109324 0.753306 0.109228 0.639364 -0.00129253 0.639457
0 0.831182 0.322002 1.04899 0.255894 1.01477 0.143131 0.796957 0.20924
0 0.796026 0.958626 1.02436 0.9235 1.00937 0.826078 0.781039 0.861203
0 0.725649 0.738792 0.97374 0.705792 0.962302 0.619806 0.714212 0.652806
0 0.437532 0.860047 0.686926 0.81358 0.666356 0.703177 0.416962 0.749643
0 0.210457 0.538802 0.4563 0.441952 0.411249 0.327595 0.165406 0.424446
0 0.477117 0.647673 0.663361 0.60436 0.645121 0.525929 0.458877 0.569242
0 0.631447 0.611555 0.793632 0.579285 0.774162 0.481427 0.611976 0.513696
0 0.125556 0.332152 0.166991 0.236817 0.0859678 0.201603 0.044533 0.296937
0 0.724312 0.134497 0.939144 0.0187486 0.898197 -0.0572493 0.683365 0.0584986
0 -0.0133653 0.411011 0.0582671 0.410915 0.0581171 0.29886 -0.0135152 0.298956
0 0.186507 0.275215 0.253406 0.0886171 0.173427 0.0599435 0.106529 0.246541
0 0.762016 0.880219 0.853043 0.87863 0.851372 0.78294 0.760345 0.78453
0 0.746146 0.819434 0.841442 0.81602 0.838046 0.721223 0.742751 0.724636
0 0.178273 0.265003 0.223323 0.161634 0.145994 0.127932 0.100944 0.231302
0 0.777375 0.231446 1.02037 0.146065 0.982481 0.0382369 0.739487 0.123618
0 0.951856 0.716558 0.983758 0.713849 0.975078 0.611629 0.943176 0.614338
0 0.0585172 0.381068 0.11864 0.338705 0.0562247 0.250123 -0.00389789 0.292486
0 0.459111 0.8565 0.525858 0.839652 0.49888 0.732773 0.432134 0.74962
0 0.335036 0.678674 0.519145 0.64151 0.50617 0.577231 0.322061 0.614395
0 0.461531 0.455062 0.634243 0.354018 0.568222 0.241171 0.39551 0.342215
0 0.968557 0.849085 0.979912 0.715553 0.845946 0.70416 0.83459 0.837692
0 0.218157 0.188865 0.248436 0.0960028 0.176616 0.0725847 0.146337 0.165447
