0 0.428347 0.472883 0.451987 0.340998 0.381201 0.318442 0.357561 0.450327
0 0.197969 0.881682 0.208054 0.7853 0.104587 0.766053 0.0945021 0.862435
0 0.326992 0.718323 0.331715 0.631085 0.170226 0.615543 0.165503 0.702781
0 0.503837 0.732119 0.507458 0.636729 0.412919 0.63035 0.409298 0.725739
0 0.154942 0.708982 0.157716 0.605907 0.0774631 0.602067 0.0746889 0.705142
0 0.412377 1.00499 0.441789 0.879326 0.359486 0.84508 0.330074 0.970747
0 0.467936 0.288699 0.488838 0.161402 0.419145 0.141058 0.398242 0.268355
0 0.587763 0.740487 0.59204 0.645883 0.49939 0.638436 0.495113 0.73304
0 0.856413 0.428957 0.897337 0.334373 0.804942 0.263302 0.764018 0.357886
0 0.0884413 1.04463 0.122951 0.928354 0.0405648 0.884883 0.00605495 1.00115
0 0.455945 0.349579 0.467685 0.277476 0.391768 0.2555 0.380028 0.327604
0 0.448587 0.0967132 0.508916 0.0959266 0.508225 0.00174814 0.447897 0.00253474
0 0.419223 0.724643 0.422722 0.62852 0.340104 0.623173 0.336605 0.719296
0 0.927465 0.735577 0.970695 0.654096 0.895794 0.58345 0.852565 0.664931
0 0.561439 0.351663 0.607405 0.221004 0.547777 0.183711 0.501811 0.314369
0 0.341543 0.962366 0.364522 0.847942 0.275216 0.816057 0.252237 0.930481
0 0.269117 0.921786 0.281325 0.829429 0.205654 0.811647 0.193446 0.904004
0 0.358628 0.46876 0.360126 0.373914 0.248266 0.370774 0.246768 0.465621
0 0.332968 0.379861 0.334258 0.179818 0.252602 0.178882 0.251312 0.378925
0 0.910263 0.366049 0.952256 0.293958 0.878025 0.217089 0.836032 0.28918
0 0.68847 0.470647 0.733803 0.381733 0.656394 0.31157 0.611062 0.400484
0 0.947622 0.544203 0.994919 0.450426 0.929128 0.391436 0.881831 0.485213
0 0.963038 0.105297 0.97941 0.0282544 0.833209 -0.0269794 0.816837 0.0500633
0 0.0268916 1.00454 0.0428632 0.888103 -0.00435567 0.876589 -0.0203272 0.993031
0 0.0814957 0.868008 0.106546 0.773241 0.0135026 0.729517 -0.0115481 0.824284
0 0.871269 0.671924 0.910411 0.579005 0.814416 0.507116 0.775274 0.600035
0 0.849699 0.289685 0.882495 0.232117 0.813664 0.162408 0.780869 0.219976
0 0.508017 1.05708 0.543695 0.941011 0.434983 0.881606 0.399305 0.997679
0 0.784122 0.355148 0.832163 0.263637 0.75208 0.188898 0.704039 0.280408
0 0.673744 0.755169 0.684816 0.660151 0.610089 0.644672 0.599017 0.73969
0 0.98935 0.788618 1.02729 0.727482 0.958907 0.652024 0.920963 0.71316
0 0.152916 1.02902 0.16846 0.960939 0.115725 0.939533 0.100182 1.00761
0 0.82942 0.924248 0.868376 0.858712 0.79635 0.782598 0.757394 0.848133
0 1.00439 0.131806 1.0088 0.0217991 0.9594 0.0182807 0.954992 0.128288
0 0.893666 0.984865 0.926694 0.913908 0.851642 0.851802 0.818613 0.922759
0 0.684832 0.598167 0.724378 0.523659 0.645921 0.44963 0.606375 0.524139
0 0.56376 0.459084 0.601899 0.385289 0.519858 0.30991 0.48172 0.383705
0 0.622504 0.526765 0.659441 0.462582 0.585515 0.386949 0.548579 0.451132
0 0.587806 0.612683 0.615139 0.509427 0.475585 0.443754 0.448252 0.54701
0 0.623816 0.406733 0.676274 0.320991 0.598487 0.236385 0.546029 0.322128
0 0.725895 0.284341 0.771356 0.193203 0.688841 0.120031 0.64338 0.211168
0 0.889574 0.82373 0.921738 0.754369 0.84059 0.687472 0.808426 0.756833
0 0.955584 1.0627 0.996643 0.976215 0.918366 0.910148 0.877307 0.99663
0 0.994714 0.975456 1.03993 0.910686 0.968926 0.822551 0.923705 0.88732
0 0.770193 0.857015 0.805804 0.785376 0.735601 0.723337 0.69999 0.794976
0 0.827878 0.0393631 0.82989 -0.00540929 0.769408 -0.0102411 0.767396 0.0345313
0 0.195932 1.00489 0.196687 0.962898 0.155172 0.961572 0.154418 1.00357
0 0.823123 0.754961 0.864307 0.686697 0.788813 0.605726 0.747629 0.67399
0 0.327833 0.257172 0.329038 0.163565 0.256319 0.1619 0.255113 0.255507
0 0.963984 0.608845 1.00203 0.608554 1.0017 0.531304 0.963651 0.531595
0 0.748304 0.684521 0.811708 0.619407 0.785734 0.574443 0.72233 0.639558
0 0.389837 0.528652 0.392747 0.454187 0.24936 0.444226 0.24645 0.518691
0 0.750059 0.506805 0.786976 0.45581 0.726171 0.377555 0.689254 0.42855
0 0.773247 0.025206 0.774602 -0.000560368 0.726979 -0.00501312 0.725624 0.0207532
0 0.708666 0.789247 0.739777 0.70846 0.687051 0.672363 0.65594 0.75315
0 0.689388 0.210551 0.717872 0.109882 0.570411 0.035708 0.541927 0.136377
0 0.272782 0.155529 0.274189 0.00182592 0.133982 -0.000456711 0.132575 0.153246
0 0.0312153 0.789113 0.0359851 0.684944 -0.00233373 0.681825 -0.00710356 0.785993
0 1.00724 0.461528 1.01366 0.362079 0.959826 0.355901 0.953407 0.45535
0 0.363474 0.0836187 0.363693 -0.0046127 0.294985 -0.00491567 0.294767 0.0833157
0 0.251216 1.01199 0.253387 0.968708 0.196653 0.963649 0.194482 1.00693
0 0.689509 0.0528312 0.693169 -0.00490512 0.574128 -0.0183205 0.570468 0.0394158
0 0.773906 0.0672828 0.777947 0.00346771 0.724032 -0.00260157 0.719991 0.0612135
0 0.424754 0.0153402 0.457148 0.0143351 0.456845 -0.0030559 0.424451 -0.00205078
0 0.265081 0.150774 0.274469 0.00296211 0.202002 -0.00522013 0.192614 0.142592
0 0.631636 0.746837 0.638182 0.658774 0.588017 0.652144 0.58147 0.740207
0 0.998863 0.0312079 0.99911 -0.00103039 0.971529 -0.00140666 0.971281 0.0308316
