0 0.304347 0.994232 0.386351 0.917362 0.34179 0.869826 0.259787 0.946696
0 0.266889 0.94503 0.330828 0.873973 0.290542 0.837723 0.226603 0.908779
0 0.217058 0.909983 0.296547 0.842545 0.252524 0.790655 0.173035 0.858093
0 0.0884297 0.305083 0.0923002 0.233967 0.000927256 0.228994 -0.00294323 0.30011
0 0.115402 0.83676 0.198833 0.773526 0.166044 0.730263 0.0826122 0.793497
0 0.823906 0.245613 0.868213 0.170485 0.779031 0.117891 0.734724 0.193019
0 0.104893 0.800868 0.161244 0.736582 0.0568874 0.645106 0.000536432 0.709393
0 0.901907 0.696402 0.932269 0.621352 0.83835 0.583355 0.807987 0.658405
0 0.355149 1.01004 0.422781 0.952679 0.388553 0.912323 0.320921 0.969685
0 0.858662 0.898582 0.888154 0.836687 0.813393 0.801065 0.783901 0.86296
0 0.915155 0.562198 0.969234 0.494681 0.849726 0.398959 0.795647 0.466475
0 0.424816 0.303741 0.470483 0.245415 0.39521 0.18648 0.349544 0.244806
0 0.606853 1.01017 0.693292 0.946023 0.644928 0.880855 0.558489 0.945006
0 0.553734 0.963983 0.615979 0.900451 0.56672 0.85219 0.504475 0.915722
0 0.553561 0.399609 0.590155 0.347525 0.517789 0.296681 0.481195 0.348765
0 0.687432 0.753073 0.716783 0.680072 0.637724 0.648285 0.608373 0.721286
0 0.743599 0.801467 0.778432 0.746796 0.70107 0.697506 0.666237 0.752178
0 0.787824 1.0286 0.895029 0.946659 0.841833 0.877065 0.734627 0.95901
0 0.447391 0.558742 0.481575 0.482633 0.405719 0.448563 0.371535 0.524672
0 0.768243 0.41748 0.784109 0.347171 0.720382 0.332791 0.704516 0.403099
0 0.183603 0.103504 0.231961 0.0420385 0.158733 -0.0155725 0.110376 0.0458931
0 0.431268 0.889658 0.52914 0.805183 0.464765 0.7306 0.366894 0.815075
0 0.905976 0.169846 0.964087 0.115991 0.890092 0.0361491 0.831981 0.0900042
0 0.796346 0.857666 0.839104 0.795238 0.766775 0.745698 0.724017 0.808125
0 0.813979 0.355021 0.835228 0.294301 0.76412 0.269418 0.742872 0.330137
0 0.679298 0.139916 0.744539 0.0645432 0.633839 -0.031276 0.568598 0.0440973
0 0.455151 0.156126 0.491829 0.0820633 0.420716 0.0468455 0.384038 0.120908
0 0.694667 0.366482 0.744993 0.308462 0.704894 0.27368 0.654568 0.331701
0 0.50026 0.471707 0.540046 0.423629 0.47135 0.36678 0.431564 0.414859
0 0.837712 0.100114 0.905275 0.0447499 0.837542 -0.0379083 0.769978 0.0174559
0 0.36216 0.82358 0.437188 0.768812 0.40077 0.718921 0.325742 0.77369
0 0.609512 0.437072 0.634145 0.386646 0.569375 0.355006 0.544742 0.405432
0 0.493811 0.337172 0.527038 0.287753 0.457112 0.240738 0.423885 0.290158
0 0.174465 0.867639 0.230009 0.813605 0.187616 0.770027 0.132072 0.824061
0 0.371162 0.253474 0.409888 0.184105 0.314408 0.130801 0.275681 0.200171
0 0.720512 0.652416 0.757495 0.580432 0.678194 0.539691 0.641212 0.611674
0 0.604634 0.291695 0.645467 0.22769 0.568622 0.178665 0.527788 0.24267
0 0.770459 0.583712 0.804263 0.53111 0.729392 0.482994 0.695588 0.535597
0 0.173802 0.31633 0.185083 0.245429 0.111044 0.233649 0.0997632 0.30455
0 0.744365 0.192092 0.810554 0.120551 0.733501 0.0492618 0.667312 0.120803
0 0.178557 0.202432 0.224039 0.149113 0.147814 0.084091 0.102332 0.137409
0 0.780108 0.707058 0.824596 0.647287 0.745117 0.588129 0.700629 0.647901
0 0.667849 0.343823 0.706673 0.2737 0.628423 0.230377 0.589599 0.3005
0 0.235482 0.731792 0.307795 0.686865 0.278811 0.640213 0.206497 0.68514
0 0.121359 0.144653 0.158885 0.0966838 0.0860473 0.039704 0.0485216 0.0876731
0 0.986809 1.02986 1.01461 0.952999 0.944377 0.9276 0.916578 1.00446
0 0.642291 1.03891 0.723082 0.994088 0.6925 0.938965 0.611709 0.983788
0 0.369972 0.0696267 0.394468 -0.00834622 0.286625 -0.0422252 0.26213 0.0357477
0 0.317823 0.790606 0.388272 0.726662 0.353929 0.688824 0.283479 0.752768
0 0.505663 0.603467 0.546408 0.539281 0.470761 0.49126 0.430016 0.555445
0 0.959845 0.603819 1.01902 0.525872 0.950432 0.473795 0.891253 0.551742
0 0.234119 0.706892 0.273839 0.640202 0.165535 0.575696 0.125815 0.642386
0 0.61909 0.698112 0.66604 0.649447 0.5958 0.581683 0.54885 0.630348
0 0.536831 0.241827 0.579944 0.190221 0.508069 0.130173 0.464955 0.18178
0 0.389419 0.492285 0.430881 0.442584 0.36061 0.383962 0.319148 0.433663
0 0.878649 0.284136 0.925799 0.225949 0.89221 0.198731 0.845059 0.256918
0 0.329585 0.443918 0.369094 0.392671 0.296278 0.336532 0.256768 0.387779
0 0.63249 0.569654 0.664232 0.49846 0.58259 0.462061 0.550848 0.533254
0 0.981131 0.0950412 1.01842 0.0259588 0.960356 -0.00537856 0.92307 0.0637039
0 0.944365 0.741651 0.982906 0.686476 0.911631 0.636688 0.87309 0.691863
0 0.564971 0.519909 0.601387 0.458171 0.528876 0.4154 0.49246 0.477138
0 0.448961 1.03758 0.480028 0.972403 0.41063 0.939327 0.379563 1.00451
0 0.820941 0.644285 0.864486 0.579297 0.796092 0.53347 0.752547 0.598457
0 0.821657 0.752158 0.866639 0.701275 0.804212 0.646089 0.75923 0.696972
0 0.674271 0.503697 0.716336 0.443858 0.645342 0.393951 0.603277 0.45379
0 0.278572 0.764919 0.332036 0.712688 0.299286 0.679165 0.245822 0.731396
0 0.97191 0.855651 1.00694 0.787693 0.916319 0.740981 0.881288 0.808939
0 0.886365 0.945525 0.938414 0.878664 0.889892 0.840892 0.837843 0.907753
0 0.645678 0.472784 0.6763 0.418506 0.633058 0.39411 0.602436 0.448387
0 0.388903 0.367843 0.421591 0.316604 0.34142 0.265459 0.308732 0.316699
0 0.368171 0.698719 0.440538 0.629293 0.400007 0.587044 0.327639 0.65647
0 0.702643 0.251504 0.720446 0.196301 0.658663 0.176377 0.640861 0.23158
0 0.529938 0.119839 0.568702 0.069957 0.488555 0.00767429 0.449791 0.0575565
0 0.323037 0.31601 0.364146 0.264918 0.288763 0.204263 0.247653 0.255355
0 0.841981 1.00086 0.890795 0.937415 0.822778 0.88508 0.773964 0.948521
0 0.962183 0.856026 1.00834 0.793727 0.960873 0.758555 0.914713 0.820855
0 1.00105 0.220592 1.01829 0.161466 0.965548 0.14609 0.948309 0.205216
0 0.270312 0.392519 0.306006 0.33903 0.235689 0.292105 0.199994 0.345595
0 0.0685697 0.0906363 0.103802 0.0310553 0.0230579 -0.0166906 -0.012174 0.0428903
0 0.894003 0.802615 0.93399 0.751578 0.85663 0.690968 0.816643 0.742004
0 0.248541 0.263131 0.31154 0.214488 0.285681 0.180998 0.222682 0.229641
0 0.966952 0.387872 1.04558 0.289786 0.94163 0.20645 0.862998 0.304536
0 0.622963 0.169336 0.632537 0.11507 0.574613 0.10485 0.565039 0.159117
0 0.899935 0.0369995 0.962247 0.0362915 0.961761 -0.00650367 0.899448 -0.00579564
0 1.00186 0.761934 1.0182 0.701939 0.9625 0.686771 0.946161 0.746766
0 0.0282344 0.715074 0.048918 0.639544 -0.00430568 0.624969 -0.0249893 0.700499
0 0.246722 0.133111 0.286667 0.0935107 0.227083 0.0334078 0.187138 0.0730076
0 0.210082 0.341421 0.239836 0.280719 0.186269 0.254462 0.156515 0.315164
0 1.00621 0.603554 1.00886 0.535172 0.965144 0.533477 0.962493 0.601859
0 0.947165 1.00373 0.94723 0.978449 0.90701 0.978347 0.906946 1.00363
0 0.657104 0.214628 0.675798 0.160853 0.618862 0.14106 0.600168 0.194835
0 0.959456 0.406565 1.00244 0.405622 1.00104 0.34176 0.958055 0.342703
0 0.520335 0.0493834 0.635663 0.0482312 0.63512 -0.00607127 0.519793 -0.00491909
0 0.158888 0.646048 0.19163 0.576194 0.0861226 0.526741 0.0533808 0.596595
0 0.741453 0.284039 0.760137 0.23217 0.704227 0.212031 0.685543 0.263899
0 0.936173 0.193369 0.993606 0.141874 0.959198 0.103498 0.901765 0.154994
0 0.127553 0.0513664 0.159467 -0.00820581 0.109515 -0.0349666 0.0776004 0.0246056
0 0.0815815 0.207717 0.116578 0.126317 -0.00997315 0.0719088 -0.0449697 0.153309
0 1.00433 0.796346 1.00669 0.749499 0.970487 0.747677 0.968129 0.794523
0 -0.00144918 0.531743 0.0513714 0.531417 0.0507831 0.435945 -0.00203743 0.43627
0 0.373272 0.0221621 0.416822 0.0199545 0.415611 -0.00394192 0.37206 -0.00173431
0 0.13075 0.310286 0.13768 0.244178 0.0887493 0.23905 0.0818202 0.305157
0 0.705612 1.00459 0.754593 1.00404 0.754274 0.975465 0.705293 0.976012
0 0.803308 0.0249539 0.803679 -0.00294754 0.764587 -0.00346637 0.764217 0.0244351
0 0.279331 1.0095 0.282467 0.962961 0.235291 0.959782 0.232155 1.00632
0 0.534559 0.637968 0.586586 0.581151 0.540727 0.539158 0.4887 0.595975
0 0.305745 1.00788 0.307026 0.977455 0.265949 0.975725 0.264668 1.00615
0 0.831792 1.0076 0.832274 0.975607 0.783345 0.97487 0.782863 1.00686
