0 0.565226 0.583052 0.770657 0.535614 0.756784 0.428815 0.551354 0.476254
0 0.539168 0.743414 0.728254 0.706279 0.717732 0.611027 0.528645 0.648162
0 0.34005 0.857805 0.518345 0.806513 0.500338 0.695238 0.322043 0.74653
0 0.340402 0.88027 0.34189 0.767286 0.255471 0.765263 0.253983 0.878246
0 0.144138 0.751902 0.185974 0.629936 0.0986832 0.576706 0.0568472 0.698672
0 0.0980574 0.920304 0.184281 0.919605 0.183765 0.806419 0.0975415 0.807117
0 0.0803185 0.756672 0.0810841 0.644389 -0.00257468 0.643375 -0.00334022 0.755658
0 0.595215 0.966559 0.770416 0.928717 0.757786 0.824756 0.582584 0.862598
0 -0.00106778 0.934556 0.11508 0.90493 0.103099 0.821428 -0.0130488 0.851055
0 0.265568 0.906312 0.266524 0.783314 0.175039 0.782051 0.174083 0.905049
0 0.618461 0.337633 0.879532 0.193547 0.844853 0.0818418 0.583783 0.225928
0 0.474281 0.614333 0.595336 0.581418 0.580619 0.485198 0.459565 0.518113
0 0.932743 0.159626 1.00319 0.15849 1.00224 0.0536565 0.931792 0.0547928
0 0.155718 0.537722 0.341428 0.437249 0.308592 0.329351 0.122882 0.429824
0 0.941768 0.488121 1.01356 0.485313 1.01057 0.349287 0.938776 0.352095
0 0.755949 0.544823 0.971565 0.491288 0.95558 0.37683 0.739963 0.430365
0 0.102086 0.362149 0.200636 0.0831231 0.137173 0.0432751 0.0386231 0.3223
0 0.919258 0.0704717 0.990991 0.0698324 0.990635 -0.00120794 0.918902 -0.000568654
0 0.355228 0.647236 0.493603 0.599116 0.479072 0.524827 0.340697 0.572946
0 0.0334638 0.414267 0.0456825 0.315523 -0.0155426 0.302055 -0.0277613 0.400798
0 0.575641 0.236215 0.825887 0.106271 0.794223 -0.00213423 0.543977 0.12781
0 0.974319 0.26114 1.00278 0.260414 1.00105 0.139703 0.972586 0.14043
0 0.931377 0.522374 0.969984 0.422177 0.894631 0.37056 0.856024 0.470757
0 0.639775 0.881744 0.646605 0.759299 0.569043 0.751608 0.562213 0.874053
0 0.0839636 0.331534 0.13364 0.253431 0.0872135 0.200934 0.0375367 0.279037
0 0.454752 0.350765 0.62765 0.229371 0.583112 0.116598 0.410214 0.237992
0 0.344239 0.852599 0.392166 0.835438 0.372215 0.736387 0.324288 0.753549
0 0.519053 0.95457 0.537007 0.829047 0.442051 0.804902 0.424098 0.930425
0 0.131071 0.258751 0.157717 0.179091 0.103178 0.146658 0.0765312 0.226317
0 0.164959 0.190484 0.187448 0.0888588 0.129395 0.0660209 0.106907 0.167646
0 0.0428218 0.378104 0.0856605 0.33649 0.0408392 0.254463 -0.00199947 0.296077
0 0.561922 0.810098 0.628723 0.807035 0.626519 0.721575 0.559717 0.724638
0 0.167453 0.686013 0.245126 0.685655 0.244843 0.576267 0.167169 0.576625
0 0.784788 0.554638 0.859296 0.504421 0.819695 0.399967 0.745188 0.450184
