0 0.838986 0.491072 1.02497 0.416269 0.996244 0.344836 0.810256 0.419639
0 0.638277 0.76731 0.638301 0.659031 0.521915 0.659006 0.521892 0.767284
0 0.383185 0.494236 0.39103 0.408169 0.282241 0.398253 0.274396 0.484319
0 0.345172 0.706371 0.375734 0.591428 0.26657 0.562402 0.236008 0.677345
0 0.448561 0.908776 0.524558 0.908757 0.524539 0.831755 0.448543 0.831773
0 0.137401 0.939382 0.323795 0.892768 0.295177 0.778337 0.108783 0.824951
0 0.437454 0.62926 0.557751 0.586938 0.526901 0.499249 0.406605 0.541571
0 0.858758 0.6355 1.01542 0.612231 1.00189 0.521091 0.845222 0.54436
0 0.0990325 0.74771 0.252118 0.721041 0.234238 0.618404 0.0811525 0.645072
0 0.162125 0.993021 0.278115 0.969391 0.264982 0.904923 0.148992 0.928553
0 0.176681 0.601116 0.186459 0.522798 0.0721953 0.508531 0.0624167 0.58685
0 0.194352 0.443109 0.212316 0.343332 0.116427 0.326067 0.0984623 0.425844
0 0.851192 0.189004 1.04475 0.0416278 0.990921 -0.0290765 0.797359 0.1183
0 0.247563 0.622334 0.255931 0.541778 0.170467 0.5329 0.162099 0.613456
0 0.303055 0.876242 0.381642 0.853885 0.347944 0.735435 0.269357 0.757792
0 0.648888 0.986805 0.71121 0.986527 0.71092 0.921452 0.648598 0.92173
0 0.110565 0.770291 0.115321 0.640818 -0.00377415 0.636443 -0.00852986 0.765916
0 0.818549 0.706201 0.831807 0.581419 0.718903 0.569423 0.705645 0.694205
0 0.0777596 0.581598 0.0866258 0.495395 -0.00191635 0.486288 -0.0107825 0.572492
0 0.113142 0.416541 0.122564 0.331186 0.0113267 0.318908 0.00190547 0.404263
0 0.348123 1.00859 0.42964 1.00758 0.428856 0.94426 0.347339 0.94527
0 0.283314 0.476842 0.312096 0.387659 0.206155 0.353469 0.177373 0.442651
0 0.718154 0.552706 0.760168 0.427418 0.638999 0.386785 0.596984 0.512073
0 0.0648257 0.0873647 0.0665441 0.00103653 -0.00033709 -0.000294715 -0.00205543 0.0860335
0 0.73371 0.730042 0.73595 0.625415 0.626072 0.623064 0.623833 0.727691
0 0.796104 0.819674 0.797394 0.736938 0.704714 0.735494 0.703425 0.81823
0 0.540941 0.585791 0.648956 0.541156 0.61655 0.462735 0.508535 0.50737
0 0.175325 1.01747 0.296498 0.994128 0.289249 0.956503 0.168077 0.979847
0 0.00448366 1.02264 0.0838455 0.999897 0.0484213 0.876274 -0.0309406 0.899015
0 0.877692 1.00382 0.999668 0.999414 0.99741 0.936848 0.875434 0.941249
0 0.559145 1.01296 0.659817 1.01136 0.658627 0.936557 0.557956 0.938159
0 -0.00274238 0.400626 0.0291774 0.400594 0.0290954 0.31805 -0.00282437 0.318082
0 -0.00231042 0.782954 0.030961 0.780513 0.0246863 0.695009 -0.00858517 0.69745
0 0.437223 1.02279 0.503955 0.998288 0.47365 0.915749 0.406918 0.94025
0 0.588194 0.8703 0.718207 0.831636 0.697721 0.76275 0.567708 0.801414
0 0.955534 0.193529 1.00553 0.192138 1.00324 0.109995 0.953248 0.111386
0 0.355503 0.814692 0.422095 0.799897 0.399963 0.700279 0.333371 0.715074
