0 0.696962 0.844338 0.741506 0.783031 0.662199 0.725408 0.617655 0.786716
0 0.949636 0.698182 1.03866 0.575846 0.973889 0.528706 0.88486 0.651042
0 0.815314 0.877673 0.88245 0.788876 0.809016 0.733356 0.741881 0.822154
0 0.852112 0.90196 0.902149 0.838234 0.861547 0.806354 0.81151 0.870081
0 0.0555202 0.743476 0.135876 0.666474 0.0909321 0.619573 0.0105765 0.696574
0 0.896172 0.978984 0.977923 0.885792 0.910992 0.827078 0.829241 0.920271
0 0.0188593 0.697729 0.0837024 0.622332 0.0409863 0.585595 -0.0238567 0.660993
0 0.889349 0.590326 0.975855 0.475428 0.917179 0.431252 0.830673 0.546149
0 0.759429 0.816144 0.810755 0.762961 0.7168 0.672286 0.665474 0.725469
0 0.932825 0.760438 0.974534 0.688141 0.869567 0.627586 0.827859 0.699883
0 0.831248 0.6848 0.910229 0.572494 0.838294 0.521904 0.759312 0.63421
0 0.757003 0.171596 0.831149 0.0989473 0.79232 0.0593189 0.718175 0.131967
0 0.105749 0.759168 0.172351 0.702427 0.137929 0.662022 0.0713266 0.718762
0 0.665747 0.31193 0.719272 0.244324 0.599359 0.149386 0.545834 0.216991
0 0.356256 1.01731 0.428153 0.970387 0.340182 0.835594 0.268285 0.882516
0 0.650866 0.446987 0.682789 0.372626 0.589347 0.332511 0.557423 0.406872
0 0.540716 0.775671 0.644204 0.695928 0.592035 0.628224 0.488546 0.707966
0 0.395838 0.798969 0.4795 0.739036 0.441974 0.686652 0.358312 0.746585
0 0.357689 0.75995 0.443351 0.69525 0.394758 0.630912 0.309095 0.695612
0 0.606667 0.648202 0.640431 0.585338 0.567459 0.546145 0.533695 0.609009
0 0.304041 0.713574 0.364992 0.650687 0.315565 0.602781 0.254614 0.665669
0 0.303146 0.149746 0.340185 0.0980893 0.268126 0.0464219 0.231087 0.0980791
0 0.19594 0.309519 0.232055 0.23278 0.157201 0.197553 0.121086 0.274291
0 0.990007 0.500922 1.03047 0.420621 0.952243 0.381204 0.911781 0.461504
0 0.437479 0.502841 0.46671 0.430102 0.387789 0.398386 0.358558 0.471125
0 0.55443 0.109697 0.588327 0.0564721 0.519649 0.0127347 0.485752 0.06596
0 0.487991 0.5498 0.528031 0.494759 0.455759 0.442184 0.415719 0.497225
0 0.575445 1.02468 0.635915 0.957056 0.583376 0.910072 0.522905 0.977694
0 0.517826 0.167674 0.534342 0.09747 0.470976 0.082563 0.45446 0.152767
0 0.181922 0.636283 0.276581 0.553985 0.213697 0.481656 0.119038 0.563954
0 0.953107 0.151862 1.01417 0.0739027 0.960506 0.0318742 0.899446 0.109833
0 0.545821 0.607359 0.588954 0.546059 0.51703 0.495451 0.473898 0.556752
0 0.250236 0.221798 0.290164 0.173296 0.221413 0.116698 0.181484 0.165199
0 0.112204 0.573712 0.186656 0.51885 0.149996 0.469099 0.0755435 0.52396
0 0.430207 0.828557 0.518119 0.762573 0.489402 0.724314 0.401491 0.790299
0 0.444786 0.11665 0.495005 0.0578238 0.454922 0.0236049 0.404702 0.0824316
0 0.470868 0.402275 0.50725 0.330328 0.427779 0.290141 0.391396 0.362087
0 0.804985 0.202784 0.850621 0.144276 0.806362 0.109754 0.760726 0.168262
0 0.364396 0.184613 0.386251 0.133226 0.319132 0.104679 0.297277 0.156067
0 0.529777 0.457226 0.574556 0.397775 0.495234 0.33803 0.450456 0.397481
0 0.520163 0.333724 0.554093 0.281297 0.479516 0.233032 0.445585 0.285459
0 0.240349 0.0893139 0.277844 0.0411835 0.210007 -0.0116627 0.172513 0.0364677
0 0.0883899 1.03581 0.147726 0.96641 0.101473 0.926865 0.0421366 0.996268
0 0.917237 0.114222 0.962376 0.029908 0.883882 -0.0121149 0.838743 0.0721994
0 0.420628 0.0920926 0.459329 0.0173825 0.381085 -0.023149 0.342384 0.0515611
0 0.817206 0.434363 0.881216 0.366866 0.768075 0.259569 0.704065 0.327065
0 0.276108 1.01011 0.330835 0.927389 0.268384 0.886072 0.213656 0.968791
0 0.255444 0.353495 0.296162 0.28918 0.22068 0.241392 0.179962 0.305707
0 0.0669545 0.541255 0.138469 0.476809 0.103993 0.438552 0.0324786 0.502997
0 0.505202 0.946209 0.576189 0.890747 0.50969 0.805632 0.438703 0.861093
0 0.198585 0.939613 0.249946 0.866414 0.192772 0.826298 0.141412 0.899497
0 0.369116 0.448062 0.415944 0.39946 0.345754 0.331832 0.298926 0.380433
0 0.034686 0.630915 0.0375413 0.565378 -0.00968964 0.56332 -0.012545 0.628857
0 0.708988 0.354075 0.769548 0.278876 0.70093 0.223617 0.640371 0.298816
0 0.139017 0.242822 0.182679 0.190824 0.112466 0.131868 0.0688041 0.183867
0 0.167461 0.80012 0.234172 0.73247 0.183889 0.682885 0.117178 0.750535
0 0.322772 0.26595 0.347683 0.199271 0.265944 0.168734 0.241034 0.235413
0 0.186368 0.825929 0.25358 0.761903 0.228228 0.735289 0.161015 0.799315
0 0.260686 0.872198 0.303875 0.80945 0.230402 0.758878 0.187212 0.821627
0 0.714114 0.606971 0.755919 0.544017 0.669497 0.486627 0.627692 0.549582
0 0.141234 0.984895 0.1962 0.923773 0.143194 0.876105 0.088228 0.937227
0 0.382421 0.319647 0.41422 0.248503 0.332773 0.2121 0.300975 0.283243
0 0.424198 0.253994 0.466877 0.194276 0.393875 0.142104 0.351196 0.201822
0 0.571531 0.394611 0.614925 0.329338 0.54558 0.283238 0.502187 0.348511
0 0.877803 0.618328 0.904927 0.575242 0.833709 0.530407 0.806584 0.573493
0 0.57125 0.502348 0.616856 0.451728 0.554732 0.395759 0.509127 0.446379
0 0.683816 0.131651 0.802818 0.0312544 0.731771 -0.0529592 0.612769 0.0474376
0 0.401284 0.226878 0.432307 0.172347 0.383132 0.144371 0.352108 0.198902
0 1.00215 0.41351 1.00477 0.353307 0.965986 0.351616 0.963361 0.411819
0 0.119893 0.45045 0.190751 0.378898 0.147716 0.33628 0.0768581 0.407833
0 0.776155 0.536187 0.805851 0.476532 0.722689 0.435133 0.692992 0.494787
0 0.0776126 0.196206 0.120219 0.139929 0.0460089 0.083747 0.00340286 0.140024
0 0.691779 0.490885 0.731497 0.436159 0.66266 0.3862 0.622942 0.440926
0 0.8716 0.249738 0.908003 0.184421 0.836804 0.144741 0.800401 0.210058
0 0.456326 0.878999 0.528781 0.823888 0.492887 0.776698 0.420432 0.831809
0 0.00505165 0.484953 0.0609328 0.429735 0.0177906 0.386075 -0.0380905 0.441293
0 0.0309103 0.517102 0.0850916 0.461119 0.0499739 0.427132 -0.00420735 0.483115
0 1.00325 0.180622 1.00478 0.114672 0.964161 0.113728 0.962628 0.179677
0 0.707684 0.14166 0.789972 0.0689291 0.76247 0.0378131 0.680182 0.110544
0 0.0428912 0.927025 0.0816149 0.887115 0.0583413 0.864534 0.0196176 0.904444
0 0.0937869 0.0621324 0.114027 -0.00704237 0.0229259 -0.0336974 0.00268613 0.0354774
0 0.96304 0.317464 1.00173 0.245453 0.943575 0.214212 0.904889 0.286223
0 0.291706 0.0434425 0.386025 0.0415509 0.385145 -0.00236186 0.290825 -0.000470207
0 0.140485 0.119809 0.175051 0.0619171 0.0902627 0.0112925 0.0556968 0.0691849
0 0.644869 0.552782 0.684575 0.501485 0.606404 0.440977 0.566698 0.492274
0 0.636105 0.694084 0.68756 0.629283 0.639706 0.591285 0.588251 0.656086
0 0.377048 1.00647 0.45825 0.999199 0.454212 0.954085 0.373011 0.961352
0 0.583178 0.0458996 0.662969 0.0448522 0.662345 -0.00266628 0.582554 -0.00161884
0 0.0362895 0.140775 0.0507044 0.0630009 -0.0180107 0.050265 -0.0324256 0.128039
0 0.436767 0.0393343 0.509232 0.0383618 0.5086 -0.00872013 0.436135 -0.00774764
0 0.207984 1.00618 0.261801 1.00575 0.261473 0.964626 0.207655 0.965055
0 0.389905 1.00388 0.448275 1.00355 0.448087 0.969826 0.389717 0.970152
0 1.00182 0.559748 1.00221 0.507275 0.971059 0.507044 0.97067 0.559517
0 0.957505 0.836512 1.00104 0.835251 0.998604 0.751193 0.955069 0.752454
0 0.525685 0.972272 0.596312 0.919716 0.570141 0.884546 0.499514 0.937102
0 0.87139 0.0351672 0.87248 -0.00621232 0.813972 -0.00775484 0.812881 0.0336247
0 0.182015 0.0515033 0.206476 -0.00341695 0.146504 -0.0301282 0.122043 0.024792
0 0.971698 0.820635 1.00252 0.820575 1.00239 0.756459 0.971573 0.756519
0 0.843541 0.677964 0.87273 0.623733 0.792484 0.580542 0.763295 0.634773
0 0.903905 0.584546 0.934489 0.534131 0.871622 0.495992 0.841037 0.546407
0 0.919705 0.28403 0.975934 0.209153 0.921507 0.168282 0.865279 0.243158
0 0.870824 0.0674415 0.910882 0.0138666 0.879171 -0.00984395 0.839113 0.043731
0 0.257628 0.873718 0.285113 0.83716 0.215686 0.784965 0.188201 0.821523
0 0.284635 0.387776 0.336123 0.331331 0.290317 0.289548 0.238829 0.345993
