0 0.180142 0.140542 0.199991 0.00453711 0.128343 -0.0140527 0.108494 0.121952
0 0.253733 0.39896 0.257414 0.30328 0.16311 0.296829 0.159428 0.392509
0 0.163648 0.67095 0.191077 0.545658 0.109368 0.513858 0.081939 0.639149
0 0.0742497 0.385105 0.0756465 0.290882 0.000957552 0.288913 -0.000439208 0.383137
0 0.337796 0.407159 0.342045 0.312488 0.249446 0.305099 0.245197 0.39977
0 0.169092 0.391365 0.172417 0.295787 0.0903868 0.290714 0.0870618 0.386292
0 0.0921666 0.629413 0.115168 0.514882 0.0257572 0.482959 0.00275571 0.597491
0 0.674771 0.404958 0.720457 0.327444 0.645256 0.248648 0.59957 0.326162
0 0.354619 1.06504 0.406116 0.980446 0.297047 0.862411 0.24555 0.947006
0 0.269501 0.714243 0.288374 0.593514 0.177222 0.562623 0.158349 0.683352
0 0.929396 0.183105 0.989826 0.0913724 0.880249 -0.036958 0.819819 0.0547744
0 0.803583 0.532989 0.840245 0.463346 0.767879 0.395621 0.731217 0.465264
0 0.697206 0.745154 0.731848 0.643453 0.655938 0.597486 0.621297 0.699187
0 0.433434 0.138254 0.481851 0.0568242 0.408915 -0.0202727 0.360498 0.0611572
0 0.0650655 0.801151 0.0908873 0.700998 0.00884942 0.663396 -0.0169723 0.763549
0 0.155591 0.84457 0.180972 0.746606 0.136553 0.726146 0.111172 0.824111
0 0.944704 0.490026 0.995878 0.412728 0.955349 0.365028 0.904176 0.442326
0 0.704351 0.208644 0.74223 0.110448 0.671716 0.0620916 0.633837 0.160287
0 0.0824472 0.049002 0.0831865 -0.000233312 0.00599964 -0.00229362 0.00526039 0.0469417
0 0.62108 0.338031 0.659863 0.245471 0.564467 0.174411 0.525684 0.26697
0 0.750315 0.627195 0.789794 0.561904 0.71902 0.485827 0.679542 0.551119
0 0.74384 0.449447 0.77704 0.383299 0.707133 0.320922 0.673933 0.38707
0 0.423694 0.421836 0.434835 0.32689 0.359934 0.311266 0.348794 0.406212
0 0.259607 0.956466 0.300836 0.868266 0.200498 0.784883 0.159269 0.873084
0 0.859105 0.583255 0.884234 0.515872 0.819666 0.473064 0.794537 0.540447
0 0.619923 0.0927825 0.644343 -0.0108895 0.536682 -0.0559724 0.512263 0.0476996
0 0.851643 0.389864 0.895534 0.310079 0.821632 0.237803 0.777741 0.317587
0 0.371767 0.193259 0.409065 0.129951 0.33615 0.0535815 0.298852 0.116889
0 0.485206 0.94033 0.522416 0.850711 0.413825 0.770557 0.376615 0.860176
0 0.434909 0.265517 0.474718 0.191602 0.396203 0.116428 0.356394 0.190343
0 0.918644 0.457969 0.956493 0.364311 0.877729 0.307723 0.839879 0.401381
0 0.93289 1.0073 0.96815 0.910401 0.89197 0.861116 0.856709 0.95801
0 0.483839 0.974964 0.558843 0.917728 0.531412 0.853821 0.456407 0.911057
0 0.755385 0.805191 0.796827 0.719478 0.721256 0.654521 0.679814 0.740234
0 0.786716 0.322214 0.829863 0.254147 0.758371 0.17358 0.715223 0.241648
0 0.639367 0.656277 0.680803 0.590037 0.610606 0.511972 0.56917 0.578211
0 0.57973 0.591542 0.618939 0.523641 0.546216 0.448985 0.507007 0.516885
0 0.963829 0.873657 1.01119 0.777642 0.937168 0.712725 0.889804 0.80874
0 0.110465 0.135954 0.110985 0.0468013 0.000144108 0.0456517 -0.000376015 0.134804
0 0.315247 0.125918 0.352854 0.0486531 0.269745 -0.023261 0.232138 0.0540039
0 0.337849 0.277994 0.364666 0.173133 0.225711 0.109959 0.198895 0.21482
0 0.574284 1.04242 0.637685 0.972158 0.604505 0.91893 0.541104 0.98919
0 0.0226541 0.59073 0.026935 0.493832 -0.00397817 0.491404 -0.0082591 0.588302
0 0.178048 0.860521 0.210747 0.777723 0.182457 0.757861 0.149758 0.840659
0 0.018521 1.006 0.091493 0.885149 0.0302744 0.819433 -0.0426976 0.940284
0 0.86945 0.931666 0.917857 0.863573 0.845868 0.772593 0.797461 0.840685
0 0.992474 0.255112 1.04743 0.15551 0.964021 0.073696 0.909066 0.173299
0 0.820999 0.689202 0.848356 0.601359 0.767509 0.556598 0.740152 0.644441
0 0.923605 0.671523 0.965651 0.591603 0.897164 0.527548 0.855118 0.607467
0 0.63884 0.490355 0.671453 0.422233 0.591359 0.354064 0.558746 0.422186
0 1.00709 0.557533 1.00771 0.436891 0.949043 0.436359 0.948428 0.557001
0 0.619665 0.934411 0.690802 0.838331 0.647915 0.781881 0.576778 0.877961
0 0.882362 0.760102 0.914821 0.664892 0.833061 0.61534 0.800602 0.71055
0 0.130007 0.793723 0.140332 0.711657 0.076788 0.697444 0.0664629 0.77951
0 0.892564 0.627565 0.923165 0.555133 0.883158 0.525084 0.852557 0.597516
0 0.146963 0.198005 0.150248 0.124856 0.00259999 0.11307 -0.000684372 0.18622
0 0.779949 0.159884 0.818912 0.0936873 0.738853 0.00991224 0.699889 0.0761085
0 1.00873 0.903636 1.02272 0.807952 0.967264 0.793538 0.953274 0.889222
0 0.99252 0.382063 1.01032 0.309754 0.950182 0.283432 0.93238 0.355741
0 0.5731 0.421233 0.614013 0.353206 0.538643 0.272622 0.49773 0.340649
0 0.528773 1.01991 0.582641 0.948152 0.549145 0.903449 0.495278 0.975206
0 0.520035 0.523623 0.555891 0.452263 0.485775 0.389632 0.44992 0.460992
0 0.986808 1.04358 1.01192 0.951221 0.943924 0.918349 0.918809 1.01071
0 0.944748 0.335168 0.97398 0.267311 0.916821 0.223536 0.887589 0.291393
0 0.498611 0.35087 0.561565 0.285964 0.535632 0.241247 0.472678 0.306153
0 0.498166 0.175494 0.536611 0.124143 0.477084 0.0449139 0.438639 0.0962649
0 0.873628 0.225058 0.881839 0.153221 0.824267 0.141522 0.816057 0.21336
0 0.399254 0.864103 0.436157 0.768769 0.33666 0.700297 0.299756 0.795631
0 0.458642 0.455729 0.489908 0.375337 0.437204 0.338897 0.405938 0.419289
0 0.374716 0.0679892 0.410969 -0.00780981 0.36542 -0.0465379 0.329168 0.0292611
0 0.770427 0.0655941 0.885731 0.0640714 0.885195 -0.00812663 0.769891 -0.00660393
0 0.908331 0.284776 0.925113 0.212882 0.867676 0.189047 0.850894 0.260941
0 0.373859 1.00383 0.418405 1.0022 0.417812 0.973472 0.373266 0.975105
0 0.610916 1.00826 0.686094 1.00704 0.685561 0.949006 0.610383 0.950233
0 0.955674 0.20836 1.00867 0.129483 0.970401 0.0837699 0.917403 0.162647
0 0.119664 1.03634 0.135969 0.951419 0.0699607 0.928887 0.0536549 1.01381
0 0.170104 1.0072 0.187807 0.941797 0.144083 0.920759 0.126381 0.986165
0 0.114318 0.84581 0.131227 0.766747 0.0641556 0.741246 0.0472467 0.820309
0 0.203421 0.0173863 0.203868 -0.00195323 0.134435 -0.00480063 0.133989 0.0145389
0 0.623258 0.0294864 0.666585 0.0265153 0.66536 -0.00525398 0.622033 -0.00228287
0 0.286378 1.00364 0.286476 0.95026 0.238176 0.950102 0.238078 1.00348
0 1.00847 0.788166 1.02119 0.683955 0.958667 0.670395 0.945953 0.774606
0 0.783977 0.851202 0.837773 0.773922 0.791971 0.71724 0.738175 0.79452
