0 0.304345 0.992307 0.386346 0.889818 0.341787 0.826438 0.259787 0.928928
0 0.266888 0.926704 0.330825 0.831962 0.29054 0.783631 0.226603 0.878373
0 0.217056 0.879979 0.296548 0.790062 0.252525 0.720872 0.173033 0.81079
0 0.115397 0.782347 0.198829 0.698047 0.166044 0.640362 0.0826118 0.724662
0 0.104886 0.734483 0.161243 0.64877 0.0568987 0.526803 0.000541823 0.612517
0 0.0858737 0.0761641 0.0907426 -0.000841863 0.00635566 -0.0103273 0.00148679 0.0666786
0 0.902041 0.595079 0.932194 0.494894 0.838228 0.444618 0.808076 0.544803
0 0.355151 1.01339 0.422778 0.936906 0.388549 0.883099 0.320921 0.959582
0 0.858662 0.864774 0.888153 0.782251 0.813394 0.734754 0.783902 0.817277
0 0.915161 0.416334 0.969333 0.325861 0.849791 0.198615 0.79562 0.289089
0 0.606848 1.01356 0.693289 0.928027 0.644929 0.841142 0.558488 0.926675
0 0.553736 0.951979 0.61598 0.867267 0.566719 0.802919 0.504474 0.887632
0 0.687431 0.670759 0.716775 0.573444 0.637727 0.531068 0.608382 0.628383
0 0.553238 0.199773 0.590269 0.130874 0.518029 0.0618481 0.480998 0.130747
0 0.447403 0.411641 0.481448 0.309872 0.405641 0.264787 0.371596 0.366556
0 0.743602 0.735287 0.778431 0.66239 0.701072 0.596682 0.666243 0.669579
0 0.787825 1.03814 0.895027 0.928878 0.841829 0.836089 0.734628 0.945353
0 0.431268 0.852882 0.529141 0.740243 0.464765 0.640798 0.366891 0.753437
0 0.804655 0.146599 0.838533 0.0750576 0.769344 0.0168127 0.735467 0.088354
0 0.796347 0.810222 0.839105 0.726988 0.766773 0.66093 0.724015 0.744164
0 0.767648 0.223785 0.784449 0.130147 0.721129 0.109949 0.704327 0.203587
0 0.500214 0.295746 0.540109 0.231491 0.471267 0.155504 0.431372 0.219758
0 0.362159 0.764774 0.437183 0.69175 0.400764 0.625231 0.32574 0.698255
0 0.174466 0.823517 0.230011 0.751468 0.187619 0.693368 0.132074 0.765417
0 0.720639 0.536417 0.757381 0.440442 0.678031 0.386438 0.641289 0.482413
0 0.694732 0.155493 0.745007 0.0770331 0.704956 0.0314091 0.654681 0.109869
0 0.614385 0.246242 0.636364 0.177813 0.569198 0.139461 0.547219 0.20789
0 0.489824 0.119281 0.527698 0.0569627 0.460527 -0.0156116 0.422653 0.0467066
0 0.770423 0.444948 0.804185 0.374762 0.729369 0.310779 0.695606 0.380964
0 0.780166 0.609345 0.824584 0.529601 0.745097 0.45089 0.700679 0.530633
0 0.235526 0.642412 0.307793 0.582457 0.278758 0.52024 0.206491 0.580195
0 0.98681 1.03982 1.01461 0.937331 0.944375 0.903465 0.916576 1.00595
0 0.67061 0.122938 0.709422 0.0232248 0.631071 -0.0309912 0.59226 0.0687221
0 0.642291 1.05188 0.723083 0.992119 0.692502 0.918621 0.61171 0.978382
0 0.177052 0.0865102 0.184523 -0.00427366 0.103789 -0.0160842 0.0963188 0.0746996
0 0.317821 0.720802 0.388269 0.635553 0.353932 0.585108 0.283484 0.670358
0 0.505682 0.47132 0.546317 0.385592 0.470606 0.321795 0.429972 0.407523
0 0.960567 0.471699 1.01872 0.367344 0.949561 0.298828 0.891407 0.403182
0 0.233973 0.609221 0.273823 0.520208 0.165727 0.434177 0.125877 0.52319
0 0.619067 0.597474 0.665963 0.532651 0.595716 0.442304 0.54882 0.507127
0 0.389494 0.323462 0.431787 0.256352 0.361013 0.177058 0.31872 0.244168
0 0.632597 0.426173 0.664197 0.331092 0.582534 0.282842 0.550934 0.377923
0 0.572598 0.354937 0.597871 0.266073 0.516042 0.2247 0.490769 0.313564
0 0.944362 0.655541 0.982909 0.581983 0.911634 0.515581 0.873087 0.589139
0 0.674171 0.338778 0.716984 0.259237 0.643749 0.189159 0.600936 0.2687
0 0.329903 0.25834 0.369471 0.18932 0.296346 0.114793 0.256778 0.183813
0 0.448961 1.05011 0.480027 0.963204 0.41063 0.919103 0.379563 1.00601
0 0.820781 0.525665 0.864369 0.439162 0.796231 0.378124 0.752643 0.464626
0 0.821672 0.66954 0.866635 0.601686 0.804192 0.528127 0.759229 0.595981
0 0.278588 0.686563 0.332035 0.616902 0.299275 0.572218 0.245828 0.641879
0 0.971911 0.80753 1.00694 0.716925 0.916315 0.654646 0.881289 0.745251
0 0.886368 0.927366 0.938413 0.838211 0.88989 0.787855 0.837845 0.87701
0 0.652106 0.303303 0.683259 0.230595 0.633157 0.19243 0.602003 0.265139
0 0.34189 0.0822812 0.364903 -0.0068458 0.27404 -0.0485562 0.251026 0.0405708
0 0.3885 0.159637 0.423519 0.0890363 0.341411 0.0166338 0.306392 0.0872345
0 0.368175 0.598304 0.440497 0.505757 0.399967 0.44945 0.327645 0.541997
0 0.841989 1.00113 0.890796 0.916552 0.822777 0.846774 0.773969 0.931356
0 0.962184 0.808034 1.00834 0.724971 0.960883 0.678088 0.914726 0.761151
0 0.893996 0.736815 0.933982 0.668773 0.856627 0.587957 0.816641 0.656
0 0.541545 0.0581855 0.636074 0.0556634 0.635192 -0.00317279 0.540662 -0.000650638
0 1.00185 0.682584 1.0182 0.602596 0.962511 0.582355 0.946159 0.662344
0 0.0281639 0.620128 0.048999 0.519443 -0.0041995 0.499872 -0.0250346 0.600557
0 0.212663 0.122554 0.241523 0.0387195 0.18496 0.00410381 0.156101 0.0879379
0 0.949967 0.180548 1.03401 0.0635673 0.948717 -0.045376 0.864672 0.0716046
0 0.833932 0.0604962 0.91383 0.0592994 0.913302 -0.00336298 0.833404 -0.00216623
0 1.0062 0.471344 1.00889 0.3803 0.965261 0.378001 0.962563 0.469046
0 0.68681 0.0524238 0.759051 0.0510797 0.758394 -0.011741 0.686152 -0.0103969
0 0.272112 0.1895 0.307325 0.115369 0.235348 0.0545876 0.200136 0.128718
0 0.947166 1.00498 0.94723 0.971265 0.907009 0.97113 0.906946 1.00484
0 0.956224 0.210292 1.00221 0.208813 1.00058 0.118485 0.954589 0.119964
0 0.159167 0.527926 0.191712 0.433939 0.0859484 0.368832 0.0534032 0.462819
0 0.124031 0.0782796 0.128107 0.000929224 0.0856773 -0.00304537 0.0816016 0.074305
0 0.430146 0.0690607 0.458192 -0.00320823 0.400726 -0.0428562 0.372679 0.0294128
0 1.00433 0.728456 1.00669 0.666001 0.970489 0.663572 0.968131 0.726026
0 -0.00158403 0.376399 0.0526263 0.37591 0.05196 0.244487 -0.00225039 0.244976
0 0.705612 1.00612 0.754593 1.00539 0.754274 0.967286 0.705293 0.968016
0 0.27933 1.01266 0.282467 0.950616 0.235293 0.946376 0.232157 1.00842
0 0.534447 0.517238 0.58647 0.441529 0.540698 0.385614 0.488675 0.461323
0 0.305745 1.01051 0.307026 0.969941 0.26595 0.967635 0.264669 1.00821
0 0.831792 1.01013 0.832273 0.967477 0.783346 0.966495 0.782865 1.00915
