0 0.460193 0.480361 0.462512 0.346314 0.30565 0.344788 0.303331 0.478835
0 0.263712 0.620471 0.45187 0.593692 0.427558 0.497603 0.2394 0.524382
0 0.432827 0.607745 0.575985 0.564378 0.505093 0.43274 0.361935 0.476107
0 0.23585 0.364674 0.374985 0.362895 0.372151 0.238273 0.233016 0.240053
0 0.258635 0.635193 0.285885 0.553557 0.177681 0.53324 0.15043 0.614876
0 0.0460871 0.668425 0.146982 0.632517 0.093749 0.548379 -0.00714615 0.584286
0 0.183576 0.239949 0.296121 0.189995 0.153291 0.00898759 0.0407458 0.0589422
0 -0.00330769 0.655712 0.0269294 0.65548 0.0259052 0.580446 -0.0043319 0.580678
0 -0.00405269 0.438803 0.132269 0.434091 0.120252 0.238553 -0.0160694 0.243265
0 0.0514267 0.467827 0.19463 0.361761 0.0153236 0.225587 -0.127879 0.331652
0 0.0228576 0.658968 0.284875 0.625907 0.264637 0.535687 0.00261976 0.568748
0 0.074856 0.672947 0.239935 0.563957 0.160969 0.496679 -0.0041103 0.605669
0 -0.00300964 0.176947 0.0362061 0.176772 0.0356771 0.11014 -0.00353855 0.110315
0 0.0336169 0.058088 0.15558 0.0284938 0.130406 -0.0298635 0.00844294 -0.000269319
