0 0.178014 0.355024 0.20246 0.255792 0.131459 0.238301 0.107013 0.337532
0 0.253833 0.549161 0.257465 0.477535 0.162881 0.472738 0.159248 0.544365
0 0.163651 0.753216 0.191093 0.659211 0.109374 0.635356 0.0819323 0.729361
0 0.217597 0.216912 0.239211 0.121201 0.169646 0.105491 0.148032 0.201202
0 0.33783 0.555347 0.342067 0.484437 0.249416 0.478901 0.245178 0.549811
0 0.0742514 0.538822 0.0756103 0.468142 0.000900254 0.466706 -0.000458636 0.537385
0 0.606441 0.321816 0.647431 0.250839 0.554949 0.197429 0.513959 0.268406
0 0.205908 0.262355 0.217752 0.207594 0.14164 0.191132 0.129796 0.245893
0 0.169231 0.543408 0.172458 0.471737 0.0904972 0.468046 0.0872696 0.539717
0 0.198513 0.0726036 0.259009 0.0720255 0.258335 0.0014738 0.197839 0.00205189
0 0.812205 0.299163 0.895382 0.244599 0.854744 0.18265 0.771567 0.237214
0 0.818204 0.112795 0.831755 0.0416323 0.708659 0.018192 0.695108 0.0893547
0 0.0921703 0.722047 0.115135 0.636153 0.0257501 0.612255 0.0027858 0.698149
0 0.928999 0.386026 0.987001 0.319925 0.878792 0.224975 0.82079 0.291077
0 0.31164 0.263719 0.357617 0.165713 0.297791 0.137648 0.251814 0.235653
0 0.674869 0.553692 0.720437 0.495398 0.645133 0.436533 0.599564 0.494827
0 0.354614 1.04878 0.406113 0.98534 0.297052 0.89681 0.245554 0.960251
0 0.269512 0.785681 0.288378 0.695109 0.177211 0.671953 0.158345 0.762526
0 0.0816654 0.285712 0.0834197 0.154067 0.00352522 0.153002 0.00177101 0.284647
0 0.438283 0.352924 0.483715 0.286677 0.406484 0.233712 0.361052 0.299958
0 0.803599 0.649702 0.840227 0.597459 0.767864 0.546726 0.731236 0.598969
0 0.660013 0.274659 0.70217 0.220727 0.628294 0.162981 0.586138 0.216913
0 0.697212 0.808862 0.731845 0.732587 0.655929 0.698118 0.621297 0.774392
0 0.0650676 0.850864 0.0908875 0.77575 0.00884629 0.747549 -0.0169736 0.822663
0 0.155592 0.883427 0.180972 0.809954 0.136553 0.79461 0.111173 0.868084
0 0.712085 0.0794919 0.728902 0.0213156 0.584232 -0.020504 0.567415 0.0376723
0 0.944723 0.617529 0.995835 0.559526 0.955285 0.523793 0.904173 0.581796
0 0.892432 0.237374 0.932718 0.207041 0.889169 0.149204 0.848883 0.179536
0 0.702878 0.406874 0.743191 0.334787 0.673271 0.295685 0.632958 0.367772
0 0.750306 0.7204 0.789796 0.671444 0.719034 0.614364 0.679544 0.66332
0 0.620872 0.503716 0.660127 0.434292 0.564733 0.380352 0.525477 0.449776
0 0.744246 0.587012 0.77705 0.537057 0.706802 0.490927 0.673998 0.540882
0 0.423553 0.566438 0.434872 0.495223 0.360381 0.483383 0.349062 0.554599
0 0.533576 0.266511 0.58222 0.198434 0.502588 0.141535 0.453944 0.209612
0 0.59953 0.217257 0.632431 0.174013 0.563843 0.12183 0.530942 0.165073
0 0.259604 0.96735 0.300834 0.901201 0.2005 0.838664 0.15927 0.904813
0 0.859094 0.687436 0.884238 0.636912 0.819689 0.604789 0.794546 0.655313
0 0.851574 0.542411 0.895473 0.482915 0.821763 0.428528 0.777863 0.488025
0 0.485205 0.955251 0.522418 0.888038 0.413828 0.827916 0.376615 0.895129
0 0.932886 1.00547 0.968155 0.932802 0.891977 0.89583 0.856708 0.968501
0 0.434689 0.448928 0.474556 0.393406 0.396224 0.337162 0.356358 0.392683
0 0.483838 0.981221 0.558846 0.938296 0.531417 0.890364 0.456408 0.933289
0 0.918354 0.593602 0.95649 0.523447 0.877938 0.480746 0.839802 0.550901
0 0.755393 0.853891 0.796825 0.7896 0.721245 0.740893 0.679814 0.805184
0 0.786126 0.491467 0.829519 0.441651 0.759202 0.380401 0.715809 0.430218
0 0.372396 0.395023 0.409377 0.346999 0.335611 0.290195 0.29863 0.338219
0 0.639366 0.7422 0.680791 0.69254 0.610601 0.63399 0.569176 0.68365
0 0.579698 0.693633 0.618913 0.642785 0.546252 0.586747 0.507037 0.637596
0 0.963832 0.905243 1.01119 0.83323 0.937165 0.784543 0.889804 0.856556
0 0.337636 0.459428 0.364991 0.381664 0.225788 0.332696 0.198433 0.410461
0 0.313797 0.344333 0.351941 0.288802 0.269947 0.232481 0.231803 0.288012
0 0.373744 0.305023 0.426202 0.240696 0.348483 0.177316 0.296025 0.241643
0 0.574283 1.03181 0.637686 0.97912 0.604507 0.939198 0.541104 0.991891
0 0.0226371 0.693031 0.0269477 0.620373 -0.00397255 0.618539 -0.00828311 0.691196
0 0.178048 0.895391 0.210746 0.833291 0.182456 0.818395 0.149758 0.880495
0 0.847785 0.0973674 0.894815 0.0590389 0.841217 -0.00672632 0.794187 0.0316022
0 0.997041 0.44013 1.04754 0.363809 0.960873 0.306472 0.910378 0.382792
0 0.475551 0.213327 0.521371 0.145243 0.43913 0.0898952 0.39331 0.157979
0 0.0185144 1.0045 0.0914825 0.913864 0.0302725 0.864585 -0.0426956 0.955218
0 0.86945 0.948752 0.917858 0.897689 0.84587 0.829444 0.797462 0.880507
0 0.820989 0.766909 0.84836 0.701033 0.76752 0.667445 0.740149 0.73332
0 0.923599 0.753644 0.965654 0.693716 0.89717 0.645657 0.855116 0.705584
0 0.155846 0.39994 0.159541 0.344685 0.00214461 0.334161 -0.00155003 0.389416
0 0.638964 0.617692 0.671466 0.566451 0.591292 0.515597 0.55879 0.566838
0 1.00712 0.668177 1.0078 0.577699 0.949131 0.577262 0.948457 0.66774
0 0.619664 0.950807 0.6908 0.878746 0.647914 0.83641 0.576777 0.908471
0 0.882359 0.82008 0.914822 0.748672 0.833064 0.711503 0.800601 0.782911
0 0.111189 0.350502 0.112075 0.287285 0.00145121 0.285736 0.000565511 0.348952
0 0.578444 0.0300739 0.580339 -0.00406867 0.518998 -0.00747205 0.517104 0.0266705
0 0.5732 0.565966 0.614149 0.514793 0.538679 0.454402 0.497731 0.505575
0 0.130008 0.84529 0.14033 0.783738 0.0767812 0.773081 0.0664589 0.834633
0 0.892563 0.720667 0.923159 0.666348 0.883159 0.643817 0.852563 0.698136
0 1.00873 0.927726 1.02272 0.855961 0.967266 0.845149 0.953274 0.916914
0 0.519893 0.642731 0.555845 0.589366 0.485915 0.542254 0.449963 0.595618
0 0.992545 0.536597 1.01039 0.482475 0.950186 0.462626 0.932342 0.516748
0 0.528773 1.01493 0.582642 0.961113 0.549145 0.927586 0.495277 0.981405
0 0.49838 0.513142 0.561484 0.46437 0.535645 0.430937 0.47254 0.479709
0 0.986807 1.03269 1.01193 0.963414 0.943927 0.938758 0.918808 1.00804
0 1.01223 0.170592 1.02811 0.0947314 0.960637 0.0806145 0.944764 0.156475
0 0.523119 0.0187917 0.524445 -0.00047984 0.476973 -0.003746 0.475647 0.0155255
0 0.943176 0.501946 0.974488 0.452198 0.918329 0.416851 0.887017 0.466599
0 0.893674 0.0871195 0.955055 0.00146632 0.888963 -0.0458971 0.827582 0.039756
0 0.499862 0.380546 0.537124 0.342033 0.476213 0.283098 0.43895 0.321611
0 0.399242 0.898081 0.436156 0.826589 0.336665 0.77522 0.299752 0.846712
0 0.779743 0.369788 0.818206 0.321592 0.740601 0.259659 0.702138 0.307854
0 0.871228 0.420557 0.883693 0.367137 0.826761 0.353852 0.814295 0.407271
0 0.458491 0.591796 0.489857 0.531537 0.437328 0.504195 0.405962 0.564453
0 0.439442 0.157925 0.46792 0.0823133 0.320467 0.026778 0.291989 0.10239
0 1.0025 0.240087 1.00282 0.17026 0.969267 0.170105 0.968943 0.239931
0 0.076873 0.192636 0.0778401 0.123482 0.00604201 0.122478 0.00507486 0.191632
0 0.373859 1.00287 0.418401 1.00165 0.417809 0.980106 0.373267 0.98133
0 0.610916 1.0062 0.686093 1.00528 0.68556 0.961753 0.610383 0.962674
0 0.901334 0.468213 0.928959 0.414481 0.876901 0.387717 0.849276 0.441449
0 0.119644 1.02726 0.13596 0.963569 0.0699689 0.946663 0.0536528 1.01035
0 0.170104 1.0054 0.187805 0.956348 0.144083 0.94057 0.126381 0.989624
0 0.114317 0.884357 0.131224 0.825059 0.0641542 0.805936 0.047247 0.865233
0 0.95656 0.405118 1.00746 0.346473 0.969304 0.313359 0.918406 0.372004
0 0.439534 0.0396327 0.443223 -0.00366892 0.323801 -0.0138445 0.320111 0.029457
0 0.115963 0.0633053 0.116266 -0.00303517 0.043515 -0.00336688 0.0432125 0.0629736
0 0.286378 1.00273 0.286475 0.962693 0.238175 0.962575 0.238077 1.00261
0 1.00847 0.84112 1.02119 0.762965 0.958669 0.752796 0.945956 0.830951
0 0.523942 0.0503259 0.527958 0.00242021 0.474036 -0.00209964 0.47002 0.0458061
0 0.174569 0.0116031 0.20755 0.0108428 0.207247 -0.00232089 0.174266 -0.00156053
0 0.807443 0.02548 0.808822 -0.00191571 0.72548 -0.00610864 0.724101 0.0212871
0 0.783974 0.8884 0.837773 0.83044 0.791975 0.787929 0.738176 0.845889
