0 0.468343 0.674009 0.476657 0.601376 0.338977 0.585617 0.330664 0.65825
0 0.158971 0.577029 0.162745 0.479362 0.0507541 0.475034 0.0469798 0.572701
0 0.575276 0.816272 0.693083 0.784405 0.672406 0.707964 0.554599 0.739831
0 0.976765 0.824185 0.977719 0.747789 0.890726 0.746703 0.889772 0.823099
0 0.604477 0.956402 0.738367 0.91645 0.712139 0.828553 0.578249 0.868505
0 0.770545 0.767086 0.775889 0.681852 0.690183 0.676478 0.684839 0.761712
0 0.257572 0.641008 0.265241 0.489412 0.152974 0.483733 0.145305 0.635328
0 0.673177 0.0662848 0.673899 -0.00246739 0.587636 -0.00337331 0.586914 0.0653789
0 0.784324 0.620869 0.795187 0.561592 0.716469 0.547167 0.705607 0.606444
0 0.21146 0.951191 0.292066 0.919447 0.249382 0.811062 0.168776 0.842806
0 0.370807 0.388176 0.389412 0.240281 0.191888 0.215433 0.173284 0.363327
0 0.734654 0.912382 0.788208 0.894873 0.757433 0.800745 0.70388 0.818254
0 0.441373 0.881828 0.449462 0.782912 0.346718 0.77451 0.338629 0.873426
0 0.536775 0.32926 0.562705 0.0163462 0.42448 0.00489219 0.39855 0.317806
0 0.522836 0.842727 0.599359 0.809221 0.55851 0.715926 0.481987 0.749432
0 0.83209 0.724579 0.919204 0.687726 0.893403 0.626737 0.80629 0.66359
0 0.517922 0.56826 0.520333 0.40749 0.384931 0.40546 0.38252 0.566229
0 0.62381 0.99531 0.706325 0.983483 0.698878 0.931533 0.616363 0.943361
0 0.0558321 0.566131 0.0582535 0.471113 0.00251156 0.469693 9.01992e-05 0.56471
0 0.4428 1.01338 0.547445 1.01279 0.546906 0.916084 0.442261 0.916668
0 0.908101 0.696476 1.00144 0.66018 0.97669 0.596549 0.883356 0.632846
0 0.343986 0.641966 0.350724 0.576902 0.257063 0.567201 0.250324 0.632266
0 0.447829 0.865919 0.521834 0.842677 0.487608 0.733702 0.413604 0.756944
0 0.555499 0.689026 0.567474 0.625836 0.488221 0.610817 0.476246 0.674007
0 0.949696 0.907752 1.01892 0.875577 0.994285 0.822564 0.925057 0.854739
0 0.370051 0.25476 0.371255 0.20931 0.22349 0.205398 0.222286 0.250848
0 0.285105 1.02945 0.392679 1.00176 0.378842 0.947999 0.271268 0.975687
0 0.261613 0.908745 0.356252 0.907439 0.354875 0.807695 0.260237 0.809001
0 0.160753 0.941695 0.205801 0.926598 0.178537 0.845246 0.133489 0.860343
0 0.0260178 0.996033 0.161762 0.995172 0.160972 0.870625 0.0252275 0.871486
0 0.638531 0.705863 0.649495 0.642997 0.529531 0.622073 0.518566 0.68494
0 0.762589 1.00674 0.82347 1.00634 0.823169 0.960681 0.762288 0.961082
0 0.584305 0.563636 0.593456 0.501759 0.515556 0.490237 0.506404 0.552114
0 0.660521 0.581628 0.673141 0.521784 0.586578 0.50353 0.573958 0.563374
0 0.6849 0.717963 0.694625 0.658438 0.629766 0.647842 0.620042 0.707367
0 0.0473516 0.996743 0.0492273 0.906687 -0.00513834 0.905555 -0.00701409 0.99561
0 0.374007 0.431753 0.374675 0.360169 0.299251 0.359466 0.298583 0.431049
0 0.0681353 0.271764 0.0952766 0.00108939 -0.00199744 -0.00866458 -0.0291387 0.26201
0 0.97695 0.656726 1.01829 0.639552 0.992869 0.57835 0.951527 0.595523
0 0.715236 0.603005 0.733406 0.542419 0.639918 0.514381 0.621747 0.574967
0 0.975016 0.797598 1.02541 0.780793 1.00619 0.723148 0.955793 0.739954
0 0.37377 1.01069 0.45491 1.00888 0.45323 0.933666 0.37209 0.935479
0 0.942872 0.914262 0.945517 0.857681 0.885842 0.854892 0.883197 0.911473
0 0.0530873 0.859417 0.132533 0.830408 0.103432 0.750711 0.0239862 0.779721
0 0.772261 0.860989 0.819693 0.847192 0.799029 0.776149 0.751596 0.789946
0 0.890106 0.931764 0.894299 0.876751 0.838846 0.872524 0.834653 0.927537
0 0.182773 0.867414 0.285021 0.764022 0.200776 0.68071 0.0985282 0.784102
0 0.612847 0.286484 0.629501 0.165552 0.575229 0.158077 0.558574 0.27901
0 0.924763 1.00547 0.989341 1.00402 0.988144 0.950581 0.923566 0.952027
0 0.942064 1.02005 0.942752 0.923908 0.817727 0.923014 0.817039 1.01916
0 0.884878 0.255034 1.03601 0.249745 1.02715 -0.00356107 0.876014 0.00172751
0 0.635541 1.01353 0.724886 0.996886 0.719222 0.966485 0.629876 0.983131
0 0.979724 0.587254 1.00254 0.586559 1.00102 0.536959 0.978212 0.537654
0 0.829492 1.01506 0.877506 0.995068 0.85203 0.933895 0.804016 0.953891
0 0.536282 0.325512 0.547649 0.261759 0.42342 0.23961 0.412053 0.303362
0 0.120326 0.851573 0.163335 0.844438 0.149455 0.760774 0.106447 0.767909
0 0.0510383 0.977549 0.11764 0.933506 0.07481 0.868739 0.00820838 0.912783
0 0.21661 0.69426 0.216861 0.61463 0.149724 0.614418 0.149473 0.694048
