0 0.405792 0.994223 0.515122 0.917375 0.455714 0.869834 0.346385 0.946681
0 0.355847 0.945034 0.441106 0.873973 0.387393 0.837723 0.302134 0.908784
0 0.289413 0.909981 0.395387 0.84255 0.33669 0.790661 0.230716 0.858092
0 0.117905 0.305086 0.123066 0.233969 0.00123477 0.228995 -0.00392609 0.300113
0 0.153865 0.836761 0.265104 0.773534 0.221388 0.73027 0.110148 0.793497
0 0.139854 0.800863 0.214988 0.736576 0.0758487 0.645106 0.000715221 0.709393
0 0.473543 1.01004 0.56371 0.9527 0.51807 0.912331 0.427903 0.969673
0 0.808339 1.01048 0.925065 0.945775 0.861397 0.881165 0.744671 0.945866
0 0.566359 0.303722 0.627279 0.245582 0.527013 0.186485 0.466093 0.244624
0 0.738105 0.964094 0.821598 0.900574 0.756196 0.852218 0.672703 0.915738
0 0.905858 0.137326 0.98643 0.0685278 0.84033 -0.0277172 0.759758 0.0410812
0 0.596071 0.558899 0.642343 0.482612 0.541455 0.448191 0.495183 0.524478
0 0.244806 0.103508 0.309287 0.0420403 0.211647 -0.0155755 0.147166 0.0458918
0 0.738236 0.399723 0.787002 0.34743 0.690389 0.296751 0.641623 0.349044
0 0.574776 0.889688 0.705658 0.805143 0.619963 0.73052 0.489081 0.815064
0 0.914955 0.753459 0.955577 0.680712 0.851245 0.647941 0.810623 0.720688
0 0.979485 0.806666 1.0404 0.75423 0.943857 0.691147 0.882944 0.743583
0 0.926264 0.367514 0.994497 0.309544 0.940468 0.273772 0.872235 0.331743
0 0.605792 0.156491 0.656328 0.0828462 0.562299 0.046551 0.511762 0.120196
0 0.482826 0.823557 0.583023 0.768797 0.534521 0.718877 0.434324 0.773637
0 0.232621 0.867638 0.306682 0.813601 0.250161 0.770026 0.176099 0.824063
0 0.494883 0.253458 0.546497 0.184067 0.4192 0.130806 0.367586 0.200197
0 0.667098 0.470441 0.71985 0.421417 0.625453 0.364282 0.572702 0.413305
0 0.658473 0.337095 0.702734 0.28746 0.609491 0.240689 0.56523 0.290325
0 0.231737 0.316329 0.246776 0.245431 0.148059 0.233652 0.13302 0.30455
0 0.238076 0.202426 0.298716 0.149108 0.197081 0.0840885 0.136441 0.137407
0 0.812152 0.437381 0.845555 0.386803 0.759484 0.354828 0.726081 0.405407
0 0.802189 0.292401 0.860713 0.232568 0.762178 0.178354 0.703653 0.238187
0 0.313975 0.731793 0.410389 0.686867 0.371743 0.640216 0.27533 0.685142
0 0.161811 0.144653 0.211845 0.0966846 0.114732 0.039706 0.0646978 0.0876742
0 0.858826 1.0403 0.965266 0.993679 0.922453 0.938697 0.816013 0.985319
0 0.493261 0.0696247 0.525933 -0.00828832 0.382176 -0.0421976 0.349504 0.0357154
0 0.423748 0.79061 0.517638 0.726673 0.471849 0.688851 0.377959 0.752788
0 0.952157 0.654951 1.01447 0.583019 0.91545 0.534769 0.853137 0.606701
0 0.891524 0.343473 0.941982 0.273233 0.836968 0.230799 0.78651 0.301038
0 0.312159 0.706891 0.365118 0.640201 0.220718 0.575699 0.167759 0.642389
0 0.673901 0.603726 0.728979 0.539198 0.628339 0.490878 0.573261 0.555405
0 0.71562 0.241659 0.77315 0.190613 0.67783 0.130185 0.6203 0.181231
0 0.519172 0.492262 0.574485 0.442528 0.480845 0.383948 0.425532 0.433683
0 0.439434 0.443908 0.492116 0.392643 0.395034 0.336525 0.342353 0.38779
0 0.826025 0.698559 0.89002 0.648069 0.794607 0.580044 0.730611 0.630534
0 0.599119 1.03748 0.640143 0.972242 0.547251 0.939382 0.506227 1.00462
0 0.989967 0.19133 1.06324 0.116627 0.95203 0.0552703 0.878758 0.129973
0 0.898319 0.503575 0.954228 0.443629 0.862101 0.395297 0.806192 0.455244
0 0.760976 0.51713 0.797991 0.451387 0.690393 0.417311 0.653379 0.483054
0 0.842907 0.570089 0.886205 0.498749 0.777449 0.461621 0.734151 0.532961
0 0.371424 0.764917 0.442712 0.712691 0.39905 0.679167 0.327762 0.731393
0 0.518426 0.367833 0.562057 0.316613 0.455283 0.26545 0.411651 0.31667
0 1.00951 0.418075 1.01045 0.32776 0.9322 0.3273 0.931257 0.417616
0 1.01013 0.678634 1.03251 0.60758 0.95905 0.59457 0.936679 0.665625
0 0.857324 0.471156 0.898136 0.41668 0.844065 0.393894 0.803253 0.448369
0 0.490939 0.698786 0.587497 0.629351 0.53334 0.586988 0.436782 0.656423
0 0.706599 0.119916 0.758553 0.0702633 0.651795 0.0074293 0.599841 0.0570821
0 0.430711 0.316006 0.485518 0.264911 0.385006 0.204265 0.330199 0.25536
0 0.990023 0.28655 1.01376 0.232319 0.933579 0.212573 0.909838 0.266804
0 0.360405 0.392514 0.408002 0.33903 0.314253 0.292101 0.266657 0.345586
0 0.0914208 0.0906412 0.138405 0.0310623 0.0307534 -0.0166913 -0.0162311 0.0428876
0 0.331389 0.263128 0.41538 0.214488 0.380904 0.181 0.296913 0.22964
0 0.984358 0.646282 1.07914 0.52442 0.96074 0.472623 0.865961 0.594486
0 0.926331 0.251375 0.965307 0.200481 0.889092 0.16765 0.850116 0.218543
0 0.831507 0.168792 0.842451 0.114914 0.765687 0.106143 0.754743 0.160021
0 0.32896 0.133113 0.382223 0.0935152 0.302781 0.0334083 0.249518 0.0730059
0 0.0376473 0.715074 0.0652233 0.639543 -0.00574186 0.624969 -0.0333178 0.7005
0 0.280106 0.341421 0.319781 0.280721 0.248361 0.254462 0.208685 0.315162
0 0.965572 0.843514 1.00362 0.843437 1.00343 0.792252 0.965388 0.792329
0 0.693912 0.0491993 0.847654 0.0480571 0.846939 -0.00610173 0.693197 -0.00495954
0 0.211878 0.646055 0.255529 0.576201 0.114825 0.526745 0.0711751 0.596599
0 0.877778 0.213581 0.900149 0.15966 0.823563 0.141787 0.801192 0.195708
0 0.170067 0.0513659 0.212628 -0.0082023 0.146032 -0.0349675 0.103471 0.0246007
0 0.940895 0.156265 1.01156 0.0971096 0.960534 0.062828 0.889873 0.121984
0 0.108789 0.207721 0.155447 0.12632 -0.0133074 0.0719103 -0.0599658 0.153311
0 0.942719 1.00288 0.993686 1.00253 0.993369 0.976013 0.942402 0.976355
0 1.01151 0.591494 1.02964 0.513265 0.945262 0.502269 0.927137 0.580497
0 -0.00193291 0.531736 0.0685045 0.531411 0.0677218 0.435952 -0.00271563 0.436276
0 0.49768 0.022128 0.55549 0.0199018 0.553858 -0.00393526 0.496048 -0.00170912
0 0.174328 0.310286 0.183568 0.244179 0.118336 0.23905 0.109096 0.305157
0 0.37244 1.0095 0.376622 0.962959 0.313717 0.959779 0.309535 1.00632
0 0.40766 1.00789 0.409369 0.977455 0.3546 0.975725 0.35289 1.00616
0 0.711153 0.637672 0.782595 0.579789 0.722737 0.538231 0.651295 0.596114
