0 0.3293424484375 0.37089941406250004 0.26389849137252575 0.3308525205198479 0.21174975337293128 0.41607310740515063 0.2771937104379055 0.45612000094780286
0 0.2857200515625 0.09874316406249997 0.22288695526368998 0.006171475980137453 0.15176822968749998 0.054443359375000014 0.21460132598631007 0.14701504745736252
0 0.60528515625 0.21209765625000002 0.5872919485983414 0.13762975279618822 0.4139351882083261 0.17951684834804657 0.4319283958599847 0.2539847518018584
0 0.4830716140625002 0.8867177734375 0.3437486984375001 0.8867177734375 0.3437486984375001 0.9990234375 0.4830716140625002 0.9990234375
0 0.7598776046875001 0.3623818359375 0.7502258985132262 0.2867566260076825 0.5680800936386742 0.3100030777022604 0.5777317998129482 0.3856282876320779
0 0.41998828125000004 0.4212001953125 0.37655550052086956 0.39277370158209934 0.31191715655121943 0.49153449308012115 0.35534993728034986 0.5199609868105218
0 0.8437148437499999 0.3820009765624999 0.8340649119030615 0.30735475253517863 0.7459934890625 0.318740234375 0.7556434209094383 0.3933864584023213
0 0.8880364578125002 0.6538896484375 0.8122312411882335 0.6141718175652274 0.7583732303450437 0.7169648978834753 0.8341784469693103 0.7566827287557479
0 0.9622630203125002 0.6807158203125002 0.8949506409671354 0.6395876218671305 0.8353772660202526 0.7370882604772729 0.9026896453656175 0.7782164589226428
0 0.78180078125 0.9987353515624997 0.7816976749533693 0.9486743900068495 0.6418239765158693 0.9489624759443496 0.6419270828125 0.9990234374999998
0 0.11093750000000006 0.29042187500000005 0.03822875059761795 0.25776301563697174 2.2204460492503132e-17 0.34287207031250005 0.07270874940238214 0.37553092967552837
0 0.4353411453125 0.225431640625 0.41978928019606077 0.14707509120407533 0.23866794109590983 0.18302326217652243 0.254219806212349 0.2613798115974471
0 0.20002734375000006 0.11835742187500001 0.1776458605239953 0.0479948650352596 0.08576283796550994 0.07722174962433505 0.10814432119151467 0.14758430646407544
0 0.11027343749999999 0.11903320312500006 0.08402285952287625 0.04983786319432544 -0.0019468685338973391 0.0824521267023515 0.024303709443226414 0.1516474666330261
0 0.18356119843750002 0.31764746093750007 0.11693365073760394 0.28020651567753074 0.0694580216035899 0.36469115469360464 0.13608556930348598 0.4021320999535741
0 0.2556510421875 0.34487402343750007 0.1692903313737471 0.3141516832610826 0.1429778640625 0.3881162109375001 0.22933857487625292 0.41883855111391755
0 0.9387669265624998 0.3695888671875 0.9294828573064813 0.28998956578772744 0.8259698614320274 0.30206281022199516 0.8352539306880461 0.3816621116217677
0 0.4717864578125 0.44322167968750004 0.42025669827912404 0.4113982811122977 0.3617825515625 0.5060820312500001 0.41331231109587596 0.5379054298252025
0 0.5246523437499999 0.46003808593750006 0.4718974420645984 0.4288790414394338 0.41563505809350987 0.5241360232498128 0.46838995977891146 0.5552950677478791
0 0.5887317703125001 0.46564355468750007 0.5254079446901351 0.43287464856153746 0.46804817656250003 0.54371875 0.5313720021848651 0.5764876561259626
0 0.9986979171874999 0.43750000000000017 0.9622395828125001 0.43750000000000017 0.9622395828125001 0.5253896484375001 0.9986979171874999 0.5253896484375001
0 0.4103177078125002 0.6744511718750001 0.1717853345169678 0.5903081701209896 0.1132695312500001 0.7561914062499999 0.35180190454553245 0.8403344080040105
0 0.7641002609375 0.5958330078125001 0.6808015921102678 0.5508700168858777 0.6172764962228008 0.6685569370728345 0.7005751650500331 0.713519927999457
0 0.6713671875000002 0.5718847656250002 0.5934128366225362 0.532897291129769 0.5378161393221307 0.6440613125262843 0.6157704901995945 0.6830487870215155