0 0.5390913805421441 0.11209067649117328 0.44443119664360875 0.0854854092276135 0.4097490234375001 0.20888281250000004 0.5044092073360354 0.23548807976355982
0 0.6694501953124999 0.32905761718750015 0.599568359375 0.29261914062500016 0.5654298024388202 0.35809018277642435 0.6353116383763202 0.3945286593389243
0 0.8818164544527919 0.2474869464515513 0.7852187165093801 0.19579220919660872 0.696935546875 0.3607597656250001 0.7935332848184118 0.41245450287994273
0 0.5029228515625002 0.2345810546875001 0.4107469490968172 0.206314902293634 0.3754824218749999 0.3213125 0.4676583243406828 0.3495786523938661
0 0.4156860371953683 0.08560299720345102 0.32824456388279744 0.057617771352323176 0.285224609375 0.19203613281250004 0.37266608268757084 0.22002135866362788
0 0.4284375000000001 0.4947324218750001 0.3341718175438612 0.46415085147772006 0.30565716910636126 0.55204538272772 0.39992285156250007 0.582626953125
0 0.3356542968749999 0.3290595703125001 0.26484521034947595 0.29779437885040655 0.24644335937500003 0.33947070312500005 0.3172524459005241 0.37073589458709366
0 0.5095957031250002 0.6733964843750002 0.38385351562500014 0.6092851562500001 0.3106197273304213 0.7529193158967629 0.4363619148304213 0.817030644021763
0 0.7060158180469687 0.7760741298219301 0.6089730618518365 0.7438800697724501 0.591532439117368 0.79645144776302 0.6885751953125 0.8286455078125
0 0.641990234375 0.39656152343750006 0.5053973427792424 0.3207998297932859 0.4506356240292425 0.4195312751057859 0.5872285156250001 0.4952929687500001
0 0.22788964843750015 0.30307910156250006 0.13602659674491355 0.24617680874766412 0.04420532310161183 0.3944130570588137 0.13606837479419842 0.45131534987364963
0 0.3819960937500001 0.616595703125 0.30257775400776266 0.5804485573075752 0.24366015624999995 0.7098955078125 0.32307849599223737 0.7460426536299247
0 0.37904882812499996 0.22007519531250005 0.28414568724297984 0.18188760867105777 0.23904003906250004 0.29398339843750004 0.33394317994452016 0.3321709850789423
0 0.6172708838164415 0.7341238721248886 0.533513671875 0.6925654296874999 0.5060970188518054 0.7478211679517118 0.5898542307932468 0.7893796103891004
0 0.4555087890625 0.38619238281250007 0.3566717060057587 0.35719441530290336 0.3244158889381093 0.46713559892286716 0.42325297199485057 0.49613356643246387
0 0.3379418776392689 0.03668826679990826 0.2846601562500001 0.019397460937500045 0.2369093973737449 0.16654170920543054 0.29019111876301373 0.18383251506783876
0 0.5881777343750001 0.5097470703125001 0.5102695312500001 0.47025488281250016 0.4366973515164031 0.6153943821890305 0.5146055546414031 0.6548865696890307
0 0.2524587971874885 0.4019698585373794 0.18223098981448146 0.36684576431535454 0.13889133325199304 0.4534999292154753 0.2091191406250001 0.4886240234375001
0 0.1032285156250001 0.5988125 0.00408576283661925 0.5939707697110053 -0.00004607310088075023 0.6785772150235053 0.0990966796875001 0.6834189453125001
0 0.917208984375 0.02850000000000006 0.8378641774037712 -0.003610379242212769 0.7896727711537712 0.11547067544528726 0.869017578125 0.1475810546875001
0 0.3047734375 0.43753222656250007 0.2403989084319999 0.4099253091368184 0.20822019749449994 0.4849604653868183 0.27259472656250006 0.5125673828124999
0 0.12022458322112128 0.7684203523173652 0.0029101562500000898 0.76486328125 -0.003593369444551092 0.9793536233598557 0.11372105752657011 0.982910694427221
0 0.5734152880189202 0.8337364293105877 0.4809793527329009 0.7924762614745902 0.4587945334639808 0.8421773321640025 0.55123046875 0.8834375000000001
0 0.5610960570228102 0.8900287773243194 0.4524497965359863 0.8400602108992914 0.4235392863881762 0.902920105449972 0.532185546875 0.9528886718750001
0 0.46160644531250006 0.34513574218750004 0.3775286943167701 0.32337504555842833 0.36617187500000004 0.3672548828125 0.45024962599573 0.3890155794415717
0 0.7528251953125 0.19263476562500004 0.7080128106175954 0.16743453032302807 0.62975390625 0.30659863281250005 0.6745662909449046 0.33179886811447207
0 0.47083172729092554 0.5663612298487336 0.4165179825776402 0.5413239002263461 0.39216184122421477 0.5941599360026129 0.4464755859375001 0.6191972656250002
0 0.2802274891493468 0.5493213705622494 0.16473242187500003 0.4955224609375001 0.12306645616315337 0.5849706216252508 0.23856152343750012 0.6387695312500001
0 0.16636859864685474 0.4979963672581219 0.11473522267958045 0.4741882250406671 0.06991545215772574 0.5713900999700452 0.12154882812500004 0.5951982421875
0 0.32741842680298994 0.37436815408256596 0.27911620602687043 0.35392710817018624 0.25058059172388053 0.42135680565012035 0.29888281250000004 0.4417978515625001
0 0.6028256608757689 0.7983196683503966 0.5094297889163373 0.7503980074161182 0.485685546875 0.7966738281250001 0.5790814188344316 0.8445954890592784
0 0.23248355172661173 0.6248955910373052 0.1171013637338502 0.5902922205378341 0.09065234375000006 0.6784843749999999 0.2060345317427616 0.7130877454994711
0 0.5331953124999999 0.9538701171874997 0.427407930530847 0.9029942599392029 0.4079035771028967 0.9435501266654194 0.5136909590720495 0.9944259839137164
0 0.6216337890625001 0.1426113281250001 0.5888500848987644 0.13157178461555452 0.5516078973987645 0.24216846430305453 0.5843916015625001 0.25320800781250014
0 0.5919287109375 0.12549804687500005 0.537147722882422 0.10816081172742517 0.49875905100742185 0.2294586632899252 0.5535400390624999 0.24679589843750005
0 0.12464777450499445 0.4739784738743927 0.0702399227722065 0.44675641620698753 0.01604199218750004 0.5550800781250002 0.070449843920288 0.5823021357924053
0 0.7008063475645652 0.1776738454567477 0.62765234375 0.14422265625000005 0.5858879883729348 0.23555662329325244 0.6590419921874999 0.26900781250000005
0 0.27984179687499994 0.05110351562500004 0.08597995778933487 -0.01581619993184669 0.04511472341433488 0.1025675891306533 0.2389765625 0.1694873046875
0 0.08691406250000003 0.22067578125000004 0.01865625000000002 0.19113964843750003 0.002227243883559671 0.22910697564909585 0.07048505638355967 0.2586431084615958
0 0.09046777343750008 0.27276464843750003 0.017620117187500072 0.23784082031249998 -0.0020359115791997117 0.27884135501080365 0.07081174467080029 0.3137651831358037
0 0.4290400390625001 0.8251796875 0.25135452553799675 0.7486714119993525 0.1710410156250001 0.9351943359375001 0.3487265291495034 1.0117026114381475