0 0.6260400390624999 0.5119892578125003 0.5439979508428071 0.47572783542384584 0.46974933785168205 0.6437165919573914 0.5517914260713749 0.6799780143460458
0 0.9977656250000001 0.1186386718750001 0.9376513671874998 0.09375488281250006 0.9080745615277817 0.16520653015739534 0.968188819340282 0.1900903192198954
0 0.8376162109375 0.040695312500000067 0.7807560458292893 0.014034418183613218 0.7422773437499999 0.09609863281250011 0.7991375088582108 0.12275952712888696
0 1.0023857278283208 0.39162871605856 0.8974210334989831 0.3521935110223385 0.8393769531249997 0.5066894531250001 0.9443416474543375 0.5461246581612216
0 0.4423828125000001 0.04814062500000008 0.2796907308184783 -0.011156776528195323 0.20097363281249997 0.20481640625000003 0.36366571449402174 0.2641138077781954
0 0.552892578125 0.673216796875 0.4714426167764894 0.6385855148528217 0.3981779683389894 0.8108980148528216 0.47962792968749995 0.8455292968749999
0 0.777203156100935 0.027556877629696254 0.7131591796875 8.881784197001253e-17 0.6835343989959262 0.06884991766337704 0.7475783754093612 0.09640679529307321
0 0.8844638671875001 0.4066777343750001 0.7016467961395998 0.3315047947970715 0.6460048065584038 0.4668235094785276 0.828821877606304 0.5419964490564562
0 0.9598770475955994 0.8692713328716272 0.8219277343750001 0.7840703125 0.7782420930294005 0.8548019093158729 0.91619140625 0.9400029296874999
0 0.6952068412634603 0.3477831502855769 0.6155931757095419 0.31389263292838787 0.5437343749999999 0.4826992187500001 0.6233480405539183 0.5165897361071891
0 0.8873984374999999 0.06840039062500006 0.8299961867473952 0.044183359232583895 0.7995751953124999 0.11629101562500004 0.8569774460651045 0.1405080470174162
0 0.9395292968750001 0.09281542968750016 0.88215767383963 0.07001266129281677 0.8539789629021296 0.14091012223031674 0.9113505859375 0.1637128906250001
0 0.44385449218750017 0.9658203125 0.3315507812500001 0.9658203125 0.3315507812500001 1 0.44385449218750017 1