0 0.5084366565546539 0.4786450587951602 0.4066803442406087 0.46188518374601745 0.3878730468750001 0.5760722656249999 0.4896293591890452 0.5928321406741428
0 0.3800869140625001 0.4922001953125001 0.21678192386760262 0.44191065449338207 0.15734871653299415 0.6349078301076764 0.3206537067278917 0.6851973709267944
0 0.8037099609375 0.6962900390625001 0.6523427734375 0.6962900390625 0.6523427734375 0.7880859375000001 0.8037099609375 0.7880859375000002
0 0.58984375 0.48535058593749997 0.5068359375 0.48535058593749997 0.5068359375 0.5917958984375 0.58984375 0.5917958984375
0 0.6054677734375 0.5908203125 0.5126953125 0.5908203125 0.5126953125 0.6718759765625 0.6054677734375 0.6718759765625
0 0.25909472656250015 0.9146943359374999 0.16293554687500014 0.8837744140625 0.13440449383442082 0.9725043489922813 0.23056367352192084 1.0034242708672811
0 0.7913037109374998 0.696029296875 0.7893338041254107 0.6005289188617089 0.6463093900629108 0.603479114174209 0.648279296875 0.6989794921875
0 0.9566325428912344 0.27689956746639416 0.8620791015625 0.2392705078125001 0.8411151751928247 0.2919481829988336 0.9356686165215592 0.32957724265272764
0 0.7517761602620983 0.17562993834996404 0.6468046875 0.11753515625000006 0.5703908319254017 0.2556073663375361 0.6753623046875 0.3137021484375001
0 0.6152353515625002 0.7333994140625 0.5195312500000002 0.7333994140625 0.5195312500000002 0.806640625 0.6152353515625002 0.806640625
0 0.9752715856382815 0.6118148411873329 0.8555322265624998 0.5315234375000002 0.7983600085749915 0.6167849278262075 0.9180993676507733 0.6970763315135402
0 0.43650725981846766 0.9440368497588629 0.3620687040674416 0.9272094819036398 0.34949902343750006 0.9828134765625001 0.42393757918852615 0.999640844417723
0 0.6093750000000001 0.6689453125 0.5263671875 0.6689453125 0.5263671875000001 0.7353505859375 0.6093750000000002 0.7353505859375
0 0.14853661357748113 0.04568532800221751 0.06148838847822633 0.008137951187249507 0.011418945312500012 0.12421679687500002 0.09846717041175482 0.16176417368996804
0 0.7591552734375002 0.6061962890625001 0.7568148369096785 0.5146100823862213 0.6324251884721784 0.5177887933237213 0.6347656250000001 0.6093750000000001
0 0.2227469592902235 0.7630571617154349 0.12681445312500003 0.7307021484375 0.09863097039727661 0.8142660804720651 0.1945634765625001 0.8466210937499999
0 0.8076171875 0.8818359375 0.6777353515625002 0.8818359375 0.6777353515625002 0.9990234375 0.8076171875 0.9990234375
0 0.8702109374999999 0.23713574218750008 0.7841884420946369 0.19477428820270387 0.759836879594637 0.24422448351520387 0.8458593750000001 0.28658593750000005
0 0.5000311068075581 0.12919075072895445 0.36442089843750003 0.08442675781250002 0.33364790446681514 0.1776519562956576 0.46925811283687324 0.222415949212112
0 0.364832036845748 0.9330949546871092 0.293492582380636 0.9126074113559504 0.27324218750000007 0.9831210937500001 0.3445816419651121 1.0036086370811588
0 0.20136650980588847 0.09133640796594625 0.14041004897877898 0.06437235093358469 0.107009765625 0.13987890625000002 0.16796622645210948 0.1668429632823616
0 0.3415086456443969 0.09393796495627353 0.26467165142667304 0.06664681299194734 0.23044140625000004 0.16302050781250005 0.3072784004677239 0.19031165977682624
0 0.7931553800899842 0.443903072703721 0.6679767340354961 0.38333039514445255 0.6104365234375 0.5022421875 0.7356151694919881 0.5628148650592685
0 0.16384912676027752 0.8856177280205916 0.11047753906250009 0.8683642578124999 0.08482452148139222 0.9477188607433702 0.13819610917916963 0.964972330951462
0 0.4233935546875002 0.8438408203125002 0.3145103303417849 0.815554479625893 0.29822265625000005 0.8782509765625001 0.4071058805957154 0.9065373172491075
0 0.5265755306337752 0.0600163739832615 0.4197138671874999 1.1102230246251565e-16 0.37937415843928274 0.07182653822063681 0.4862358218855579 0.13184291220389818
0 0.8310312499999999 0.3382255859375 0.7335634765624998 0.28716894531250003 0.7067325292718405 0.33838956342655147 0.8042003027093406 0.38944620405155145
0 0.8173951213672861 0.3898942850672689 0.7071337890624999 0.33551660156250007 0.6819403142505756 0.3866012730510574 0.7922016465553617 0.44097895655582625
0 0.4497978515625002 0.6747333984375 0.3693450072657958 0.6571139214409687 0.3586337577015716 0.7060228926654448 0.4390866019982759 0.7236423696619761
0 0.4270996093750001 0.7229052734375001 0.35091997567307576 0.7073822430048626 0.34001464843750007 0.760900390625 0.4161942821394244 0.7764234210576375
0 0.8132812499999998 0.019875000000000087 0.7625319437630579 -0.009090376399614497 0.6965208116585857 0.1065656092847858 0.7472701178955277 0.1355309856844004
0 0.127396484375 0.7293925781249999 0.026581414768383493 0.6999616152537782 1.3322676295501878e-16 0.791015625 0.10081506960661665 0.8204465878712217
0 0.44331250000000005 0.7794345703125001 0.33186096056388814 0.7558752456627422 0.31963281250000003 0.8137226562500001 0.43108435193611194 0.8372819808997578
0 0.1128886718750001 0.86578515625 0.03753613281250012 0.8444218749999999 0.012531439223860996 0.9326183991357189 0.08788397828636096 0.9539816803857188
0 0.6780332031250002 0.3366474609375 0.5149570312500001 0.25400781249999993 0.43211328755059136 0.41748673383774815 0.5951894594255913 0.5001263822752482
0 0.7236436951723471 0.06988397783771631 0.6663642578124997 0.042977539062500195 0.6428250548276526 0.09308867841228405 0.7001044921874998 0.11999511718750018
0 0.6220703125000002 0.8046865234375 0.5136718750000002 0.8046865234375 0.5136718750000002 0.876953125 0.6220703125000002 0.876953125
0 0.84880859375 0.2895361328125001 0.7563341287422164 0.24620062652235797 0.7342169412422164 0.293396915584858 0.8266914062499999 0.3367324218750001
0 0.3130791015625002 0.692634765625 0.2468547905082062 0.6744783415447084 0.19828545457070615 0.8516316618572084 0.26450976562500017 0.8697880859375001
0 0.6320713552217668 0.8818606059048897 0.5113427734375 0.8794033203125 0.5101307932157334 0.9389489644076103 0.6308593750000002 0.94140625
0 0.8632822265625 0.7861328125000001 0.6630859375000002 0.7861328125 0.6630859375000002 0.8652353515625 0.8632822265625 0.8652353515625
0 0.5185742187500002 0.9596455078125004 0.4508930934953039 0.9466620450165399 0.44306933593750014 0.9874462890625001 0.5107504611921965 1.0004297518584606
0 0.48812364893809346 0.5920574485681996 0.38236682510268377 0.5710993842935744 0.3648945433520904 0.6592665451003749 0.4706513671875 0.6802246093750001
0 0.39620923906575073 0.28809649219403466 0.22298339843750004 0.2479697265625 0.18462474530924927 0.4135626874934653 0.35785058593749997 0.453689453125
0 0.2655673828125 0.083095703125 0.2180399033932982 0.06157197934183454 0.18139453125000005 0.14249023437500002 0.22892201066920181 0.1640139581581655
0 0.9006397336483275 0.36319662271465736 0.833503812580837 0.33274809064557603 0.8044236492450094 0.3968668976184187 0.8715595703125001 0.4273154296875
0 0.6429375 0.10903515625000004 0.5475224992479608 0.06803865258637427 0.49288285081046085 0.19520662133637423 0.5882978515625 0.236203125