0 0.8037119140625 0.2591145828125001 0.6533212890625 0.2591145828125001 0.6533212890625 0.38541666718750006 0.8037119140625 0.38541666718750006
0 0.6152353515625 0.31119791718750006 0.5205078125 0.31119791718750006 0.5205078125 0.41015625 0.6152353515625 0.41015625
0 0.980515974457575 0.635033030098347 0.7993935546875001 0.5331067703125 0.754204728667425 0.6134070730266531 0.9353271484375 0.7153333328125001
0 0.6064453125 0.12500000000000006 0.5146494140625 0.12500000000000006 0.5146494140625 0.24088541718750006 0.6064453125 0.24088541718750006
0 0.6075751953124999 0.3068333328125 0.606609375 0.23337109374999998 0.5263165073296631 0.23442671747634605 0.527282327642163 0.3078889565388461
0 0.9996776416331583 0.38749301034112554 0.9248001133654699 0.3704063343881285 0.8873382920448117 0.5345721787345031 0.9622158203125002 0.5516588546875003
0 0.36904428645067 0.0435934896603733 0.21707617187499997 3.3306690738754695e-17 0.16443813542432995 0.18349765565212678 0.31640625 0.22709114531250005
0 0.9767053656776856 0.09518412065037318 0.8521989521161892 0.04810185531540449 0.7904428051885037 0.21141252685253145 0.9149492187500001 0.25849479218750016
0 0.7822255859375 0.13802083281250008 0.646484375 0.13802083281250008 0.646484375 0.2617187500000001 0.7822255859375 0.2617187500000001
0 0.7851572265625002 0.7617187500000001 0.6962900390625002 0.76171875 0.6962900390625002 0.890625 0.7851572265625002 0.890625
0 0.7841796875 0.5116119796875 0.6781171875 0.5116119796875 0.6781171875 0.6848945312500001 0.7841796875 0.6848945312500001
0 0.6476015625 0.8652317703125002 0.6436978788679816 0.8037635149370719 0.5701592262286517 0.8084337570461978 0.5740629098606701 0.8699020124216261
0 0.5898427734375 0.0013020828125000668 0.5009755859375 0.0013020828125000614 0.5009755859375 0.12500000000000006 0.5898427734375 0.12500000000000008
0 0.6220712890625 0.40625 0.51171875 0.40625 0.51171875 0.5026041671875 0.6220712890625 0.5026041671875
0 0.4877509765625 0.015563801562500035 0.4204367802622855 0.00114358941412257 0.39917799119978553 0.10038056910162259 0.4664921875 0.11480078125000004
0 0.7832041015625002 0.8958346359375 0.7021484375000002 0.8958346359375 0.7021484375000002 0.9973958328125001 0.7832041015625002 0.9973958328125001
0 0.32072481247456797 0.2521762106924939 0.24646093750000003 0.23584635468749998 0.18967167190043205 0.4941089455575061 0.26393554687500004 0.5104388015625
0 0.6621103515625002 0.8697903640625 0.5654296875000002 0.8697903640625 0.5654296875000002 0.9244791671874999 0.6621103515625002 0.9244791671874999
0 0.6679687500000002 0.9231770828125001 0.5820742187500001 0.9231770828125001 0.5820742187500001 0.9986979171874999 0.6679687500000002 0.9986979171874999
0 0.7539072265625 0.022135417187500086 0.6416005859375 0.02213541718750008 0.6416005859375 0.14062500000000008 0.7539072265625 0.14062500000000008
0 0.7734384765625001 0.6875000000000001 0.6904296875 0.6875 0.6904296875000001 0.7630195312500001 0.7734384765625002 0.7630195312500001
0 0.8945911260427692 0.4149863913771227 0.6736005859375 0.3731588546875001 0.6550748895822308 0.47103704612287756 0.8760654296875 0.5128645828125001
0 0.11212578716895913 0.4783667020671887 0.04214160156250004 0.46156770781250006 0.012699408143540935 0.5842231416828113 0.08268359375000003 0.6010221359375
0 0.16685424552741035 0.5123242339689749 0.10648144531250006 0.4973776046875 0.07956860603508982 0.606084620718525 0.13994140625000012 0.6210312499999999
0 0.2525599906790455 0.5314828799753294 0.16396843187536875 0.5119116915942331 0.13639574588382333 0.6367230819314036 0.22498730468750008 0.6562942703125
0 0.23049485381054594 0.6539093107806835 0.1873447265625001 0.63676953125 0.17347194306445424 0.6716948564068167 0.21662207031250008 0.6888346359375002
0 0.21866664448298404 0.6769531868572163 0.17711816406250008 0.6687161453125 0.16569858989201616 0.7263176459552836 0.2072470703125001 0.7345546875
0 0.21181754985174722 0.719214110060345 0.13875250073500114 0.6985271658512829 0.11497596650825397 0.782504462040938 0.18804101562500003 0.8031914062500002
0 0.182316585217976 0.8043316359113094 0.033286132812500126 0.7278828125000002 -0.02070241965694124 0.833128884842395 0.12832803274853463 0.9095777082537044
0 0.37604314214390416 0.5622302392077027 0.28599115300297706 0.5426135221421632 0.23618824523407295 0.7712374501219607 0.32624023437500005 0.7908541671875001
0 0.45875210065993566 0.5916881031159663 0.37469140625 0.5747643234375 0.3516258290275645 0.6893314281340337 0.43568652343750014 0.7062552078125001
0 0.5195079712227069 0.6002054118907437 0.4518789162652707 0.5899499508235189 0.43706723410506393 0.6876247467452751 0.5046962890625 0.6978802078124999
0 0.6628474717498181 0.6451819808818919 0.5176367187500002 0.6091041671874999 0.48948266795649875 0.7224223119717265 0.6346934209563166 0.7585001256661185
0 0.6536917559291366 0.8072152064184441 0.6446623580847395 0.7044933313671929 0.5327098599681028 0.714334114011249 0.5417392578125 0.8170559890625002
0 0.33985816076875863 0.7797614605037658 0.2415558899908996 0.754747318219784 0.18854831515964107 0.9630600764660183 0.2868505859375001 0.9880742187500001
0 0.4226624598199781 0.4325239199105745 0.31994824218750006 0.40939843750000005 0.2967740636175221 0.5123289441519255 0.3994882812500001 0.5354544265625001
0 0.4467482135874373 0.3709997872134548 0.3370048703228285 0.3442650218962703 0.3180662270478912 0.4220061206203155 0.4278095703125001 0.4487408859375
0 0.4380271359213654 0.2988787986287765 0.35369238281249993 0.2737070312500001 0.33192039943238105 0.34665124749922493 0.41625515254124645 0.37182301487800135
0 0.4433975211658477 0.22043054383181288 0.36694921875 0.20546093750000005 0.3518778694591524 0.28242883116818723 0.4283261718750001 0.29739843750000006
0 0.49182809552921436 0.11359620239252424 0.39537695312499993 0.09040234375000003 0.38191341490221664 0.14639016631995466 0.47836455730643096 0.16958402496247887
0 0.47464213565089397 0.1679969217231531 0.38156249999999997 0.14649088593750004 0.36599751278660597 0.21385724546434698 0.4590771484374999 0.23536328125000008
0 0.9565858487449578 0.9445472576252832 0.8656171875000002 0.8584778640625 0.8143829012550426 0.9126285236247169 0.9053515625000003 0.9986979171875001
0 1.0002482635553032 0.86796646727402 0.9104326171875 0.7940390625000001 0.860847439569697 0.8542809280384802 0.9506630859375 0.9282083328125001
0 0.6383525390625 0.6009895828125 0.6306716507112581 0.4954480218063243 0.5134550016774135 0.5039785758890234 0.5211358900286556 0.6095201368951992
0 0.08151971696454095 0.27855091179423486 0.022302734375000043 0.25993359374999997 -0.017028506027040848 0.3850363272682651 0.04218847656250006 0.4036536453125
0 0.1331828364828212 0.2971033292003155 0.07228138944661862 0.2829285905383837 0.040941326401297454 0.4175804691505681 0.10184277343750003 0.4317552078124999
0 0.22545119720411483 0.3257863581058038 0.12673535156250004 0.3037239578125 0.09237399810838527 0.4574701512691961 0.19108984375000007 0.47953255156249985