0 0.6398906249999999 0.44442285156250005 0.5265117187499999 0.44442285156250005 0.5265117187499999 0.5541767578125001 0.6398906249999999 0.5541767578125001
0 0.6906259765625002 0.6847509765625002 0.6366259765625001 0.6005009765625 0.5213421480169489 0.6743920951554943 0.5753421480169489 0.7586420951554944
0 0.8376613479638386 0.7878712909738746 0.7431201194076923 0.6605763212186246 0.6346943359375 0.741103515625 0.7292355644936463 0.86839848538025
0 0.9990234375 0.3845224609375001 0.9330615234374999 0.3845224609375001 0.9330615234374999 0.5835986328125002 0.9990234375 0.5835986328125002
0 0.787109375 0.3984365234375001 0.6376953125 0.3984365234375001 0.6376953125 0.5781250000000001 0.787109375 0.5781250000000002
0 0.41503125 0.7255898437499999 0.32457235539619705 0.5958602171602964 0.140971769458697 0.7238826780977964 0.2314306640624999 0.8536123046874998
0 0.23763378906250004 0.4711806640625002 0.12463725247382203 0.28606234988737034 0.006248580598822095 0.35832699832487025 0.11924511718750008 0.5434453125000002
0 0.32656921976563746 0.5988769676841622 0.23825446427180016 0.4774798446223089 0.05801727575616278 0.6085999472506467 0.14633203125000005 0.7299970703125
0 0.49332910156250004 0.8325205078125 0.41343839516143355 0.7171299064748836 0.22536328124999994 0.84734375 0.30525398765106637 0.9627343513376164
0 0.6179631750758077 0.6249600504384706 0.5099259094474557 0.44092685306637447 0.39369238281249996 0.509162109375 0.5017296484408519 0.6931953067470961
0 0.9468749999999998 0.9566025390625 0.8604455712515892 0.7923114223640348 0.7402729717507321 0.8555312076743606 0.8267024004991429 1.0198223243728257