0 0.7489518234375 9.43689570931383e-17 0.5668777708190514 -0.004859305575480308 0.5644402708190513 0.08647174911201967 0.7465143234374999 0.09133105468750008
0 0.3486705734375002 0.9386826171875 0.22422067421292335 0.89757339739712 0.2022515106459748 0.9640806238999883 0.32670140987055163 1.0051898436903683
0 0.21914322968750016 0.8413857421875001 0.1310256153248245 0.7868825027251762 0.03419010468750008 0.9434404296875 0.12230771905017575 0.9979436691498238
0 0.8412109374999999 0.25299023437500007 0.7320120792545678 0.1762624341193706 0.6111835776664996 0.3482253259651509 0.7203824359119316 0.4249531262207804
0 0.6801380203124999 0.19393066406249998 0.6207505383557727 0.14766869456024195 0.49912269670989645 0.30380496218774977 0.5585101786666238 0.3500669316900079
0 0.567734375 0.32420898437500006 0.48398923272406635 0.2575684687261748 0.4080759004915131 0.3529664821802838 0.49182104276744676 0.41960699782910915
0 0.5167473953124999 0.40671875 0.33992282495092996 0.31928542008141153 0.31859244843750006 0.362423828125 0.49541701879906996 0.4498571580435885
0 0.4877773437500001 0.43885449218750006 0.30899867866325603 0.3519375450858743 0.2768763015625001 0.4180097656250001 0.4556549666492442 0.5049267127266258
0 0.44606119843750014 0.5186318359375001 0.36679863762025644 0.45790826072097346 0.24908261780781094 0.6115631327583568 0.32834517862505463 0.6722867079748834
0 0.28846484375 0.569875 0.21684434337117842 0.5382426604887718 0.19274207236357568 0.5928139232060846 0.2643625727423972 0.6244462627173128
0 0.24652083281250006 0.5152597656250001 0.09607834608549357 0.45882717692754715 0.06213504062961874 0.5493159423445173 0.21257752735662522 0.6057485310419702
0 0.28267057343750013 0.38748437500000016 0.16460192055952055 0.3321692090998762 0.10049201243534966 0.4690099898365553 0.21856066531332927 0.5243251557366793
0 0.2779283859375 0.3446337890625001 0.16497366321831225 0.3201031604366272 0.15529364697496856 0.3646761539526142 0.26824836969415633 0.3892067825784871
0 0.3427760421875 0.2307978515625 0.19252928170265377 0.19841525619797623 0.16563151093750003 0.3232138671875 0.3158782714223463 0.35559646255202376
0 0.40086718749999994 0.10434472656250002 0.2506451339766871 0.0732846236901111 0.22282934809561733 0.207815552083578 0.3730514016189302 0.23887565495596697
0 0.4462018234375001 0.1277509765625001 0.3962340081094179 0.10386034726568698 0.33802728411885985 0.2256010849866823 0.387995099446942 0.24949171428349545
0 0.49821744843750004 0.14360449218750007 0.4500850980035991 0.12221854739329574 0.3994255316402772 0.23623567520752625 0.4475578820741782 0.25762162000173056
0 0.6014375000000001 0.17104296875000008 0.5141185097519806 0.12271634098713327 0.4448186627844578 0.2479308022824437 0.5321376530324773 0.2962574300453105
0 0.21050260468749998 0.08387207031250003 0.11161721583491399 0.04484203923808897 0.057705729687500006 0.18143066406250002 0.156591118540086 0.22046069513691108
0 0.11459765625000004 0.042409179687500034 0.05714704953760271 0.018355390676196782 1.1102230246251566e-17 0.15484667968750004 0.05745060671239736 0.1789004686988033
0 0.15252994843750003 0.21344824218750005 0.050632203039093035 0.16686602699431494 2.2204460492503132e-17 0.277623046875 0.10189774539840701 0.3242052620681851
0 0.11703645781250005 0.31979785156250007 0.014451634021432114 0.2893653205819639 0.0006678594799561233 0.33582895791194756 0.10325268327102406 0.3662614888924837
0 0.10238802031250002 0.36695019531249995 0.02157478796640826 0.34251051682122585 6.661338147750939e-17 0.4138505859375 0.08081323234609183 0.4382902644287741
0 0.32823177031250006 0.68048828125 0.1596873764227677 0.6167207834772364 0.13448404016009735 0.6833359272849528 0.30302843404982965 0.7471034250577165
0 0.1690520828125001 0.6178505859375001 0.08574093555839948 0.5596821460851445 -0.0012239359710157327 0.684236685218579 0.08208721128308487 0.7424051250709347
0 0.28466536406250004 0.7389033203125 0.14759770375291814 0.6896782918801195 0.11980266113485132 0.7670739091339925 0.2568703214444332 0.8162989375663731
0 0.4673333328125001 0.7928251953125001 0.33134506677016295 0.7399765005112711 0.3109713546875 0.7924013671875001 0.44695962072983714 0.8452500619887292
0 0.6125651046875001 0.7713535156250001 0.4660776638713039 0.7394654690174047 0.45225572885368226 0.802960731451476 0.5987431696698785 0.8348487780590712
0 0.4787122390625001 0.737337890625 0.3619956502949765 0.6985007210891744 0.34491349320314246 0.7498373949090997 0.4616300819706661 0.7886745644449253
0 0.4477083328125001 0.8436435546875002 0.30421765356229213 0.783894702284774 0.27891276093750006 0.8446660156250001 0.42240344018770803 0.9044148680277262
0 0.5144726562499999 0.8581962890625 0.434343680346827 0.8414981762765693 0.423470323992931 0.8936759834597889 0.5035992998961041 0.9103740962457196
0 0.37933984374999996 0.8801220703124999 0.2596570902991223 0.8343161200287682 0.23450287445665693 0.9000395859600742 0.3541856279075346 0.9458455362438059
0 0.866421875 0.05898828125000009 0.7526199136060425 0.020131708828664153 0.7207408859375 0.11349804687500009 0.8345428473314576 0.15235461929633604
0 0.5690104171875 0.0009765625000000642 0.4791666671875 0.0009765625000000585 0.4791666671875 0.05664062500000007 0.5690104171875 0.05664062500000007