0 0.11544921875000007 0.41020442656249995 0.01452387261095145 0.39476088512749963 0.0026041671875000503 0.4726575515625 0.10352951332654867 0.4881010929975004
0 0.17135522207910356 0.800756294445838 0.0519361984375001 0.7545091140625 -0.015569605520117547 0.9288219506925272 0.10384941812148592 0.975069131075865
0 0.10500260468750011 0.48357421875 0.03932062168177315 0.4589272487314807 -0.0022233869642351634 0.5696383368622572 0.0634585960414918 0.5942853068807764
0 0.33651692656250015 0.8898841140625 0.17705598906250003 0.8140963546875 0.1265518420773574 0.9203594068255108 0.2860127795773575 0.9961471662005108
0 0.054687500000000076 0.57551953125 0.0013020828125000705 0.57551953125 0.0013020828125000772 0.6861966140625 0.05468750000000009 0.6861966140625
0 0.39618816950166036 0.15852551466537232 0.2642630203125 0.10709765625000003 0.2066269336233396 0.2549484431471277 0.33855208281250004 0.3063763015625
0 0.44427083281250007 0.17643750000000008 0.3927360146085483 0.15683494990658914 0.33659765625000004 0.30442187500000006 0.3881324744539518 0.32402442509341106
0 0.4976488939031275 0.19218783514485954 0.44787081705118215 0.17551801565111141 0.3994367668980548 0.32014788831875196 0.4492148437500001 0.3368177078125001
0 0.6037213546875 0.23170963593750002 0.5035338546875 0.1881223953125 0.44255400837540615 0.3282876882925005 0.5427415083754061 0.37187492891750057
0 0.6609322921874999 0.2529049484375001 0.6052105806172023 0.2263898534283583 0.5184084962422023 0.4088052174908583 0.5741302078124999 0.43532031250000003
0 0.5760364578125 0.4309531250000001 0.4635208328124999 0.3726497390625 0.41020231238035904 0.47554542091755697 0.5227179373803592 0.533848806855057
0 0.511694468271573 0.5356420368244061 0.35126041718750006 0.43629687500000003 0.31995865883406027 0.48684657270519177 0.4803927099181333 0.5861917345295977
0 0.49042054859898243 0.5858325581966104 0.31313802031249993 0.4841640625 0.27172658577601755 0.5563744730533898 0.4490091140625001 0.65804296875
0 0.44216666718750003 0.6766041671874999 0.35318990723825117 0.6279714017481672 0.246591788337971 0.8229994893090838 0.3355685482872198 0.8716322547484167
0 0.28585028562076104 0.7568693590149382 0.22852994843750016 0.7278359375000001 0.19907158937923927 0.7859952237975619 0.25639192656250015 0.8150286453125002
0 0.2479153640625001 0.6843216140625 0.11442317656250003 0.6242682296875002 0.06777199606379569 0.7279687654531731 0.20126418356379575 0.788022149828173
0 0.2673139996001392 0.5166029653424788 0.14109765625000006 0.4861171875000001 0.10481100039986091 0.6363501596575213 0.23102734375000003 0.6668359375
0 0.29163281250000006 0.4646263015625001 0.16381380156250006 0.42779557343750013 0.1457165720281383 0.49060101056978683 0.27353558296563835 0.5274317386947869
0 0.33855208281250004 0.30442187500000006 0.21415218445653622 0.26663347393570935 0.16421933264252767 0.43101305908190246 0.28861923099849146 0.46880146014619317
0 0.8448971359374999 0.33177343750000016 0.7238453707940823 0.2664567690467848 0.6147061333751923 0.46872515855330443 0.73575789851861 0.5340418270065198
0 0.5734270828124999 0.01990755156250005 0.4796270886003346 -0.000058868313168913836 0.4653739046003422 0.06690098653459069 0.5591738988125076 0.08686740641025965
0 0.7608424484374999 0.057450520312500086 0.5946002609375 6.661338147750939e-17 0.5659112151445322 0.08301630174919268 0.7321534026445322 0.1404668220616927
0 0.8933932296875 0.0311914062500001 0.7954237165715125 -0.014889592103116378 0.7176223953125 0.15051822968750012 0.8155919084284875 0.19659922804061658
0 0.15364583281250002 0.28620963593750004 0.040928484474373236 0.2464386427834646 -0.0037147436506267616 0.37296468340846456 0.10900260468750003 0.41273567656250004
0 0.21017968750000002 0.11228385468750002 0.10539658835516656 0.0824578262307673 0.06314268210516659 0.23090183560576732 0.16792578125000004 0.26072786406250004
0 0.11848437500000002 0.05659505156250002 0.053124718508965586 0.035366047285808166 -0.0012620002410344334 0.20281135978580817 0.06409765625000001 0.2240403640625