0 0.8720703125 0.5693349609375001 0.7705078125 0.5693349609375001 0.7705078125 0.6816406250000002 0.8720703125 0.6816406250000002
0 0.20557617187500005 0.557994140625 0.16759260480688548 0.48008537316397026 0.08884375 0.518478515625 0.12682731706811456 0.5963872830860297
0 0.7041015625 0.0009755859375000797 0.59375 0.0009755859375000729 0.59375 0.09082031250000008 0.7041015625 0.09082031250000008
0 0.873046875 0.12109375000000008 0.7626953125 0.12109375000000008 0.7626953125 0.19433593750000008 0.873046875 0.19433593750000008
0 0.9990234375 0.5751962890625002 0.8720703125 0.5751962890625002 0.8720703125 0.7148437500000002 0.9990234375 0.7148437500000002
0 0.8750009765625 0.0458994140625001 0.7587900390625 0.04589941406250009 0.7587900390625 0.12011718750000008 0.8750009765625 0.12011718750000008
0 0.86328125 0.42285058593750013 0.7734365234375 0.42285058593750013 0.7734365234375 0.48730371093750013 0.86328125 0.48730371093750013
0 0.8671884765625 0.3671865234375001 0.775390625 0.3671865234375001 0.775390625 0.42187500000000017 0.8671884765625 0.42187500000000017
0 0.23711328125000003 0.6026845703125001 0.21941462594758096 0.5590238753690774 0.14912404147626074 0.5875174398250612 0.1668226967786798 0.6311781347684841
0 0.8681650390625 0.2646484375000001 0.7656259765625 0.2646484375000001 0.7656259765625 0.3212900390625001 0.8681650390625 0.3212900390625001
0 0.8632822265625 0.3173828125000001 0.7685546875 0.3173828125000001 0.7685546875 0.3730468750000001 0.8632822265625 0.3730468750000001
0 0.8691396484375 0.19531152343750008 0.7666015625 0.19531152343750008 0.7666015625 0.2636718750000001 0.8691396484375 0.2636718750000001
0 0.9990234375 0.2792968750000001 0.921875 0.2792968750000001 0.921875 0.4140634765625002 0.9990234375 0.4140634765625002
0 0.05273437500000002 0.095703125 0.0009755859375000118 0.095703125 0.0009755859375000168 0.1796865234375 0.05273437500000002 0.1796865234375
0 0.703125 0.3339843750000001 0.599609375 0.3339843750000001 0.599609375 0.44531152343749997 0.703125 0.44531152343749997
0 0.8681640625 0.0009765625000000993 0.7578115234375 0.0009765625000000926 0.7578115234375 0.0449218750000001 0.8681640625 0.04492187500000011
0 0.7109384765625 0.20898437500000008 0.591796875 0.20898437500000008 0.591796875 0.2812500000000001 0.7109384765625 0.2812500000000001
0 0.06640625000000011 0.8125 0.0009755859375000996 0.8125 0.000975585937500111 0.9990234375 0.06640625000000014 0.9990234375
0 0.7060546875 0.2763671875000001 0.595703125 0.2763671875000001 0.595703125 0.3310546875000001 0.7060546875 0.3310546875000001
0 0.6042734375000002 0.6223505859375 0.4729126172853503 0.6212508790550941 0.47188136728535024 0.7444344728050942 0.6032421875000001 0.7455341796875001
0 0.7246093750000001 0.6025380859375 0.6064453125 0.6025380859375 0.6064453125000001 0.7285146484375 0.7246093750000002 0.7285146484375
0 0.6923828125000002 0.9169921875 0.5878906250000002 0.9169921875 0.5878906250000002 0.9990234375 0.6923828125000002 0.9990234375
0 0.9990234375 0.4121103515625002 0.9316396484375 0.4121103515625002 0.9316396484375 0.5283203125000002 0.9990234375 0.5283203125000002
0 0.8623037109375 0.5000009765625002 0.7783203125 0.5000009765625002 0.7783203125 0.5751953125000002 0.8623037109375 0.5751953125000002
0 0.8066425781250001 0.87883203125 0.6922539062500002 0.87883203125 0.6922539062500002 0.9990234375 0.8066425781250001 0.9990234375
0 0.701171875 0.08691406250000008 0.6015615234375 0.08691406250000007 0.6015615234375 0.14062500000000008 0.701171875 0.14062500000000008
0 0.7011708984375 0.14355371093750008 0.5986328125 0.14355371093750008 0.5986328125 0.20117187500000008 0.7011708984375 0.20117187500000008
0 0.0537109375 0.0966796875 0.05120442543617106 0.0293525082483654 -0.0014569616327614041 0.03131303003842747 0.001049550431067538 0.09864020929006208
0 0.9990234375 0.10742187500000014 0.97265625 0.10742187500000014 0.97265625 0.18652441406250014 0.9990234375 0.18652441406250014
0 0.04687500000000005 0.3291015625 0.0009765625000000403 0.3291015625 0.0009765625000000477 0.451171875 0.046875000000000056 0.451171875
0 0.0498046875 0.000976562500000003 0.0009765625 0.0009765625 0.0009765625000000017 0.027637695312500005 0.0498046875 0.02763769531250001
0 0.7080078125 0.44531152343749997 0.6083984375 0.44531152343749997 0.6083984375 0.5205078125 0.7080078125 0.5205078125
0 0.7041015625 0.5185546875 0.607421875 0.5185546875 0.607421875 0.5810546875 0.7041015625 0.5810546875
0 0.7050771484375 0.09179687500000008 0.5986328125 0.09179687500000007 0.5986328125 0.20214941406250012 0.7050771484375 0.20214941406250012
0 0.9990234375 0.19042968750000014 0.978515625 0.19042968750000014 0.978515625 0.2558603515625001 0.9990234375 0.2558603515625001
0 0.9189462890625 0.8408203125 0.8066396484375 0.8408203125 0.8066396484375 0.9335927734375 0.9189462890625 0.9335927734375
0 0.9990234375 1.2234508550075609e-16 0.9537636718750001 1.195737241456153e-16 0.9537636718750001 0.08587304687500011 0.9990234375 0.08587304687500012