0 0.8234375 0.96751953125 0.7434535289219399 0.7475876757158445 0.6190263671875 0.7928388671875 0.6990103382655601 1.0127707227216556
0 0.7834707031249999 0.05521289062500005 0.7652417043323063 -0.0031016704791763773 0.6757724609374999 0.024866210937500032 0.6940014597301934 0.08318077204167647
0 0.8244267578125 0.1574189453125001 0.7861090745777725 0.055266641815824614 0.6992841796875 0.08783496093750003 0.7376018629222274 0.18998726443417552
0 0.8737255859375 0.30991015625 0.8212275390625002 0.16294824218749998 0.7343813807174169 0.19397161120659762 0.7868794275924168 0.34093352526909765
0 0.9131650390624999 0.4153642578125002 0.8786393465435257 0.3153573497275541 0.7929352449810259 0.3449452403525541 0.8274609375 0.44495214843750014
0 0.9512473235766293 0.5313046111114375 0.913076171875 0.4218828125 0.8327184967358706 0.4499151154510626 0.8708896484374999 0.5593369140624999
0 0.4813508745607519 0.05106478143476856 0.4634569319506997 -0.0017886701825397644 0.3602310573899478 0.03315924369519167 0.378125 0.0860126953125
0 0.5186258247022227 0.16767228346390706 0.47917187500000014 0.048193359375 0.3802472221727773 0.08085994309859293 0.419701171875 0.2003388671875
0 0.5805878906249999 0.3442421875000001 0.51763671875 0.16140429687500005 0.41789635854615137 0.19574494987971353 0.4808475304211514 0.3785828405047136
0 0.6142572440163026 0.45168500451790666 0.5843750000000001 0.35327832031249995 0.4874226590173067 0.3827189374269767 0.5173049030336092 0.48112562163238337
0 0.6772890624999999 0.6193896484375001 0.6210619355351308 0.46159693790363915 0.529648943654388 0.4941706219688108 0.585876070619257 0.6519633325026717
0 0.21114883238478194 0.1504485486565411 0.1687333984375 0.01914941406249999 0.07830700949363968 0.048361141460386434 0.12072244344092158 0.17966027605442755
0 0.2793860207546463 0.327950201019978 0.22210214835800435 0.17274819861764704 0.10550226041585804 0.21578432572266912 0.16278613281250004 0.3709863281250001
0 0.3265388309727409 0.4824382874945396 0.2780096501057749 0.3444078563412521 0.20917382812500002 0.3686093749999999 0.25770300899196597 0.5066398061532874
0 0.39084277343750007 0.6462109375 0.3408552701733466 0.5131873884437168 0.2467821916168062 0.5485381090851001 0.2967696948809596 0.6815616581413834
0 0.09454101562500003 0.26492968750000007 0.07201089749337561 0.2046376217665967 -0.002508633756624401 0.2324843014540967 0.02002148437500002 0.29277636718750005
0 0.11124414062500002 0.3120537109375 0.09570533843139048 0.2679236377432731 0.022580741129309145 0.2936718083380376 0.03811954332291867 0.3378018815322644
0 0.12965917968750001 0.35100683593750004 0.11355490778457038 0.3098334864862116 0.04517640052207974 0.3365786040913361 0.06128067242500936 0.37775195354262453
0 0.15192968749999997 0.39598828124999996 0.1316772169519975 0.34826284754608006 0.0598111071815937 0.37875950642516054 0.08006357772959619 0.4264849401290805
0 0.19775488281250003 0.48549218750000006 0.15608156877580198 0.3905165748197555 0.0782666015625 0.42466015625000003 0.11993991559919803 0.5196357689302447
0 0.23131445312500004 0.5908291015625001 0.19940917968750005 0.5082265625000001 0.1330999327139754 0.5338385434407344 0.1650052061514754 0.6164410825032345
0 0.287619140625 0.6762480468750001 0.2465526524073224 0.5850747726501145 0.16934657645057447 0.6198501214084627 0.21041306466825205 0.7110233956333482
0 0.14528170007283328 0.7264590827311871 0.11979785156249997 0.6704931640624999 0.06671341711466669 0.6946649407063128 0.092197265625 0.750630859375
0 0.12567316217233573 0.6723204931384656 0.10353027343749999 0.62172265625 0.028061212827664272 0.6547498193615343 0.05020410156250001 0.7053476562500001
0 0.09993945312500001 0.6208671875000001 0.08099079439333572 0.574861086080495 0.016009765625000026 0.6016250000000001 0.03495842435666432 0.6476311014195051
0 0.4394916610723426 0.8177291409545149 0.40773339843749995 0.7203662109375 0.3158824674709502 0.7503265458245122 0.34764073010579283 0.8476894758415268
0 0.1138134765625 0.8747958984374999 0.09782534462407225 0.820355561712119 0.013041992187500063 0.8452548828125002 0.029030124125927825 0.8996952195378812
0 0.16006640625000002 0.8645146484374999 0.14122265624999997 0.8062519531249999 0.09518786977503343 0.8211408627949845 0.11403161977503348 0.8794035581074846
0 0.22345117187500002 0.860658203125 0.19747442917309582 0.7862150510620434 0.14222735886059584 0.8054933713745435 0.16820410156250004 0.8799365234375
0 0.3040776082463024 0.838911966734109 0.277388671875 0.7578740234375001 0.23031409664898644 0.7733775060260782 0.2570030330202889 0.8544154493226872
0 0.2508603515625 0.8310996093749999 0.2291714120377554 0.7761974941352026 0.19572889695051518 0.7894088737717514 0.21741783647525975 0.8443109890115487