0 0.5151351274323794 0.050050800217081484 0.4019466562227203 0.04411710435873535 0.395134765625 0.17405761718750004 0.5083232368346591 0.17999131304584617
0 0.5442916418830169 0.823780369859804 0.4016640625000002 0.8152001953125 0.393490581158075 0.9510673449262976 0.5361181605410917 0.9596475194736014
0 0.533798828125 0.4559912109375001 0.5328796252395505 0.3614814383196013 0.4318698596145504 0.3624638601946012 0.43278906250000004 0.4569736328125001
0 0.357365234375 0.5569560546875 0.33688276119117777 0.44740499901089203 0.26258691406249995 0.4612958984375 0.2830693872463222 0.5708469541141079
0 0.5501083984374999 0.5824365234375 0.4461816297406534 0.5797562814171024 0.44362791880315344 0.6787767892296025 0.5475546875 0.6814570312500001
0 0.3115149532779388 0.442302041250955 0.2762576709373449 0.29657265706473435 0.19249467078440607 0.3168379986262793 0.22775195312499993 0.4625673828125
0 0.5242792968750001 0.23471386718750012 0.40723439170651926 0.23321841898597148 0.4057226688846064 0.3515370970591779 0.5227675740530872 0.35303254526070654
0 0.30480180027944187 0.20705483962298304 0.27521365674497417 0.10106565241317211 0.21512572365303226 0.1178399143526891 0.2447138671875 0.22382910156250002
0 0.24404803409527207 0.22729458391980772 0.20630453822682995 0.09524557150439894 0.13476953125 0.11569238281250002 0.17251302711844213 0.24774139522790878
0 0.5357500000000001 0.4426982421875 0.4325682627078379 0.4422324214385897 0.4321162109375001 0.5423642578125 0.5352979482296623 0.5428300785614102
0 0.5336397032732338 0.6934531792322266 0.40466406250000003 0.6899697265625 0.4007987725774174 0.8330829799366424 0.5297744133506512 0.8365664326063691
0 0.36795315151701974 0.19279110682314773 0.3355078125 0.08120410156249999 0.2750361062954802 0.0987870181768523 0.3074814453125 0.21037402343750006
0 0.3137041015625 0.6330546874999998 0.3018818359375 0.558728515625 0.19534764615010544 0.5756737646273151 0.20716991177510544 0.6499999365023149
0 0.357861328125 0.3812724609375 0.3286112774506787 0.27552618398710593 0.2686376953124999 0.2921152343750001 0.2978877459868212 0.39786151132539416
0 0.4188292263768408 0.1701723099700681 0.3906279296875 0.071892578125 0.3374634834675275 0.08714807682271226 0.3656647801568683 0.18542780866778036
0 0.09771901025161454 0.2026056470239018 0.006558593750000019 0.1894658203125 -0.006440689939114503 0.2796511889135982 0.08471972656250001 0.292791015625
0 0.42889947041742954 0.37459692052533045 0.4043914412687023 0.2698596665326226 0.3272800567887727 0.2879033710072922 0.35178808593749994 0.392640625
0 0.1080136718750001 0.44997167968750007 0.04350097656250005 0.4026357421875 -0.006616946470406049 0.4709399201351153 0.05789574884209401 0.5182758576351153
0 0.23906835937500004 0.10175000000000001 0.23319119679139058 0.039192310744712064 0.11922265624999999 0.049899414062499974 0.12509981883360946 0.11245710331778794
0 0.9989101928676047 0.1200332033735815 0.9261201171874998 0.11953906250000013 0.9256913696323951 0.18269628881391872 0.9984814453125 0.1831904296875001
0 0.7189384863707399 0.010698523488516066 0.6346728515625 0.009509765625000078 0.6334111052647253 0.09894921836137624 0.7176767400729651 0.10013797622489225
0 0.42523437500000016 0.811814453125 0.356287107172425 0.8112746954138114 0.355684568109925 0.8882414922888116 0.42463183593750004 0.8887812500000001
0 0.2499511718749999 0.03949414062499999 0.24255547083028678 -0.01572080804724952 0.09901269531249998 0.003505859374999995 0.10640839635721311 0.05872080804724951
0 0.08307714843750001 0.1210966796875 0.0024023437500000134 0.11532910156250001 -0.003511569689760639 0.19805079190656838 0.07716323499773936 0.20381837003156839
0 0.09305571003753858 0.9061580439337721 0.004642578125000113 0.9025791015624998 0.0009247587124616485 0.9944230107537277 0.08933789062500012 0.9980019531250001
0 0.0667639337942367 0.9223037249754599 0.0661982421875 0.840015625 -0.0005656916067366998 0.8404745953370399 0 0.9227626953124999
0 0.05775040654140486 0.051430332312360647 6.071532165918825e-18 0.049958984375 -0.002109781541404826 0.13276790987513937 0.05564062500000002 0.1342392578125
0 0.51168359375 6.106226635438361e-17 0.38783402865220723 -0.0016946421619722096 0.38731640624999997 0.036134765625000044 0.5111659713477927 0.037829407786972316
0 0.043505923231978307 0.054051030004724054 0.042970703124999995 0.0028554687499999995 -0.0005352201069783087 0.0033102981202759404 0 0.054505859375
0 0.93472562206095 0.013340491279707411 0.8205869140624997 0.0008095703125000963 0.8075888310640498 0.11920345403279282 0.9217275390624999 0.13173437500000013
0 0.9971728515624998 0.0582119140625 0.9966840734215789 0.005751948655820867 0.9275068359374998 0.0063964843749999955 0.9279956140784206 0.05885644978167913
0 0.5461074218750002 0.5383154296875 0.4402187500000001 0.5381064453125 0.44009944599597944 0.5985556656674181 0.5459881178709795 0.5987646500424182
0 0.81067578125 0.0022539062500000874 0.7192177343495152 0.001267577703456041 0.7185117187500001 0.0667333984375001 0.809969765650485 0.06771972698404413
0 0.37505910227585343 0.7648359670976018 0.26493996494784855 0.7584267307633754 0.25750683593750007 0.8861376953125 0.36762597326550495 0.8925469316467265
0 0.7539228631594812 0.09594300629960797 0.6391982421875001 0.09217480468750008 0.6358769210837638 0.1932939442600857 0.750601542055745 0.1970621458721936
0 0.1036552734375001 0.5325527343750001 0.010780273437500076 0.5006318359375 -0.015565394913482545 0.5772855038437579 0.07730960508651748 0.6092064022812579
0 0.9990234375 0.8146240234375 0.9833193359375001 0.8146240234375 0.9833193359375001 0.8757119140625 0.9990234375 0.8757119140625
0 0.9996097248327663 0.736719940916089 0.9963550092276803 0.6202755517969174 0.941683760957414 0.6218036577558285 0.9449384765625 0.738248046875
0 0.9990234375 0.4720722656250002 0.9882929687500001 0.4720722656250002 0.9882929687500001 0.5575966796875002 0.9990234375 0.5575966796875002
0 0.5050986328125001 0.948306640625 0.41802660205898406 0.9459418539752775 0.4165849609375001 0.9990234375 0.5036569916910161 1.0013882241497225