0 0.45402994843750005 0.5736708984375001 0.352341332003221 0.38808589637480184 0.22944921875 0.45542285156249995 0.3311378351842791 0.6410078536251982
0 0.8798255203125003 0.8926689453125001 0.7549751826267701 0.8533760046350984 0.7248059890625003 0.9492363281250003 0.8496563267482303 0.988529268802402
0 0.4314596359375001 0.8827978515625 0.2871849081551706 0.8655638789148808 0.2752160303007868 0.9657617050115668 0.41949075808311614 0.982995677659186
0 0.589265625 0.7591835937500002 0.4936305262055198 0.5957645440896862 0.3885447208643558 0.6572622176876518 0.48417981965883605 0.8206812673479659
0 0.16474348906250014 0.8632421875000003 0.0882585246051574 0.7512776548906605 0.01850907489736402 0.7989247450672758 0.09499403935470677 0.9108892776766154
0 0.6284036453125 0.859447265625 0.5040568723208779 0.8568581907151142 0.5021093750000001 0.9503916015625 0.6264561479916222 0.9529806764723858
0 0.24318750000000006 0.8295771484375001 0.16979795364043843 0.7141880982293409 0.09435546875000003 0.7621708984375 0.1677450151095617 0.8775599486456593
0 0.9451145828124998 0.7454697265625001 0.8773724301832125 0.6968165365359456 0.8036471359374998 0.7994677734375 0.8713892885667871 0.8481209634640544
0 0.9989855830829069 0.26986246948378145 0.9295832469784427 0.2695871050174915 0.9292955734375001 0.3420917968750001 0.9986979095419641 0.34236716134129
0 0.8970338546875001 0.6994990234375001 0.8299329940702961 0.6179439102066394 0.6994486927074377 0.7253020950171687 0.7665495533246416 0.8068572082480294
0 0.1491692703125 0.6807314453125002 0.10458707702058359 0.5494952697766203 -0.001459134452372801 0.5855201895707073 0.043123058839543614 0.7167563651065871
0 0.6674713546875 0.47805859375000004 0.57012454814825 0.39327082115918477 0.4528138015625 0.5279580078125001 0.5501606081017499 0.6127457804033154
0 0.40041927031249996 0.86204296875 0.38321741703699497 0.7895441362116105 0.2481536453125 0.8215908203124999 0.265355498588005 0.8940896528508894
0 0.39656380156250004 0.750650390625 0.24466834650000133 0.6483243981247341 0.17501432343749995 0.7517207031250001 0.3269097784999987 0.8540466956252661
0 0.9952265625000003 0.7656367187500002 0.9329829871342248 0.7385480271539906 0.8965325515624999 0.8223027343750001 0.9587761269282753 0.8493914259710096
0 0.7943593750000001 0.8394560546875001 0.6694681724751971 0.8139115012922341 0.6529752086111621 0.894548107393916 0.7778664111359651 0.920092660789182
0 0.08443880156250003 0.8943369140625002 0.049534412137188566 0.8078859935765621 -0.0017598581753114572 0.8285959545140621 0.03314453125000001 0.9150468750000001
0 0.6492877609375001 0.9496865234375003 0.5384614723494721 0.9353212705301066 0.5302044265625 0.9990234375000002 0.6410307151505281 1.0133886904073939
0 0.9987515329053357 0.9537674277307667 0.9338037806976569 0.952462783484535 0.9328684890625002 0.9990234375000002 0.997816241270179 1.0003280817462321
0 1.0108958172000677 0.7856242685393735 0.9619267652403265 0.7767434499597977 0.9492421875000001 0.8466865234375002 0.9982112394597413 0.855567342017076
0 0.9986979171874999 0.07911523437500012 0.8179564874336753 0.0029215385841765418 0.7644023437499999 0.12995898437500011 0.9451437735038246 0.2061526801658237
0 0.8660820312500002 0.9838027343749998 0.7844677713555129 0.9700036541788843 0.7795611984375 0.9990234374999998 0.8611754583319872 1.0128225176961152
0 0.24673046875000004 0.6424238281250001 0.131304184821409 0.49556485443503495 0.055470051562500046 0.5551679687500001 0.17089633549109107 0.7020269424399651
0 0.9496484374999998 0.9274072265625 0.843219064479527 0.9133897713842677 0.8326822921874999 0.9933916015625002 0.9391116652079727 1.0074090567407326
0 0.05928385468750001 0.9983720703125002 0.058607512608535375 0.9368151385267982 -0.0006763420789646452 0.9374665057142982 0 0.9990234375000002
0 0.5509934890625001 0.4065322265625001 0.4488792949133094 0.3885891536447063 0.43393750000000014 0.47362304687500006 0.5360516941491908 0.4915661197927938
0 0.9906953125 1.1153550449654653e-16 0.8253789062499999 1.0141279410851624e-16 0.8253789062499999 0.05307128906250012 0.9906953125 0.05307128906250012
0 0.7050169265625 0.5404189453125002 0.6669333066841368 0.4899421126585393 0.5298463546875001 0.5933710937500001 0.5679299745658634 0.6438479264039609
0 0.41117447968750015 0.9685410156250001 0.3089739578125001 0.9685410156250001 0.3089739578125001 0.9990234375 0.41117447968750015 0.9990234375
0 0.7255794265625 0.5730830078125001 0.6899690029138803 0.5268596603151888 0.5721770828125 0.6176064453125001 0.6077875064611197 0.6638297928098115
0 0.9986979171874999 0.6966367187500002 0.962109375 0.6966367187500002 0.962109375 0.7739853515625001 0.9986979171874999 0.7739853515625001
0 0.8007890625 0.62415625 0.7400015551801838 0.5545594093645541 0.61721875 0.6618007812500001 0.6780062573198162 0.731397621885446