0 0.3474666370630298 0.4541407492122304 0.2743837890625 0.2178776046875 0.1650154178022667 0.2517083236892125 0.23809826580279644 0.48797146821394294
0 0.6654367403060768 0.8395829690521331 0.5813423978213628 0.8128644634715126 0.5378265559527862 0.9498270678568794 0.6219208984375001 0.9765455734374999
0 0.33240012039324207 0.9564603276849601 0.29746484375 0.8109348953125 0.1983401139817579 0.8347310785650398 0.23327539062499997 0.9802565109374999
0 0.448735918581213 0.699560286042126 0.38031445312500006 0.49114973906250003 0.28471622985628703 0.5225347655203743 0.3531376953125 0.7309453125
0 0.12963876583889516 0.8334809687031793 0.07465429687500003 0.6903854171875 0.0078037426110548315 0.7160727442022907 0.06278821157494999 0.8591682957179699
0 0.8944740864943842 0.7172666345512515 0.8126445312500001 0.7153294265625001 0.8098315775681162 0.8341513341987488 0.8916611328125003 0.8360885421875001
0 0.4856370776276947 0.9391833693082511 0.4603017578125 0.8010286453125 0.3640201489348054 0.818685119754249 0.38935546875 0.9568398437500001
0 0.18810006813706973 0.7887464936962876 0.13550390624999997 0.6417239578125 0.0650572692252716 0.6669256910235297 0.11765343111234135 0.8139482269073174
0 0.9537360770429595 0.813197134673341 0.9337666015625 0.6824895828125 0.877520758661267 0.6910828122372985 0.8974902341417265 0.8217903640981395
0 0.7148846529229247 0.646213951363298 0.6514469420640522 0.6175962087241006 0.5946335782036274 0.7435359026733026 0.6580712890624999 0.7721536453125
0 0.9998045381251772 0.8025279286593943 0.9922578125000001 0.6613463546875 0.9306564795432003 0.6646391948570161 0.9382032051683774 0.8058207688289102
0 0.5140639030719532 0.27681593371203295 0.410864717725042 0.22586693243210115 0.32609280684058894 0.3975757377825683 0.4292919921875001 0.4485247390625
0 0.84566017576714 0.9428746766442044 0.70319921875 0.9278841140624999 0.6957686824608275 0.9984992964571917 0.8382296394779676 1.0134898590388963
0 0.8990488281250002 0.2808151046875 0.8936951357021051 0.1659305678210922 0.825155096639605 0.16912457719609214 0.8305087890625 0.28400911406249996
0 0.3148526329049332 0.8099294082367932 0.27829003906249994 0.7232421875 0.17157607803256675 0.7682515808257069 0.20813867187500001 0.8549388015625
0 0.9990234375 0.37712369843750015 0.9090806551222466 0.3759994136577783 0.9071636629347466 0.5293587886577782 0.9971064453125003 0.5304830734375001
0 0.6901740951072236 0.5746613123406288 0.6059124279467137 0.516030792160233 0.5073213406519901 0.6577223438821044 0.5915830078125001 0.7163528640625001
0 0.7460727486016607 0.6800188000646705 0.6950644528020666 0.668983073367633 0.672486821387906 0.7733392733029627 0.7234951171875001 0.7843750000000003
0 0.9259746083075193 0.05819966566322623 0.6988134765624999 0.03629427031250009 0.6913261727931953 0.11393835619737817 0.9184873045382146 0.1358437515481043
0 0.6274392228566839 0.8344681143010335 0.5339833984374999 0.7444401046875 0.4587082380808159 0.8225813653864662 0.5521640624999998 0.912609375
0 0.9807744140624998 0.9986979171875001 0.9737011718749999 0.8860833328125002 0.8447454544414159 0.8941829499796088 0.8518186966289157 1.0067975343546087
0 0.815037128102392 0.7082344700539187 0.7329939975302789 0.6991028481356714 0.7208318694278869 0.8083735858942529 0.802875 0.8175052078125
0 0.9319833984375 0.006674479687500123 0.8206822427912532 -0.004573905341768936 0.8138091959162532 0.06343390715823105 0.9251103515624999 0.07468229218750011
0 0.8442237657903731 0.38593290103078787 0.8336240234375001 0.12124739531249999 0.7406393629382089 0.12497111052458591 0.7512391052910818 0.3896566162428738
0 0.650642578125 0.9785625000000001 0.5916386718750001 0.9608281250000001 0.580615218674582 0.9975041735886157 0.6396191249245818 1.0152385485886157
0 0.1941083575146402 0.5425046035803455 0.11044531250000005 0.3528046875 0.032742387440299184 0.38707388198022097 0.11640543245493933 0.5767737980605665
0 0.43510827198133367 0.31012335601641483 0.39790527343750004 0.19042187500000005 0.3199337202061663 0.2146552892960852 0.3571367187499999 0.3343567703125
0 0.7127104972497132 0.9078110755335709 0.6362089843750002 0.8947877609375002 0.6193546455078971 0.9937934643108541 0.6958561583826104 1.006816778906925
0 0.6218405112331804 0.4851406108849227 0.54160546875 0.4378684890625001 0.4557844887668199 0.5835325656775776 0.5360195312500002 0.6308046875000002
0 0.308384765625 0.9986979171874998 0.304740234375 0.9580546874999998 0.23128667888990928 0.9646413633239282 0.2349312101399093 1.0052845930114283
0 0.5389660055316003 0.3736116521908802 0.4884921875 0.33596744843750004 0.38646172884339963 0.4727711603091199 0.4369355468749999 0.5104153640625
0 0.5575872096869631 0.4304161351981156 0.510828125 0.3961979171875001 0.422483102813037 0.5169211054268846 0.4692421875000001 0.5511393234375002
0 0.2530557765257117 0.5057044250243408 0.19791992187500007 0.33362239531250004 0.11366371007227385 0.3606184637291375 0.16879956472298552 0.5327004934409783
0 0.5441422742167804 0.7335249882600644 0.49037686379774853 0.6982000399976913 0.4262277536434681 0.795836509550127 0.4799931640624999 0.8311614578125003
0 0.5099971081142802 0.6871898012428088 0.4579560546875 0.6493554687500002 0.39365621219821983 0.7377997815696915 0.44569726562500006 0.7756341140625
0 0.32580680512380733 0.7170690977416772 0.23487207031250007 0.5436080734375001 0.11666975737619276 0.605574131945823 0.20760449218750007 0.7790351562500001
0 0.825783175333641 0.6308091443109485 0.7392314453125002 0.6040807296875002 0.7112256137288593 0.6947689806890518 0.7977773437500001 0.7214973953125001