0 0.513748046875 0.8778007812500002 0.5131171869489267 0.7616385704041593 0.3971162109375 0.7622685546875001 0.39774707086357325 0.8784307655333409
0 0.25950976562500006 0.9242314453124999 0.22888476562500007 0.82376953125 0.1715597130224174 0.8412446087690476 0.2021847130224174 0.9417065228315475
0 0.505361328125 0.38790136718750007 0.4410538975527543 0.3521334535453763 0.39604589843750004 0.4330537109375001 0.4603533290097457 0.46882162457962384
0 0.2064689017138368 0.9397387538057819 0.17453014092261337 0.840256423182295 0.11987080952127663 0.8578047787515134 0.15180957031250003 0.9572871093750003
0 0.10134005718488481 0.977123824361611 0.07234082031250004 0.8714873046875 0.013647247502615256 0.8875998084508888 0.04264648437500003 0.9932363281249998
0 0.9038037109375001 0.9269462890625 0.8680935983296605 0.8438365610733957 0.7560166015625 0.8919931640625002 0.7917267141703396 0.9751028920516045
0 0.15049218749999999 0.951755859375 0.12030761718750005 0.8568076171875001 0.06981131440226443 0.8728606705861326 0.09999588471476435 0.9678089127736325
0 0.41813049993846374 0.5688899644574008 0.37082031249999997 0.4697978515625 0.28901361572637496 0.5088553511456068 0.3363238031648387 0.6079474640405077
0 0.25099850200060814 0.5673817388071554 0.2362001953125 0.49804101562499997 0.12388431049939186 0.5220108393178444 0.13868261718749997 0.5913515624999998
0 0.38141796875 0.47767675781249996 0.33995694169459895 0.3776285386649931 0.26680845061967723 0.4079420374295002 0.30826947767507823 0.5079902565770071
0 0.18981000001624132 0.36586024151410107 0.17203613281250002 0.29645898437499996 0.06610601560875869 0.32358800067339893 0.0838798828125 0.39298925781250005
0 0.5604736328125 0.6536201171875 0.5318828124999999 0.5627958984375001 0.44949586698152444 0.5887307249389883 0.4780866872940244 0.6795549436889883
0 0.23529738479723844 0.5039530222479414 0.22130273437499995 0.43451953125 0.1052270292652615 0.4579151418145587 0.11922167968749997 0.5273486328125
0 0.2089875570469622 0.43997486588803125 0.194409009133551 0.36874135414150616 0.0868515625 0.39075390625 0.10143011041341121 0.4619874179965251
0 0.5998539997473898 0.8077352958502084 0.581974609375 0.726443359375 0.49706592212761025 0.7451182197747916 0.5149453125000001 0.8264101562499999
0 0.29125488281249995 0.7325683593750002 0.2683424194615641 0.656158992995835 0.13852734375 0.6950859375 0.1614398071009358 0.7714953038791652
0 0.6788505859374998 0.8017832031250002 0.6467021484374997 0.7015146484375002 0.5707389756051988 0.7258702135666879 0.6028874131051989 0.826138768254188
0 0.44960934403632846 0.6877475671079698 0.402949699433272 0.5763653274223863 0.32178176164694355 0.6103677603144166 0.36844140625 0.7217500000000001
0 0.16869440221045187 0.29938998197333 0.1575750749142485 0.2434290815645525 0.042688289891296624 0.2662568730287225 0.053807617187499976 0.32221777343749997
0 0.35331940955102287 0.35527145992080367 0.3050927734375001 0.21009667968750004 0.21714228595607246 0.23931357362016065 0.2653689220695952 0.3844883538534643
0 0.2676074218750001 0.5715712890625 0.18739844257387653 0.5686102141223945 0.18429492187500002 0.652677734375 0.26450390117612355 0.6556388093151054
0 0.1626722615321029 0.7763852441023904 0.1416728515625 0.6801669921875 0.07356129024209682 0.695032182225478 0.09456070021169971 0.7912504341403686
0 0.560433654122485 0.431121824178984 0.5129803092642331 0.3908779427985968 0.4577634520167481 0.4559865873696129 0.505216796875 0.49623046875000015
0 0.606455078125 0.48555664062500015 0.5656395401240578 0.435421168154115 0.4854373916865578 0.5007141369041149 0.5262529296875 0.550849609375
0 0.8261923828125 0.7890429687500002 0.7633500716455083 0.6548967444614975 0.6481796874999999 0.7088496093749999 0.7110219986669917 0.8429958336635026
0 0.053655273437499984 0.6048271484375001 0.03250097656249999 0.5259912109375 -0.02047521005502233 0.5402064789301267 0.000679086819977659 0.6190424164301268
0 0.1618818359375 0.219044921875 0.08185742187499999 0.109294921875 -0.009868143350212211 0.17617678621850102 0.07015627071228779 0.285926786218501
0 0.34325292968750004 0.9940507812500001 0.3332353515625 0.9416337890625 0.20639412351662356 0.9658748196595116 0.2164117016416236 1.018291811847012
0 0.8626063822116887 0.8449830298191484 0.8398203124999999 0.7885175781250001 0.719211711925273 0.8371879756525159 0.7419977816369616 0.8936534273466643
0 0.6590302734375001 0.6316259765625001 0.6426010382780348 0.5652895813090393 0.5408461554655348 0.5904907531840393 0.5572753906250001 0.6568271484375001
0 0.03996599412074495 0.8161110814203598 0.015641601562500006 0.7139677734375 -0.021270681620744948 0.7227580592046403 0.003053710937499998 0.8249013671875
0 0.48161132812500007 0.6807031250000001 0.4563678863238002 0.6037413407348853 0.4062539062499999 0.6201787109375 0.43149734805119977 0.6971404952026148
0 0.569474609375 0.9968310546875001 0.5682071009588535 0.9240907509854667 0.4423897181463535 0.9262831337979668 0.4436572265625 0.9990234375000002
0 0.3558388671875 0.93353125 0.3307763671875 0.8900615234375 0.284691829959923 0.9166315942799177 0.309754329959923 0.9601013208424177
0 0.35536230468750013 0.8920751953125 0.3026656305350156 0.7946067096073237 0.22486057245074392 0.8366722835579022 0.27755724660322845 0.9341407692630785
0 0.5686629571042052 0.9228405914975241 0.5507949218749999 0.8545703124999999 0.4148875178881868 0.890140670758449 0.432755553117392 0.9584109497559732
0 0.443439453125 0.35069824218750006 0.3526475818922691 0.28163216163256377 0.30946875 0.33839355468750004 0.4002606212327309 0.40745963524243634
0 0.09820996093749998 0.7928759765625 0.0727265139904247 0.6774646240561844 0.010090820312499993 0.6912949218749999 0.035574267259575285 0.8067062743813155
0 0.6826552734375001 0.5684599609375002 0.612877722446378 0.48606793812439764 0.5615779717016939 0.5295135394241608 0.631355522692816 0.6119055622372633
0 0.04589062500000005 0.9734755859375002 0.02169802394149194 0.8922663756564939 -0.02332346043350806 0.9056784850314938 0.0008691406250000532 0.9868876953125001