0 0.60729296875 0.9059687500000001 0.5109443359375001 0.86853125 0.46661372086067365 0.9826199085479645 0.5629623536731736 1.0200574085479646
0 0.9981733974398583 0.123597539053908 0.8884765624999998 0.068849609375 0.8541586338101412 0.13761144532109207 0.9638554687499997 0.19235937500000005
0 0.3257202042215539 0.8963649659802441 0.1901950320722402 0.6954380608059212 0.08913574218750005 0.7636025390625001 0.22466091433681373 0.9645294442368229
0 0.3808724394767349 0.16901926482790192 0.30396157962203285 0.062448755337017256 0.1245859375 0.19190234375 0.20149679735470202 0.2984728532408847
0 0.6978378906249999 0.07467187499999998 0.6177519758440596 -0.04891149125440024 0.5279834211565596 0.00926136030809981 0.6080693359374999 0.13284472656250004
0 0.5202167715075408 0.6716575998709151 0.42531319644133336 0.5220161598748743 0.29229662024629255 0.6063761381289592 0.3872001953125 0.756017578125
0 0.663326538560012 0.8496905745156924 0.5307840352529924 0.7973407632657489 0.50691015625 0.8577861328124999 0.6394526595570197 0.9101359440624435
0 0.21838144411090882 0.6982241951241338 0.15715592366049763 0.6118012971678979 0.010837890624999957 0.7154589843750001 0.07206341107541117 0.801881882331236
0 0.9472353515625003 0.9031591796875003 0.7775031825341167 0.9008424629996806 0.7761630859375002 0.9990234375 0.9458952549658838 1.0013401541878195
0 0.883197265625 0.41462792968750006 0.7928131821100916 0.41102143365909916 0.7899599609375 0.48252734375 0.8803440444524083 0.4861338397784009
0 0.37683691406250003 0.4515546875 0.24266393877480158 0.2983172415073424 0.14187890625000002 0.3865634765625 0.2760518815376985 0.5398009225551577
0 0.7916220703124999 0.14447656250000018 0.7135204107402051 0.048025365791893336 0.6179677734374999 0.1253994140625001 0.6960694330097947 0.22185061077060694
0 0.9996250534581348 0.5632597973147494 0.9421904296875001 0.5630703125000001 0.9415888137293653 0.745425749560251 0.9990234375 0.7456152343750002
0 0.5269150526299304 0.391548820444665 0.5038857421874999 0.3508671875 0.4167968614325693 0.40016699986783505 0.4398261718749999 0.4408486328125
0 0.360783203125 0.545169921875 0.3393896484375 0.507166015625 0.2639408487256453 0.5496384396996121 0.2853344034131453 0.5876423459496121
0 0.996921875 0.24690332031250017 0.815855387679238 0.08092801664292378 0.6345682783042381 0.27869852445542376 0.815634765625 0.44467382812500017
0 0.7143906250000001 0.6909130859375002 0.5999712802687182 0.6357727433338425 0.5466475051003487 0.7464226073946856 0.6610668498316306 0.8015629499983433
0 0.7221044921875001 0.6301093750000002 0.557655796350286 0.36166930435643 0.3532666015625 0.48687988281250005 0.517715297399714 0.7553199534560702
0 0.5041018409333884 0.3339355170969832 0.37086560353681225 0.15456098249818526 0.27859872354092374 0.223095191963702 0.4118349609374999 0.4024697265625