0 0.4542610915732371 0.6547733200597332 0.3669511480096727 0.6531718745622604 0.3644693533114358 0.7884779810650273 0.4517792968750002 0.7900794265625001
0 0.2630433646280701 0.4509530055606111 0.16445996093750007 0.4486888015625 0.16096347130942998 0.6009259006893891 0.259546875 0.6031901046875001
0 0.204806017614119 0.67252377332632 0.11520117187500008 0.66970703125 0.1105660526983812 0.8171572157361802 0.20017089843750013 0.8199739578125002
0 0.9259326172952566 0.8953908786757051 0.9259277343750002 0.7658658859375 0.8290390623922438 0.7658695385117951 0.8290439453125001 0.8953945312500002
0 0.2550843523710925 0.3892340941086102 0.21700488281250002 0.21791536406250006 0.12268908512890753 0.23887918714138978 0.16076855468749998 0.4101979171875
0 0.9010028555644171 0.07211724197436752 0.771474609375 0.0633125000000001 0.760221753810583 0.22885541427563266 0.88975 0.2376601562500001
0 0.21783705009620952 0.8207796883760234 0.1183242187500001 0.8200598953125 0.11754771552879069 0.9274130194364764 0.21706054687500007 0.9281328124999998
0 0.5275599350708996 0.7860287562844999 0.51777734375 0.6418033859374999 0.44588733055410046 0.6466795780904999 0.45566992187500005 0.7909049484374999
0 0.6803929944557124 0.20985293393759408 0.6349150390625 0.05520442656249998 0.5649390363713718 0.07578248181177397 0.6104169917645843 0.23043098918686805
0 0.14467746192208417 0.051103555791784785 0.06317578125 0.0493294265625 0.06059597557791583 0.16784305827071522 0.14209765625 0.1696171875
0 0.926324542917438 0.29715160624656956 0.7933798828125 0.29669270781250007 0.7930055352021685 0.40514266562841206 0.9259501953071065 0.4056015640624816
0 0.9392390340174364 0.513233436866303 0.8132812410330551 0.5123645827506464 0.8121584179531188 0.6751402599468436 0.9381162109375001 0.6760091140625001
0 0.7284508964501543 0.6670535693789519 0.5982421875000001 0.6667096359375 0.597767853549846 0.8462862743710484 0.7279765625000001 0.8466302078125002
0 0.2732327455611456 0.6687450228427403 0.19375001318249416 0.6679518040773352 0.19245965043384866 0.797249749984595 0.2719423828125001 0.79804296875
0 0.4765758708292295 0.31932939918051934 0.36753808593750004 0.31872135468749996 0.36672100417077064 0.46524481956948077 0.47575878906250013 0.46585286406250004
0 0.26453433945144755 0.12859116199425621 0.243958984375 -5.551115123125783e-18 0.18127425429855243 0.010029931755743748 0.20184960937500002 0.13862109374999998
0 0.9427745798687134 0.8896880712311761 0.8409560546874999 0.8887812500000003 0.8399771104982392 0.9986977916054641 0.9417956356794527 0.99960461283664
0 0.6506286755975462 0.5542779277958988 0.6079160156250001 0.4286354171875 0.543582261902454 0.4505059268916013 0.586294921875 0.5761484375000001
0 0.0583600838322901 0.026719458059796457 3.122502256758253e-18 0.025272135937500002 -0.003060279144790078 0.14867116694020355 0.05529980468750001 0.1501184890625
0 0.508860187268882 0.4605164020435811 0.41985840220650833 0.45497650194864414 0.4121876680626263 0.5782114014675633 0.5011894531250001 0.5837513015625001
0 0.1732493108668813 0.602579416036067 0.1350146484375 0.4219375 0.019355181004080846 0.4464179793434314 0.057589843433462164 0.6270598953794984
0 0.9360585106172264 0.39952140946169085 0.8032099609375003 0.3990651046875001 0.8028272315702738 0.5104929139758094 0.93567578125 0.5109492187500002
0 0.40089746093749995 0.002143229687500059 0.3398437668248574 -0.00915973210825739 0.31934864963735743 0.1015459960167426 0.38040234375 0.11284895781250007
0 0.3258008035017571 0.32854408846326605 0.30906640625000004 0.19464192656249998 0.25965915743574286 0.20081658809923394 0.27639355468749993 0.33471875
0 0.3735797056138779 0.5822505348426635 0.3675146484375 0.4457890625 0.30585773665196553 0.4485294161608424 0.3119227938283434 0.584990888503506
0 0.20540281171379302 0.14857110024735012 0.1835234375 0.009856770312500002 0.12700443855451296 0.01877149692148176 0.14888381276830598 0.15748582685633186
0 0.9239479715949752 0.30039272403641293 0.9206904296875 0.2099739578125 0.7866272237175249 0.21480389002608707 0.7898847656250001 0.30522265625000006
0 0.045581120928226734 0.6998247653665982 8.604228440844963e-17 0.6988815109375002 -0.002083074053226541 0.799542422133402 0.04349804687500011 0.8004856765625
0 0.7269412180086863 0.5711019214432048 0.7154658203125001 0.37227473906249997 0.6268322194913137 0.37739026605679504 0.6383076171875 0.5762174484375
0 0.3790474312121376 0.6653167637680296 0.2850322265625001 0.6473177078125002 0.2579760062878627 0.7886415690444708 0.35199121093750013 0.8066406250000002
0 0.05145802772815415 0.6035643092762097 0.044184570312500004 0.4673736984375001 -0.0072734574156541444 0.47012188916129033 0 0.6063125
0 0.32606237170498054 0.0057235561904959795 0.254083984375 0.003514323437500031 0.2508272767325195 0.10962019380950408 0.3228056640625 0.11182942656250003
0 0.6124834846572117 0.21472680398699243 0.5740455994187332 0.15686673739080054 0.4710513725740214 0.22528837090380818 0.5094892578125 0.28314843750000007
0 0.31418298326313515 0.578365222860055 0.3077529296875 0.4462734374999999 0.2543483322540331 0.44887310273842784 0.2607783858296683 0.5809648880984829
0 0.6095434416337264 0.43730251949634064 0.589537109375 0.3284778640625 0.5250444489912736 0.3403341992536594 0.5450507812499998 0.44915885468749994
0 0.6008860697970756 0.34659094321237793 0.5566054687499999 0.2500716140625 0.49136100051542425 0.28000410835012224 0.5356416015625 0.3765234375000001
0 0.38535168827243005 0.18394994751497368 0.3111093776666613 0.18006505372623732 0.30442761126923135 0.30775703277376365 0.37866992187500004 0.3116419265625
0 0.05447675957266177 0.9847181206244645 0.05260644531250001 0.7838098953125 -0.0018703142601617692 0.7843170356255358 0 0.9852252609375002
0 0.8478427728348926 0.0785928410860682 0.8254430070923977 -0.0014494441577602934 0.7341914062499999 0.02408723906250001 0.7565911719924949 0.10412952430632852
0 0.6345332031250001 0.026942707812500057 0.5705045926912915 -0.0050404537798987015 0.5330631864412915 0.06991527590760135 0.597091796875 0.10189843750000012
0 0.09072970103693083 0.37741160659612316 0.08983203125000003 0.24292708281250003 -0.00046407603693080814 0.24352979965387692 0.0004335937499999998 0.3780143234375
0 0.9564217414217275 0.7450186335734026 0.9501582031249999 0.6698606765624999 0.8332169304532725 0.6796063664265973 0.83948046875 0.7547643234375
0 0.21300344419981104 0.9252125300386866 0.11613769531250011 0.9239335937500002 0.1151505731118722 0.9986975456786158 0.21201632199918313 0.9999764819673024
0 0.5754677734375 0.9986979171875001 0.566580078125 0.9367083328125 0.46399763758858265 0.9514159887048989 0.47288533290108264 1.013405573079899
0 0.7062028458108696 0.25320308479720866 0.6164814453125 0.24805859375000008 0.6086321151266306 0.3849531652027915 0.6983535156250001 0.3900976562500001
0 0.47277498541771285 0.2618585569804048 0.4252659529106162 0.21804627682073702 0.3284714362429034 0.3230080323403323 0.37598046875 0.36682031250000013
0 0.1513007011624824 0.404144934621612 0.1439228515625 0.2453385421875 0.0925860175875176 0.247723556003388 0.0999638671875 0.4065299484374999
0 0.9990234375 0.005128906250000122 0.9662539062500001 0.00512890625000012 0.9662539062500001 0.07758593750000012 0.9990234375 0.07758593750000012
0 0.9980069065325677 0.21560492013770144 0.9968554687500001 0.1462005203125 0.9173173122174324 0.1475200798622985 0.9184687500000001 0.21692447968749998
0 0.9961359391483512 0.9315322290441989 0.9650078125000002 0.7426705734375002 0.909910935851649 0.7517516256433012 0.9410390625 0.9406132812499999
0 0.5634916877737939 0.7748339411321866 0.5576025390625 0.6414466140624999 0.5152650926416074 0.6433158434976082 0.5211542413529012 0.7767031705672949
0 0.050703933363180784 0.9979075376088181 0.05067285021860746 0.9678268244479951 0.0015157918554266649 0.967877619651677 0.001546875 0.9979583328125001
0 0.9619604479890015 0.026426007522406824 0.9578350317356751 -0.011003922677161848 0.8547261462466735 0.00036043386293133084 0.8588515624999999 0.037790364062500005
0 0.049597656250000004 6.071532165918825e-18 0.0019009172177028792 -0.00040328383148653164 0.001562050030202876 0.03967484116851346 0.0492587890625 0.040078125000000006
0 0.5507344317652807 0.0784982072107487 0.49177734374999993 0.030782551562500027 0.4033651776097192 0.14002392716425138 0.462322265625 0.18773958281250006