0 0.2351901046875001 0.8697799484375001 0.14213262327565251 0.7953762134752579 0.050413776087967134 0.9100898756538495 0.1434712574998147 0.9844936106160919
0 0.9310195535593258 0.17613990252719852 0.7872109374999999 0.1716992187500001 0.7821054464406745 0.33703718028530166 0.9259140625000001 0.3414778640625001
0 0.8850195312500002 0.7902135421875001 0.7496823701107305 0.788945301033307 0.7485846359375002 0.9060872390625001 0.8839217970767701 0.9073554802166932
0 0.46026953125000014 0.6318424484375 0.35433464968503636 0.6262327843173591 0.34728645781250006 0.7593333328125002 0.45322133937746384 0.7649429969326411
0 0.46048697968749996 0.4605690109375001 0.34423958281249994 0.36655208281250007 0.23289382483445395 0.5042257419732461 0.34914122170945394 0.598242670098246
0 0.23128515625000007 0.5997799484375002 0.16175535085648812 0.5310341120129726 0.09453841909786469 0.5990175773019134 0.16406822449137662 0.6677634137264409
0 0.4439384471308291 0.7628165405490563 0.3116315109375001 0.7440559890624999 0.2930745747133746 0.8749269487306325 0.42538151090670356 0.8936875002171888
0 0.6101848953125 0.2788294265625001 0.5223827913032331 0.19824481201779268 0.3896653444282331 0.3428489792052927 0.4774674484375 0.4234335937500001
0 0.7931289215122126 0.39437979040989013 0.7212786453125 0.39175260468750006 0.7166939941127877 0.5171371377151099 0.7885442703125002 0.5197643234375
0 0.6498554759641808 0.7745021473681836 0.5284661453125 0.7725872390625 0.5272395622609073 0.8503424481133003 0.6486288929125881 0.8522573564189837
0 0.6483424484375 0.9175130203124999 0.5123390047688989 0.9117676070434543 0.5086666671875001 0.9986979171875001 0.6446701108561013 1.0044433304565457
0 0.47030859375 0.09320703125000003 0.392473978374918 0.011055969580488888 0.30217057269837583 0.0966145820323866 0.38000518807345784 0.17876564370189774
0 0.6222435010380403 0.4330998032890533 0.5491145828125001 0.43118619843749995 0.5467434770869599 0.5217986342109467 0.6198723953125 0.5237122390625001
0 0.872753216659101 0.8966966331015621 0.7366054687500001 0.8924609374999999 0.7346387099033991 0.9556783668984379 0.8707864578125 0.9599140625
0 0.6944856765625 0.1944309890625001 0.606044655997463 0.1265489771924972 0.5263884059974631 0.23033022719249718 0.6148294265625 0.29821223906250005
0 0.9178373028557838 0.33823845167447225 0.7714817703124999 0.32998437500000005 0.7609322231421652 0.5170415898887335 0.907287755685449 0.5252956665632056
0 1.0028877637311477 0.821045838197462 0.9566601562500002 0.8193333328125002 0.9524651241252933 0.9325746108456634 0.998692731606441 0.9342871162306252
0 0.7945482740138201 0.6264701088457121 0.71488671875 0.6232083328125001 0.7091913066202269 0.7623059849831169 0.7888528618840469 0.7655677610163287
0 0.9998864565129791 0.9414410230818762 0.9533424484375003 0.9404361984375 0.9521533814195273 0.9955144105380673 0.9986973894950062 0.9965192351824435
0 0.6554036453125002 0.8552005203125003 0.5352708328125001 0.8363372390625002 0.5234108810713836 0.911868602874117 0.6435436935713836 0.930731884124117
0 0.7117467385839554 0.6014831066038827 0.5304609375000001 0.5921588546875001 0.5236868551660447 0.7238632480836176 0.70497265625 0.7331875000000001
0 0.8963802078125003 0.6420794265625 0.7801041289384169 0.6366531633662332 0.7729674101884169 0.7895815493037333 0.8892434890625001 0.7950078125000001
0 0.76868359375 0.09274739531250012 0.681088011844798 0.03900606969688738 0.614645304032298 0.1473042478218873 0.7022408859375 0.2010455734375
0 0.37213849080161704 0.15916884049987104 0.30508854140943303 0.08577343664829865 0.16309588342031595 0.2154900133359276 0.23014583281249995 0.28888541718750005
0 0.7927054676933478 0.08835001938745801 0.7293125000000001 0.023712239062499973 0.7018882823066523 0.05060831342504195 0.7652812500000001 0.11524609374999999
0 0.731122411107078 0.5079806290055167 0.7158697921875 0.35322395781250004 0.6053593590679374 0.36411572428703165 0.6206119779875154 0.5188723954800483
0 0.9996248193331768 0.7555740600891734 0.9628268234375001 0.7550117187500003 0.9618997264207587 0.8156782745239436 0.9986977223164354 0.8162406158631169
0 0.8721223953125001 0.9579895828125 0.7370115051101611 0.9578997363228421 0.7369843750000002 0.9986979171875001 0.8720952652023394 0.998787763677158
0 0.7148164251453264 0.8120688342856296 0.6525911453125002 0.8112734375000002 0.651770813917174 0.8754493954018706 0.7139960937500002 0.8762447921875
0 0.9986979171874999 0.45590364531250016 0.9781614578125 0.45590364531250016 0.9781614578125 0.5697669265625002 0.9986979171874999 0.5697669265625002
0 0.9316705734375003 0.09237500000000012 0.8351559873925032 0.08689451633809761 0.8300989578125 0.1759518234375001 0.9266135438574971 0.1814323070994026
0 0.15613151093750002 0.3819544265625 0.10296484375000006 0.3317604171875 -0.047502089843107685 0.49113850793338243 0.005664577344392274 0.5413325173083825
0 0.24340234375000006 0.264203125 0.19237038857810113 0.21775325102801948 0.09045631942437404 0.3297207067756083 0.14148827459627294 0.3761705807475888
0 0.08984895781249999 0.8312460937499999 0.08681640625 0.6735677078125 -0.0024973899219527585 0.6752854365330452 0.0005351616405472298 0.8329638224705451
0 0.9986979171874999 0.5810585937500001 0.9713580734375 0.5810585937500001 0.9713580734375 0.7464296875000002 0.9986979171874999 0.7464296875000002
0 0.7002096359375002 0.9642916671875001 0.6275364494664741 0.9624065262844759 0.6265950515625002 0.9986979171875001 0.6992682380335262 1.0005830580905244
0 0.31226432343750005 0.5715221359375 0.2071440124852108 0.47598800788826656 0.15316688562930367 0.5353813626533824 0.2582871965815929 0.6309154907026159