0 0.45423261462715353 0.7419990281474509 0.3669474589598939 0.7398661917991218 0.36449023437500017 0.8404267578125 0.45177539004225975 0.8425595941608289
0 0.26300886231772147 0.5895752276851837 0.16448535156250008 0.586537109375 0.16100676175455883 0.6993447242749593 0.2595302725097802 0.7023828425851429
0 0.2047226562500001 0.756029296875 0.11520118745009802 0.752290642681804 0.11065136718750006 0.8612353515624998 0.20017283598740215 0.8649740057556958
0 0.9259316406256393 0.9215400517758567 0.9259267578125 0.8243974609375 0.8290371093252744 0.824402331036646 0.8290419921384137 0.9215449218750027
0 0.6756005859374999 0.3970830078125 0.6343056640625001 0.2914355468750001 0.569670711127416 0.3166997161050359 0.6109656330024158 0.4223471770425358
0 0.2516133285827436 0.5306933453889153 0.21698828125 0.4135126953125 0.1261149689873335 0.44036433623040006 0.16074001632007706 0.5575449863068155
0 0.2178310546875002 0.8660019531250001 0.11831543005999645 0.865040977050467 0.11754199218750012 0.9451357421875002 0.21705761681500385 0.9460967182620333
0 0.3997529296875 0.24901367187500006 0.33868653292469336 0.23744819209457507 0.32302637667469336 0.32013471553207506 0.38409277343750003 0.33170019531250006
0 0.14456152963542876 0.2888796884559467 0.06292578125000002 0.28627636718749994 0.060110345364571306 0.3745636709190533 0.14174609375000005 0.3771669921875
0 0.5273049319507624 0.8367021263467891 0.5177841796875 0.7313476562499999 0.4461473813121337 0.7378213845088821 0.45566813357539626 0.8431758546056713
0 0.8435244140625 0.16661914062500002 0.7564589843749999 0.07064257812500001 0.6600292575146155 0.15811909723608647 0.7470946872021156 0.2540956597360865
0 0.9261416015625 0.47319921875000004 0.7929080648772414 0.47298632790409706 0.7927792968750002 0.5535732421875001 0.9260128335602588 0.5537861330334031
0 0.9352470703124999 0.16036914062500007 0.8619990234374999 0.058856445312500096 0.7866990991907892 0.11319026399328376 0.8599471460657891 0.21470295930578373
0 0.3404294405824324 0.32897562678977654 0.32914257812500003 0.23959667968750004 0.2482065190214104 0.24981736583972664 0.2594933814788428 0.33919631294200314
0 0.9392490234375002 0.6354804687500002 0.8132646484375 0.6343222656250002 0.8121471414522852 0.7558798888531617 0.9381315164522853 0.7570380919781616
0 0.7284433593750002 0.7505117187500001 0.5982666015625002 0.7500556640625001 0.5977955344672089 0.8845175802711246 0.7279722922797089 0.8849736349586246
0 0.8901376953125 0.4121816406249999 0.8677314453125 0.3056591796875 0.7489849925009436 0.3306366603511323 0.7713912425009437 0.4371591212886322
0 0.27322976247980246 0.7520322562026005 0.19374511718750004 0.75097265625 0.19245871390918134 0.84747068650102 0.27194335920148377 0.8485302864536205
0 0.2635498046875 0.33769238281249997 0.24286425781249998 0.2453515625 0.1817097826065914 0.25905096173867675 0.20239532948159145 0.3513917820511767
0 0.4768193359375002 0.490177734375 0.3680781250000001 0.4885048828125 0.36639782159949136 0.597730489321576 0.47513903253699147 0.599403340884076
0 0.6457959872337622 0.6552287125226555 0.6079880040712885 0.5713929400688553 0.5483912355875262 0.5982696962961999 0.5861992187499998 0.6821054687500001
0 0.9427597656250002 0.9177734375000002 0.8409652601952716 0.916583966418863 0.840001953125 0.9990234375 0.9417964585547287 1.0002129085811373
0 0.5166669921875 0.6732314453124999 0.48708300781249997 0.582650390625 0.39946352077036196 0.6112671200784476 0.429047505145362 0.7018481747659476
0 0.11789890179348114 0.7061802627818006 0.11463867187500006 0.574728515625 0.046468459320411826 0.5764192544042614 0.04972868923889293 0.7078710015610621
0 1.0101590464699517 0.14487015269837814 0.9471474609375001 0.010130859374999935 0.8583908516929956 0.051638385034629544 0.9214024372254469 0.18637767835800773
0 0.31950195312499996 0.14721777343749998 0.3113351504212605 0.014868538259622286 0.1536307648459258 0.024599917521294805 0.1617975675496653 0.15694915269917248
0 0.20604296875 0.35548925781250007 0.18679173235478017 0.2633249279388699 0.1306220703125 0.27505761718750005 0.14987330670771987 0.36722194706113026
0 0.9358339843750001 0.5495722656250001 0.8032509765625001 0.5493310546875001 0.8030991965791978 0.6327578135256721 0.9356822043916978 0.632999024463172
0 0.3246494140625 0.4922666015625 0.3088447265625 0.39604296875000006 0.26049527255593985 0.40398434436671893 0.2762999600559398 0.5002079771792189
0 0.37353125 0.6850947265625 0.3675234266012941 0.5842849733724786 0.30590722656249997 0.5879570312500001 0.3119150499612059 0.6887667844400215
0 0.7266445994110744 0.6754042108676602 0.7154541015625 0.5291953125 0.6271591115264256 0.5359532110073396 0.638349609375 0.6821621093749999
0 0.9220634765625 0.4747070312500001 0.9201246218413232 0.40811619351441114 0.7881757812500001 0.4119580078124999 0.7901146359711768 0.47854884554808885
0 0.045567873075233724 0.7754214515176202 9.159339953157541e-17 0.7741640624999999 -0.002067873075233537 0.8491039391073796 0.043500000000000094 0.8503613281250001
0 0.37400703975101973 0.8449187267767192 0.36834960937499994 0.7411708984375001 0.2688146126153013 0.7465986006184476 0.2744720429913211 0.8503464289576665
0 0.5996890605690017 0.41743768799364017 0.5744462855094009 0.36710155541483325 0.484626953125 0.41214453124999995 0.5098697281846007 0.4624806638288069
0 0.05132316763680086 0.7010850632141157 0.044185546874999995 0.6005146484375 -0.007137620761800861 0.6041571242858843 0 0.7047275390625
0 0.3140566751778878 0.6822661592042144 0.3077431357134618 0.5846558117102768 0.254455015223074 0.5881025431310624 0.2607685546875 0.685712890625
0 0.3848410722130331 0.3915468960867192 0.3121262352586238 0.38545990084454795 0.30439355468749996 0.477833984375 0.37710839164190924 0.4839209796171714
0 0.6076574400446407 0.5718222151414285 0.5898203124999999 0.4963935546874999 0.527209575247653 0.5111995408910628 0.5450467027922937 0.5866282013449915
0 0.5929240820130393 0.4990238905561588 0.5584970703125001 0.43758984375 0.5001940820494609 0.4702622422563413 0.53462109375 0.5316962890625001
0 0.05447406882973703 0.9882451073510248 0.0526083984375 0.837857421875 -0.0018656703922370356 0.8385332129614751 0 0.9889208984375
0 0.9536943359375002 0.80893359375 0.948836773467899 0.7312125942363814 0.8346180234678988 0.7383512661113814 0.8394755859374999 0.816072265625
0 0.057990104493576375 0.28087576222033384 3.469446951953614e-17 0.27830468750000004 -0.003647331056076293 0.36056955027966614 0.05434277343750005 0.363140625
0 0.5786171874999999 0.1883828125 0.5344855308347934 0.13443247054184368 0.468662109375 0.18827636718750002 0.5127937660402064 0.24222670914565633
0 0.2129892578125001 0.9445537109375 0.11611267265699461 0.9429535269380978 0.1151865234375001 0.9990234375 0.21206310859300564 1.0006236214994022
0 0.5762392578125001 0.9537734375 0.46865429687500004 0.9531484375 0.46838786468984583 0.9990109914717111 0.5759728256273458 0.9996359914717111
0 0.8608442234154545 0.3139309853574333 0.8318828125 0.2071005859375 0.7357036281470455 0.23317448339256677 0.7646650390625 0.3400048828125001
0 0.7043837890625001 0.531498046875 0.6739509280656647 0.39627623589685335 0.5902238874189016 0.41511974473058083 0.620656748415737 0.5503415557087274
0 0.45956054687500014 0.45627246093750007 0.4041279296875002 0.4025166015625 0.33080653586632025 0.4781250431835377 0.3862391530538202 0.5318809025585376
0 0.6304414062500001 0.2918642578125 0.5718075153875006 0.1975232737054437 0.5160090611742341 0.23220258626088838 0.5746429520367335 0.3265435703679447
0 0.1513564453125 0.5516923828124999 0.14402246093749999 0.43414062499999995 0.09256253700707595 0.4373511791003172 0.09989652138207597 0.5549029369128171
0 0.05824770252014211 0.218664341601517 2.7755575615628914e-17 0.2087060546875 -0.011836569707642047 0.277940150585983 0.046411132812500026 0.2878984375
0 0.9950244140624998 0.9435966796875002 0.9650097037746936 0.8070143669869119 0.9110244140624999 0.8188779296875002 0.941039124350306 0.9554602423880884
0 0.5634307032980261 0.8300446119414586 0.5576064453125 0.7310878906249999 0.5153231490444601 0.7335765424585217 0.5211474070299863 0.8325332637749803
0 0.06692510652711739 0.46012572666674184 5.689893001203927e-17 0.4591962890625001 -0.0009729580896172651 0.5292551327082583 0.06595214843750007 0.5301845703125
0 0.10033105480194215 0.5241728534122707 0.09489746093750001 0.43634765625 0.04793847644805786 0.43925292783772923 0.0533720703125 0.527078125
0 0.5284609374999999 0.3165439453125001 0.4868091227403572 0.27392331115924373 0.41948878075659923 0.3397133790352998 0.4611405955162418 0.38233401318855614
0 0.16429785156249999 0.7030673828125 0.15690234375 0.5858193359374999 0.10355727429084553 0.5891841158929745 0.11095278210334554 0.7064321627679745
0 0.48419921875 0.28147070312500005 0.41331640625 0.24201269531250005 0.3684958468557601 0.32252885625969724 0.43937865935576015 0.36198686407219727
0 0.5394637932875572 0.10116406311073792 0.46741145355235486 -0.00391097803767444 0.36184023838979773 0.06848159947658765 0.43389257812500015 0.173556640625