0 0.8154973274147043 0.8113486320200944 0.8151630829184235 0.7029003876244762 0.7099667968750001 0.7032246093750001 0.7103010413712808 0.8116728537706182
0 0.6985930836627812 0.1337890659752194 0.5885764822228148 0.13255663316190064 0.5871992187499999 0.25550195312500007 0.6972158201899663 0.2567343859383188
0 0.6499287109375002 0.8002714843750003 0.6496989844549844 0.7156523390836713 0.5471787109374999 0.7159306640625 0.5474084374200157 0.8005498093538289
0 0.6751832757341687 0.4656269734713101 0.5398355902725737 0.46144530177213944 0.5357167676634049 0.5947587579883293 0.671064453125 0.5989404296875
0 0.8063049502529995 0.6158496248506617 0.7185266333164742 0.61067964565679 0.7132392578125 0.7004511718750001 0.8010175747490255 0.7056211510688719
0 0.6646240234375 0.5925390625000001 0.5619716796875002 0.5912441406250001 0.5609001993421756 0.6761836036560168 0.6635525430921756 0.6774785255310168
0 0.9476797375657426 0.12572615369834397 0.8300996093749999 0.11132617187500013 0.8154833483717574 0.23067228380165633 0.9330634765625001 0.24507226562500017
0 0.3448310547803074 0.4765321682413079 0.2650888671875001 0.4764052734375001 0.26493945157593296 0.5702998015770011 0.3446816391687403 0.5704266963808089
0 0.6847783203125001 0.2523486328125001 0.5797392937306722 0.2472756234849743 0.572826171875 0.3904150390625 0.6778651984568278 0.39548804839002577
0 0.5438076171875 0.26697070312500004 0.4679179769669169 0.26444604206741446 0.46378710937499984 0.38861718750000007 0.539676749595583 0.39114184855758566
0 0.28428222656250013 0.75187890625 0.23375037751963115 0.6987125318124006 0.1495195312499999 0.77876953125 0.20005138029286887 0.8319359056875996
0 0.533583984375 0.443626953125 0.39467812863157714 0.43979490581071073 0.39172851562500005 0.5467138671875001 0.5306343713684228 0.5505459145017894
0 0.17845214843750007 0.6538496093750001 0.11255106261921233 0.5936608247395474 0.035861609494212354 0.6776285981770473 0.10176269531250011 0.7378173828125002
0 0.7983232421875 0.5392041015625001 0.7264228515625 0.53546875 0.7224416923346405 0.6121006008000996 0.7943420829596405 0.6158359523625997
0 0.8293439464777324 0.4368093419820059 0.8036123046874998 0.33881738281249996 0.7189490222722672 0.3610490564554941 0.7446806640624998 0.459041015625
0 0.4631533203124999 0.214111328125 0.39892494050912397 0.150704940542602 0.2953466796875 0.2556259765625001 0.35957505949087587 0.3190323641448981
0 0.48639564675220265 0.6336220989748984 0.3943427734375001 0.6312568359375 0.39290708762279763 0.6871318072751017 0.48495996093750016 0.6894970703125001
0 0.6507138671875002 0.7957119140625002 0.5547158230350728 0.7946315940076647 0.5539023464725727 0.8669177268201645 0.6499003906250002 0.8679980468750002
0 0.34051633000852427 0.7964473510976612 0.27749303864106106 0.7465848617071197 0.19541699218750005 0.85032421875 0.2584402835549633 0.9001867081405415
0 0.11425097656250012 0.8499570312500001 0.035179960689435186 0.8071567218613318 -0.011593476810564773 0.8935678546738318 0.06747753906250016 0.9363681640625001
0 0.5036396484375002 0.9351640625000002 0.4577173233399822 0.8877065661058404 0.372431640625 0.9702333984375002 0.4183539657225179 1.0176908948316599
0 0.8090058593750001 0.8238095703124999 0.7047656250000001 0.8206347656249999 0.701923909720757 0.9139384790476306 0.8061641440957569 0.9171132837351307
0 1.0107584691917368 0.4348244316980133 0.9343749999999998 0.3845371093750001 0.8923665308082628 0.4483454901769869 0.9687499999999998 0.4986328125000001
0 0.6526841328618146 0.6723007981410362 0.5542515166320131 0.6692167831991378 0.552630859375 0.7209433593750001 0.6510634756048016 0.7240273743168986
0 0.949725619695099 0.707903719799386 0.8599716796875002 0.7026533203125002 0.8547323649431551 0.7922177701071179 0.9444863049507539 0.7974681695940038
0 0.4927744140625001 0.5810107421875002 0.39364940067144466 0.580043945181893 0.39311914062500014 0.6344111328125001 0.49224415401605565 0.6353779298181073
0 0.17094531250000006 0.44042480468750006 0.10721996384636232 0.39529458682239965 0.06543969040886236 0.4542897040098997 0.12916503906250007 0.4994199218750001
0 0.4802509765625002 0.6890712890625001 0.3917617187500001 0.6748994140625001 0.37431809350574985 0.783817496632597 0.46280735131824996 0.7979893716325971
0 0.9998886685870488 0.8080275530702419 0.8878886718750001 0.7848671875000001 0.8661184610343311 0.8901446078922077 0.9781184577463797 0.9133049734624497
0 0.33618847656250006 0.3117158203125 0.21593359374999999 0.28425097656250004 0.18599433067616492 0.41534011019125605 0.3062492134886649 0.4428049539412561
0 0.8039336656153351 0.9696718741848456 0.8032900390625001 0.9129287109374997 0.7122011000096649 0.9139619148776543 0.7128447265625 0.9707050781250001
0 0.46052636718750006 0.8933818359375 0.3396289026141279 0.7959472701364148 0.2557636682391279 0.9000078170114147 0.3766611328125001 0.9974423828125001
0 0.7019970703125 0.05827929687500009 0.6290165488629972 0.053421690193081336 0.6238417441754971 0.13116778394308135 0.696822265625 0.1360253906250001
0 0.6530190162710751 0.8698926814812626 0.5567573075570668 0.8629745730859086 0.5513037109375002 0.9388583984375002 0.6475654196515086 0.9457765068328541
0 0.33386132812499997 0.58108203125 0.24017085016362563 0.5602040908051733 0.22048628192554517 0.6485392698216476 0.3141767598869195 0.6694172102664743
0 0.8612363281250002 0.44641894531250015 0.7332880859375002 0.44358691406250017 0.7311105475393341 0.5419658462657135 0.859058789726834 0.5447978775157136
0 0.40275781249999987 0.022173828125000083 0.36248142429262076 -0.01917148550288845 0.3087685336676208 0.0331527332471115 0.3490449218749999 0.07449804687500003
0 0.35462695547505285 0.06878222442705033 0.29827539062499997 0.00676757812500004 0.22692480233744705 0.07160254119794976 0.28327636718749993 0.13361718750000004
0 0.4666425781250001 0.3220439453125 0.4093095639622309 0.3216640442925806 0.40882323583723085 0.3950585755425806 0.46615625000000005 0.3954384765625
0 0.5966240548432479 0.29912048570755495 0.5414082031250003 0.2962685546875001 0.5366669418816812 0.3880634739641751 0.5918827935999289 0.39091540498422994
0 0.999434404182605 0.9150972506783106 0.9121923663171165 0.9068716982539126 0.9035039062500001 0.9990234375000002 0.9907459441154887 1.0072489899243982
0 0.7096425781249999 0.003372070312500064 0.6514018521744179 -0.018996766981978386 0.633284664674418 0.02817413145552161 0.691525390625 0.05054296875000006
0 1.014951439441129 0.485638296590219 0.9440000000000002 0.4701796875000001 0.9275460358621916 0.5456995763384394 0.9984974753033204 0.5611581854286581
0 0.8021904296875 0.9690029296875 0.7133027343750002 0.9690029296875 0.7133027343750002 0.9990234375 0.8021904296875 0.9990234375
0 0.8974639031818924 0.03088619413338317 0.7941943359375 0.023800781250000104 0.7867548161236502 0.13223144073692136 0.8900243833680428 0.13931685362030444
0 0.92373828125 0.6257187500000002 0.8322939453125 0.6016347656250002 0.8076931894634699 0.695041228075221 0.8991375254009698 0.7191252124502209
0 0.5459501953125001 0.759857421875 0.48959553035506886 0.7140380738901027 0.4177582011457372 0.8023930766798184 0.47411286610316844 0.8482124246647158
0 0.8872373046875 1.1102230246251565e-16 0.7922711450663885 -0.002048102791608311 0.7916201171874999 0.028138671875000097 0.8865862768086112 0.030186774666608518
0 0.27669531249999996 0.11741210937500005 0.2233528817425534 0.06532289126291937 0.12305371093749999 0.16803515625000004 0.17639614169494658 0.2201243743620807
0 0.25625000000000003 0.9643935546875 0.19975482829439445 0.9256134163099319 0.16562500000000008 0.975333984375 0.2221201717056057 1.0141141227525683
0 1.0014356260274793 0.6265492288433413 0.9990178466997139 0.5815071742310052 0.9673878847347346 0.5832050157001638 0.9698056640624999 0.6282470703124999
0 0.8916953204934892 0.5379255963448343 0.8118671874999999 0.534474609375 0.8081376873190109 0.6207453020926659 0.8879658203125003 0.6241962890625001
0 1.0184700934486268 0.30599909072235737 0.9819008303072548 0.21677786761447485 0.8450703852961283 0.27286080814211744 0.8816396484375002 0.36208203124999994
0 1.0087052960207992 0.5600438474973819 0.97012890625 0.5421611328125 0.953693072271782 0.5776163278947044 0.992269462042581 0.5954990425795862
0 0.16940429687500005 0.2192119140625001 0.12892533183570726 0.1819886845571932 0.06656790996070722 0.24980020799469319 0.10704687500000003 0.2870234375000001
0 0.22749414062499995 0.44205468750000004 0.16333663273564616 0.359832647273747 0.120099609375 0.39357031249999996 0.1842571172643538 0.47579235272625303
0 0.5225419921875 0.14046679687500005 0.438521254427825 0.09767761726997062 0.3962039004464427 0.18077187928604221 0.4802246382061176 0.22356105889107164
0 0.23240820312500005 0.7062265625000002 0.18013603241797876 0.6575065245465866 0.10512821991797869 0.7379830870465867 0.15740039062499997 0.7867031250000002
0 0.807505853595439 0.8138720922172757 0.7104287109375 0.811681640625 0.7094033260920611 0.8571249780952245 0.80648046875 0.8593154296875001
0 0.9990234375 1.1724390536688584e-16 0.9144384765625 1.1206457028348018e-16 0.9144384765625 0.05675000000000012 0.9990234375 0.056750000000000134
0 0.1748935546875 0.21388476562500003 0.13637839392246343 0.1788376671264636 0.06979589843750005 0.25200878906250007 0.10831105920253663 0.28705588756103645
0 0.8047890625 9.992007221626409e-17 0.760302908711183 -0.0042740177872526595 0.7571884765624999 0.028142578125000102 0.8016746303513169 0.03241659591225286
0 0.203125 0.02974609375 0.17562375752010856 -0.00705342212649156 0.13325657002010857 0.024608687248508444 0.16075781250000004 0.061408203125000005
0 0.5719121093750001 0.9735722656249999 0.5164231365920645 0.9717497533333445 0.5155273437500001 0.9990234375000002 0.5710163165329357 1.0008459497916555
0 0.26342968749999995 0.01660546875000002 0.23368239490665715 -0.01773528964054698 0.18394216053165716 0.02535162442195301 0.21368945312499998 0.059692382812500014
0 0.12421386718750008 0.2901884765625001 0.07660058593750006 0.24612500000000007 -0.021635720932862656 0.35227533748745393 0.025977560317137337 0.3963388140499539
0 0.9997868708451179 0.6798435893705997 0.9990233098590535 0.6263777811189475 0.9793184702639358 0.6266591917483477 0.9800820312500003 0.680125
0 0.12344628906250002 0.1298193359375 0.05144615841977348 0.06085333027816144 -0.01887513064272651 0.13426836934066141 0.05312500000000002 0.203234375