0 0.30931152343750007 0.9020947265625001 0.20053609461809305 0.8933734722923296 0.19206542968750012 0.9990234375 0.30084085850690717 1.0077446917701705
0 0.350303735768963 0.653133260701195 0.2370683593750001 0.6478115234375 0.2311435298560372 0.7738794346113052 0.3443789062500001 0.7792011718750002
0 0.30694628906250004 0.4365488281250001 0.22359277549103007 0.4258398277663473 0.20950585937500002 0.5354853515625001 0.29285937294647 0.5461943519211528
0 0.2101464843750001 0.42322070312500015 0.12428320584844973 0.41410056029707737 0.11273925781250005 0.5227832031250002 0.1986025363390504 0.5319033459529229
0 0.080627942967834 0.6264412853391963 0.0019160156250000893 0.6177958984374999 -0.010952161717833841 0.7349542224733036 0.06775976562500007 0.7435996093749999
0 0.16274222125003548 0.6437692298877333 0.08199804687500008 0.6347265624999999 0.06994918499996468 0.7423137779247668 0.15069335937500009 0.7513564453125001
0 0.4002402343750001 0.9162021484375 0.30659168873366466 0.9082417674824578 0.2988750000000001 0.9990234374999998 0.3925235456413356 1.006983818455042
0 0.6694551434463311 0.473518885768552 0.5891250000000001 0.4653896484375001 0.5789852862411692 0.5655865829814484 0.6593154296875001 0.5737158203125002
0 0.5705751953125 0.23077929687500007 0.47610326452481067 0.2217577885214232 0.46684667968750004 0.3186914062500001 0.5613186104751894 0.327712914603577
0 0.19618945312500008 0.25497753906250004 0.10318546080466032 0.24866728417680353 0.0965555779921603 0.34638212792680356 0.18955957031250006 0.35269238281250004
0 0.4796171875 0.6448076171874999 0.4043867187500001 0.6403837890624999 0.3994853371307827 0.723735408139327 0.4747158058807826 0.7281592362643271
0 0.5930187406581857 0.46603517374784775 0.5132335018998584 0.4585282381631373 0.5037196440541728 0.5596434550402896 0.5835048828125002 0.5671503906250001
0 0.19842382812500012 0.8917832031250003 0.08939257812500012 0.8831572265625003 0.08115591304971385 0.9872676287277399 0.19018716304971386 0.9958936052902398
0 0.5117764020274117 0.45869882782057764 0.42641992187500016 0.45109179687500023 0.4145985464663518 0.5837363204297693 0.4999550266187633 0.5913433513753468
0 0.40146691469776713 0.2811060907845345 0.32233398437500005 0.2741015625 0.3137830853022329 0.3707044560904655 0.39291601562500006 0.377708984375
0 0.5831523437499999 0.059391601562500076 0.5033232421875 0.05266992187500006 0.4954482339721767 0.14619637059817342 0.5752773355346766 0.15291805028567343
0 0.8603769531249998 0.33138378906250004 0.7205966796875001 0.31683105468750006 0.7097306600882256 0.4212001135616206 0.8495109335257254 0.43575284793662056
0 0.23499319145004716 0.644616890323329 0.16066210937500008 0.6377666015625001 0.15028799669629084 0.7503339761506067 0.22461907877133794 0.7571842649114358
0 0.4557529296875001 0.0006787109375000544 0.37485943008822425 -0.0059762555545817605 0.36805175781250005 0.07677343750000006 0.4489452574117759 0.08342840399208187
0 0.42895605468750003 0.13847265625000005 0.32117345004780296 0.1321825951233767 0.3154921875000001 0.22953320312500008 0.4232747921396972 0.23582326425162342
0 0.5874765986980472 0.14499144816426793 0.4874423828125001 0.14009375000000007 0.48310835073911396 0.2286152320396761 0.5831425666246611 0.23351293020394398
0 0.3773701171875 0.4364707031250001 0.3065225063324023 0.4278658371814892 0.29190136718750004 0.548248046875 0.36274897804259776 0.5568529128185108
0 0.44192338724438834 0.08554696356185086 0.3404716796875 0.06877441406250005 0.3303275893181117 0.13013272393814926 0.431779296875 0.14690527343750004
0 0.7287607421875 0.33515429687500015 0.6858388671874999 0.3251582031250001 0.6668716839549184 0.4066007233905749 0.7097935589549185 0.41659681714057495
0 0.7605214843750001 0.9607060546874999 0.5968328289285345 0.9413710726201406 0.5900556640625001 0.9987460937500001 0.7537443195089657 1.0180810758173595
0 0.7488974609375 0.4834072265625001 0.6697607421875 0.4771748046875001 0.662666242583225 0.5672578303741226 0.7418029613332251 0.5734902522491225
0 0.07405273437500012 0.8732802734374999 0.00044630641411551596 0.8705962038464733 -0.0032529123358844836 0.9720415163464733 0.07035351562500014 0.9747255859374999
0 0.11991614638850376 0.4074218876065996 0.047451171875000045 0.397591796875 0.03227525986149633 0.5094648311434005 0.10474023437500005 0.519294921875
0 0.6118935546875 0.000918945312500069 0.5145497723761879 -0.007162696746132002 0.5091737958136879 0.057591209503868 0.606517578125 0.06567285156250006
0 0.5566884765625001 0.32750976562500006 0.45641482700528374 0.3152851303975241 0.4475076808863564 0.3883467826975292 0.5477813304435728 0.40057141792500517
0 0.8522232181772147 0.5043575161714925 0.7480767605489222 0.4868807942837723 0.7372333984375001 0.5514980468750001 0.8413798560657924 0.5689747687627204
0 0.9603508136328658 0.39076956633495497 0.9098760799205621 0.3829920529503214 0.9008455787876963 0.4415984631778665 0.9513203125 0.44937597656250006
0 0.9068779296875 0.7240078125 0.812132546216711 0.6611677921372019 0.7788046875 0.7114169921875002 0.8735500709707889 0.7742570125502983
0 0.7191953125000001 0.702759765625 0.59295996378898 0.6937714150437382 0.5847861328125001 0.8085673828125 0.7110214815235203 0.8175557333937619
0 0.9524013994637022 0.6423691571363916 0.8432236328124999 0.586517578125 0.8031581708487975 0.6648368975511085 0.9123359374999997 0.7206884765625002
0 0.302083008308442 0.045326160723083084 0.2366005859375 0.04241406250000003 0.23341992137905812 0.11393555802691699 0.29890234375000013 0.11684765625000004
0 0.2957793438475207 0.11998548999935096 0.23073046874999997 0.11633984375000002 0.22720600012769715 0.17922655944221094 0.29225487522521787 0.18287220569156187
0 0.048869579986847475 0.400292592242492 4.9960036108132046e-17 0.39510742187500003 -0.011320751861847372 0.5018040874450082 0.03754882812500006 0.5069892578125
0 0.3204033203125 0.28958398437500005 0.19389414693215304 0.2759667555076909 0.18521875000000004 0.35656445312499996 0.31172792338034705 0.3701816819923091
0 0.729083984375 9.43689570931383e-17 0.6154293228753274 -0.006590804075744122 0.61234765625 0.046550781250000076 0.7260023177496726 0.0531415853257443
0 0.28838476562500004 0.17923242187500002 0.22219138158026955 0.17751266828890877 0.22047556126776952 0.24355466047640878 0.28666894531250003 0.24527441406250006
0 0.4681855285776672 0.7275020537413687 0.395173828125 0.7198359375000001 0.38864650267233286 0.7820018525086315 0.4616582031250001 0.7896679687500001
0 0.38328515625000004 0.0004736328125000466 0.32872061596430613 -0.004736391854356409 0.32279092846430607 0.057365170645643594 0.37735546875 0.06257519531250005
0 0.8439980468750001 0.9705175781250001 0.7606337890625001 0.9644892578125001 0.7582613031059589 0.9972978215060287 0.8416255609184586 1.0033261418185286
0 0.9990234375 0.06431835937500004 0.9389263684641864 -0.048787823191242995 0.8098013684641867 0.019820575246256977 0.8698984375000002 0.13292675781250002
0 0.080099609375 0.0007939453125000099 0.014529274616589441 -0.0009229780629338736 0.01340720430408944 0.04192956099956612 0.0789775390625 0.043646484375
0 0.9583263870528486 0.29148464874272645 0.890353515625 0.2706738281250001 0.8666423047611638 0.34812003349343745 0.9346151761890124 0.3689308541111638
0 0.9285273437500002 0.9764863281250002 0.8455932070519221 0.9688382542912712 0.8428095703125005 0.9990234375000002 0.9257437070105785 1.0066715113337292
0 1.023780295085831 0.26391415520060385 0.9516591796874998 0.22802832031250012 0.9228534751174697 0.2859202308644841 0.994974590515801 0.32180606575258786
0 0.3216923828125 4.163336342344337e-17 0.19973678905553408 -0.008449780424589761 0.19650488281249998 0.03819628906250002 0.3184604765694659 0.046646069487089825
0 0.9153068115339801 0.3787188128984817 0.8507587890624999 0.36664453125000007 0.8384383056535197 0.4325087261640185 0.902986328125 0.44458300781250004
0 0.1689638671875 1.9428902930940238e-17 0.09628734747712352 -0.002512599624407581 0.09512890625 0.03099511718750001 0.16780542596037648 0.033507716811907604
0 1.0118731358204232 0.41114489054221154 0.9588076171875002 0.39725000000000016 0.9452728759403642 0.44894008432702465 0.9983383945732871 0.4628349748692361
0 0.10344140776903454 0.22459369992183245 0.0033183593750000266 0.22155664062499994 -0.00048144683153447524 0.3468252453906675 0.09964160156250004 0.3498623046875
0 0.3625791015625 0.5487998046875 0.2838603205122612 0.5453115220615639 0.28086718750000006 0.6128564453124998 0.35958596855023883 0.616344727938436
0 0.41681640625000005 0.23343066406250007 0.32895070708066776 0.22493940820772712 0.32399804687500006 0.2761884765625001 0.4118637460443323 0.28467973241727307
0 0.687861328125 0.3143505859375001 0.5689892578125 0.2882119140625001 0.551117503008842 0.3694881358915099 0.6699895733213419 0.3956268077665099
0 0.9714924990382672 0.15455801498217392 0.9036444715287019 0.06792472843101169 0.80201953125 0.14751367187500009 0.8698675587595652 0.23414695842616232
0 0.5844076843489312 0.663612412060117 0.4732710491789628 0.6552929361720572 0.46305957031250006 0.7917041015625002 0.5741962054824685 0.8000235774505597
0 0.9973115234375 0.9814091796874997 0.9263132109546068 0.978680129513313 0.92553125 0.9990234375 0.9965295624828931 1.0017524876741868
0 0.11620553935255647 0.0908650156888024 9.714451465470119e-18 0.080701171875 -0.009012179977556416 0.1837394764986976 0.10719335937500003 0.1939033203125
0 0.6009072265625001 0.9593837890625002 0.43671928850425 0.9458227425189205 0.43232519531250013 0.9990234375000002 0.5965131333707502 1.0125844840435798
0 0.16498925781249998 0.029512695312500014 0.0816904296875 0.021295898437500006 0.0746929781747204 0.09223345716546223 0.15799180629972037 0.10045025404046223
0 1.0024871082600733 0.32439452913391714 0.9652099609375002 0.32267089843750013 0.9617401024372164 0.3977139031672506 0.9990172497597894 0.3994375338636676
0 0.9896210937500001 0.5591279296875002 0.8615419921875003 0.5184404296875001 0.8343414360661898 0.6040643385051417 0.9624205376286896 0.6447518385051418
0 0.44052929687500014 0.925287109375 0.3927872433118428 0.9229382585724331 0.3890439453125002 0.9990234375000002 0.43678599887565756 1.001372288302567
0 0.9995798966551558 0.7825282421782331 0.9990234218647249 0.6795781620985752 0.953661298647069 0.6798233574203421 0.9542177734374999 0.7827734375
0 0.05712011718750011 0.9730000000000001 0.004032449097804963 0.9715908002970248 0.003309570312500121 0.9988232421875001 0.05639723840219526 1.0002324418904753
0 0.1888095703125 0.0930615234375 0.1119541015625 0.0902216796875 0.10653703522954043 0.236825228657211 0.18339250397954043 0.239665072407211
0 0.320568359375 3.3306690738754695e-17 0.24847528955706397 -0.005102661936611771 0.2453798828125 0.03863085937500003 0.317472952630436 0.04373352131161183
0 0.9990234374999997 0.12979589843750022 0.9531845703124997 0.08548632812500027 0.9192914037935953 0.12054928061284217 0.9651302709810953 0.16485885092534214
0 0.10253839235101833 0.27707423625864525 0.004643554687500035 0.27148046875 0.0004606310864817359 0.3446845528038548 0.09835546875000004 0.3502783203125
0 0.9911982421874999 0.5230498046875001 0.8438857421874999 0.49500097656250014 0.8335635950993445 0.5492129131948402 0.9808760950993445 0.5772617413198402
0 0.804451171875 0.004684570312500092 0.7245655599184929 -0.0030199050172921237 0.7200498046875 0.04380273437500008 0.7999354166440071 0.0515072097047923
0 0.6863486328125001 0.31829785156250007 0.631273576186041 0.30391255496884695 0.61092578125 0.3818154296875001 0.6660008378764591 0.3962007262811532
0 0.7907714922385626 0.031017205528044944 0.7198076171875 0.029519531250000085 0.7181464765114373 0.10822888822195523 0.7891103515624999 0.10972656250000008