0 0.9498623046875 0.13428320312500014 0.8387633697119637 0.1333642553131777 0.8377529296206916 0.2555244221395224 0.9488518645962278 0.25644336995134487
0 0.9248471866808217 0.4655556790595483 0.7897539062500002 0.46155957031250006 0.7858149226941786 0.5947216646904518 0.920908203125 0.5987177734375001
0 0.8995371093750002 0.8005263671874999 0.8993721617838857 0.715729492009569 0.797458984375 0.715927734375 0.7976239319661145 0.8007246095529309
0 0.9143681640624999 0.5925302734375001 0.8117802734374999 0.5911953125000001 0.8106706990146435 0.6764629007378025 0.9132585896396435 0.6777978616753024
0 0.37255078125 0.13479687500000004 0.25976730222030453 0.042632587036483406 0.18697753906249998 0.13170703125000008 0.29976101809219546 0.22387131921351672
0 0.5949931649318676 0.4764937097100074 0.5153388671875001 0.47633300781250004 0.5151494120962761 0.5702392558383264 0.5948037098406437 0.5703999577358336
0 0.9357041015625003 0.25266992187500015 0.8301035156250001 0.2473349609375001 0.822863341729482 0.3906474639929346 0.9284639276669822 0.3959824249304347
0 0.7934003906250002 0.26687304687500013 0.7179658259654209 0.2644724786147149 0.7140146484375 0.3886328125000001 0.7894492130970792 0.39103338076028527
0 0.7833642578124999 0.4438105468750001 0.6446718808905663 0.4399831849806396 0.6417265624999999 0.5467128906250001 0.7804189394219335 0.5505402525193606
0 0.428298828125 0.6520791015625 0.36011577075703755 0.5934505480805338 0.28722363281250013 0.6782216796875 0.35540669018046256 0.7368502331694662
0 0.5345990314299176 0.7510152407244178 0.48328222656250003 0.6977832031250001 0.4005240154450823 0.7775638608380824 0.45184082031249995 0.8307958984375002
0 0.14224525969846838 0.7547631693548655 0.08940197997208052 0.6715390879737582 0.009017071836112089 0.7225796295563927 0.061860351562499936 0.8058037109375
0 0.713048449467528 0.21452771849327384 0.648899899157669 0.15079638672914494 0.545075082502641 0.25530089479837115 0.6092236328125 0.3190322265625
0 0.7364521484375002 0.6336445312500002 0.6443833786758459 0.6312861223001456 0.6429530737213467 0.6871230955921868 0.7350218434830008 0.6894815045420415
0 0.9005585937499999 0.7952255859374999 0.8044345755843259 0.7941303966704267 0.8036005859375001 0.8673291015625001 0.8997246041031742 0.8684242908295735
0 0.5902402343750002 0.7959589843750002 0.5273095200379715 0.7466472553884637 0.4458089652587752 0.8506567524498887 0.5087396795958039 0.8999684814364255
0 0.18273437500000006 0.317884765625 0.09262003574018719 0.2251288224151477 0.03707519531249999 0.279091796875 0.12718953457231286 0.37184774008485233
0 0.952473831381574 0.05824903858172956 0.8787570401540237 0.052626894220637835 0.8727216796875 0.13176171875000012 0.9464384709150504 0.13738386311109183
0 0.9026074218750002 0.6723056640625 0.8047138354994747 0.6691074152353027 0.8030126636244747 0.7211777277353028 0.9009062500000002 0.7243759765625002
0 0.7434101562500001 0.5808925781250001 0.6436060186919204 0.5799238145047959 0.6430771389592447 0.6344101561579979 0.7428812765173245 0.635378919778202
0 0.7303095703125002 0.6890771484375001 0.6417783616413912 0.6748649769268908 0.6242919921875002 0.7837919921875002 0.7128232008586092 0.7980041636981094
0 0.36546582031249997 0.8536962890625002 0.2934650320773418 0.8064225647283815 0.23900781250000006 0.8893642578125001 0.31100860073515824 0.9366379821466186
0 0.42013964843749985 0.4397246093750001 0.35575661649552215 0.39686947030167763 0.31654372587052226 0.45578060311417756 0.38092675781249996 0.49863574218749995
0 0.5909451738262065 0.3460450900292318 0.5127021484375 0.27206054687500003 0.4154181074237936 0.37494416778326844 0.4936611328125001 0.44892871093750014
0 0.11339941406250001 0.882740234375 0.08430061420532375 0.831606961196548 0.008581792356430817 0.8746968458341428 0.03768059221360707 0.9258301190125948
0 0.7104330863423642 0.8933197138150177 0.5896502674709504 0.7960360336189283 0.5058652343750001 0.9000595703125001 0.6266480532464139 0.9973432505085894
0 0.5991767578124999 0.6115195312500001 0.522062185692133 0.5405897970843746 0.4585944122546331 0.6095917502093745 0.535708984375 0.680521484375
0 0.9026670437075982 0.8705334904424884 0.8065859375000002 0.8633515625000001 0.8009384039714149 0.9389052680114183 0.8970195101790128 0.9460871959539064
0 0.6055771484374999 0.06882910156250013 0.5493496093749999 0.005767578125000128 0.47644258292433667 0.07077366193374712 0.5326701219868366 0.1338351853712471
0 1.0030132427346259 0.6156012615943882 0.9684833984375002 0.6139980468750001 0.9644860244690033 0.7000930028783096 0.9990158687661289 0.7016962175976976
0 0.7165703138113514 0.32200762720507836 0.6593310546875 0.3216025390625 0.6588115221261487 0.39501288060742173 0.7160507812500001 0.39541796875
0 0.9990234375 0.7005781250000002 0.9597685546875001 0.7005781250000002 0.9597685546875001 0.805267578125 0.9990234375 0.805267578125
0 0.1790453665718328 0.49203423615843855 0.10846436538150983 0.4166311835880441 0.03663872537217707 0.4838635489921056 0.10721972656250003 0.5592666015625001
0 0.8463877735095213 0.29915662918984504 0.7912841796874999 0.2964189453125 0.7867303905529786 0.3880767692476551 0.8418339843749999 0.39081445312500007
0 0.31559493960668755 0.5674490270535391 0.2550552271463741 0.500167483177963 0.19932812500000002 0.550310546875 0.2598678374603135 0.6175920907505761
0 1.000622142738128 0.8077581418639375 0.9573105468750001 0.8071142578125002 0.9557115196932255 0.9146746468555147 0.9990231155563535 0.9153185309069519
0 0.9993185712896496 0.9174262335467605 0.9544453125000001 0.917208984375 0.9541501718664753 0.9781708831946292 0.9990234306561249 0.9783881323663897
0 0.5267929687499999 0.11773730468750002 0.4736357421875 0.06566503906249999 0.37307294022589865 0.16832313514246405 0.4262301667883987 0.22039540076746408
0 0.7959326171875002 0.7599951171875003 0.7395836631011491 0.7141056406654919 0.667731834721585 0.8023344827713427 0.7240807888079361 0.8482239592933511
0 0.4238483976804449 0.21578827137620463 0.3834945972742907 0.17796923930692216 0.3169215902188457 0.24900421011821763 0.357275390625 0.2868232421875001
0 0.9990234375 0.5590185546875002 0.96960546875 0.5590185546875002 0.96960546875 0.6170927734375001 0.9990234375 0.6170927734375001
0 0.12073614930068181 0.3611769438203199 0.08131445312499999 0.3143681640625 0.011674006949318172 0.37301836867968 0.051095703125 0.41982714843749996
0 0.8455654296875001 0.47172851562500007 0.7854201042251763 0.46878316423196303 0.7806181593898822 0.5668409157293408 0.8407634848522061 0.5697862671223779
0 0.7731992187500001 0.15299316406250005 0.7115124664481378 0.09437365500822344 0.6468806305106376 0.1623873268832235 0.7085673828125 0.2210068359375001
0 0.2635525072746286 0.6325180729304436 0.20718847656250006 0.547353515625 0.15070921147537145 0.5847329036320564 0.20707324218749995 0.6698974609375
0 0.9971953125000004 0.9737080078125002 0.9543296820359618 0.9731699169029071 0.9540185546875002 0.9979550781250003 0.9968841851515388 0.9984931690345935
0 0.47742022081953744 0.44181873947772277 0.41316406250000004 0.3601181640625001 0.3699850526179625 0.3940777448972773 0.4342412109374999 0.4757783203125
0 0.05132619770865097 0.9965652713260365 0.05100097656250001 0.924794921875 -0.00032522114615095505 0.9250275021114633 0 0.9967978515624999
0 0.4826817403772471 0.7055350370532636 0.4250849609375001 0.657333984375 0.3560038064977531 0.7398809785717365 0.41360058593750004 0.7880820312500001
0 0.2126194805830713 0.6742403700085242 0.15226171875 0.5866494140625 0.09813844420452593 0.6239450421254558 0.15849620603759726 0.7115359980714799
0 0.1591202003537163 0.7018409249649091 0.10068820695215508 0.6283128850003921 0.06505140503593876 0.656633092847983 0.12348339843749997 0.7301611328125002
0 0.9990234375 0.44583984375000013 0.9787060546875 0.44583984375000013 0.9787060546875 0.5505634765625003 0.9990234375 0.5505634765625003
0 0.24175553154647086 0.43585850452478236 0.17513281259646687 0.3692175564978374 0.115234375 0.429099609375 0.18185709395000402 0.495740557401945
0 0.2796552734375 0.39191406250000005 0.22516425044255367 0.33449113162437094 0.1726046801300537 0.38436710818687103 0.227095703125 0.44179003906250014
0 0.37089062500000003 0.2907626953125001 0.32441643827218275 0.2498265525665234 0.2286826171875 0.35851171875 0.27515680391531727 0.39944786149597666
0 0.28914160156249996 0.2776904296875 0.1651022995835283 0.16085370658887618 0.08708300781249999 0.2436826171875 0.21112230979147167 0.36051934028612387
0 0.5209677734375001 0.5556240234375001 0.45498343223567883 0.4987878906856629 0.4004453462981788 0.5621042969356629 0.4664296875000001 0.6189404296875001
0 0.8339107209330192 0.8507691583905566 0.7690263671875 0.797056640625 0.726132247816981 0.8488724431719439 0.7910166015625003 0.9025849609375003
0 0.83170703125 0.08973925781250003 0.7722167677206391 0.031681380026450955 0.7066962890625 0.09881835937500005 0.7661865525918612 0.15687623716104912
0 0.6637568359375001 0.3325224609375001 0.6010916216684875 0.33123447283868745 0.5997498247934876 0.3965176759636875 0.6624150390625001 0.3978056640625001