0 0.8155053196883699 0.7486547398273004 0.815169921875 0.6038671875 0.7099683131241299 0.6041108851726997 0.7103037109374999 0.7488984375000001
0 0.6499290442743026 0.733860492835919 0.64969921875 0.6208710937499999 0.5471842369829159 0.6210796138379383 0.5474140625072186 0.7340690129238574
0 0.8064363454923764 0.48484241097374714 0.7185391217040722 0.480964803280507 0.7131281668366959 0.60361978761926 0.801025390625 0.6074973953125002
0 0.6646251943891522 0.4560095378428833 0.5620253906250001 0.4550455734375 0.560954883735848 0.5689852543446168 0.6635546875000001 0.56994921875
0 0.6753080121261815 0.2853301937888452 0.5398749999999999 0.28220442656250005 0.5357251909988183 0.462007045273655 0.671158203125 0.4651328125000001
0 0.5455299426242697 0.019652344517768934 0.46618750081136257 0.017427055445957088 0.4614114644370928 0.18771611717818823 0.54075390625 0.18994140625000008
0 0.34490049466145284 0.30199519414334164 0.26516796875000004 0.3018919265625001 0.26500575533854726 0.42713631523165835 0.34473828125000006 0.4272395828125
0 0.2993586091116826 0.6500678381388041 0.23375097656250002 0.59829296875 0.13443826588831742 0.7241391931111961 0.20004589843750004 0.7759140625000001
0 0.5334543585813648 0.2556029985437435 0.3948290754950218 0.25282551979021534 0.391920615351157 0.3979881462464719 0.5305458984375001 0.4007656250000001
0 0.19481534914226192 0.5145692677922755 0.11251660156250003 0.4582174484374999 0.019485432107738142 0.5940843790827245 0.10178417968750005 0.6504361984375
0 0.6835306765603131 0.002809007244059468 0.580310546875 0.0007903640625000735 0.5765249875021871 0.1943589615059407 0.6797451171875001 0.1963776046875001
0 0.7984420622568865 0.3834795998924313 0.7264950677791188 0.3806614176249569 0.7224084742722323 0.48499041148252575 0.7943554687500001 0.4878085937500001
0 0.8372036513121899 0.25709865689001105 0.7989912109374999 0.11468229218749999 0.7094701768128098 0.13870212435998908 0.7476826171874997 0.28111848906250014
0 0.4875542813224788 0.5115132374941768 0.39433691406250004 0.5083294265625001 0.3917933749275214 0.5828005640683236 0.4850107421875002 0.5859843750000001
0 0.650723100275101 0.7269900244325915 0.5547226562500002 0.7261796875000001 0.5539038528498994 0.8231831521299087 0.6499042968750002 0.8239934890624999
0 0.3532866932249328 0.7070865698991698 0.2774960930642793 0.6621132808431011 0.18265471233934666 0.8219433781314314 0.25844531250000014 0.8669166671875
0 0.13183531835280307 0.7944814307192104 0.051162109375000056 0.7462994796875002 -0.020239615227802866 0.8658506005307898 0.060433593750000146 0.9140325515625001
0 0.8090520437103166 0.7632312293612025 0.7047636718750001 0.7608489578125001 0.7018795969146836 0.8871047081387978 0.80616796875 0.8894869796875001
0 0.6539224927873405 0.5631094813545828 0.55424609375 0.5589596359375 0.5513773119001595 0.6278657795829173 0.6510537109375001 0.6320156250000001
0 0.9636291192523914 0.7255637016018041 0.9260371093750001 0.5954401046875001 0.8288181463726086 0.623526142148196 0.8664101562500001 0.7536497390625
0 0.18257832835403345 0.23405224611889558 0.1076318359375 0.1935598953125 0.05406717945846658 0.29270166013110444 0.129013671875 0.3331940109375
0 0.4935530248573824 0.44147912083783425 0.3936005859375 0.44020052031249995 0.3926754907676177 0.5125182744746657 0.49262792968750013 0.5137968749999999
0 0.3501440355909068 0.08990754976745347 0.26678710937500005 0.03468619843750004 0.15616260503409327 0.20167448148254657 0.23951953125000003 0.25689583281250006
0 0.48122867784724266 0.5772763191007257 0.3917578125 0.5665299484374999 0.3733357752777575 0.7199059730867742 0.4628066406250001 0.7306523437499999
0 1.0021723711407968 0.8857409174183555 0.957537109375 0.7139088546875001 0.865650871046703 0.7377773122691449 0.9102861328124998 0.9096093750000003
0 0.8044331780536496 0.9595549147137952 0.8032890427959559 0.8839049471730049 0.7117005913048062 0.8852901371467098 0.7128447265624999 0.9609401046875
0 0.8607634512528997 0.259510137341627 0.7334296663210254 0.25744010434319886 0.7312501994431257 0.391505487314072 0.8585839843750002 0.39357552031250015
0 0.49079468741240434 0.890369065004222 0.33963085937500004 0.7279375 0.22550206180921792 0.8341492817365189 0.3766658898466222 0.9965808467407408
0 0.6532255089374892 0.8224886842889477 0.5567587890625 0.8172903640625 0.5510899207500108 0.9224891797735524 0.6475566406250001 0.9276875
0 0.36058380091975534 0.49746930217957575 0.26802636718750006 0.4031223953125 0.19158221470524478 0.47811663532042437 0.28413964843750006 0.5724635421875001
0 0.5969725810175998 0.05762040081978059 0.5424901792151432 0.055307289845626995 0.5369316606975435 0.1862311593383465 0.5914140625000001 0.1885442703125001
0 0.9997567648104161 0.8822582570678525 0.9121812201382207 0.8760570675517864 0.9034970703124999 0.9986979171874999 0.9910726149846953 1.0048991067035662
0 0.46562018624295265 0.09464570804487209 0.40990917804575533 0.09457552031043168 0.40978508555280274 0.19307304195305966 0.46549609375 0.19314322968750003
0 0.8021865234375 0.9986979171874999 0.8014951171875 0.9586705734375001 0.7133087585751172 0.9601938471248614 0.7140001648251172 1.0002211908748613
0 0.9318890687442662 0.61974224106229 0.8984736328125 0.47622005156249997 0.8031822203182337 0.4984061964377099 0.8365976562499998 0.6419283859375
0 0.557836899534631 0.660309840598434 0.4896028044339376 0.618703992912622 0.4058762564618067 0.7560165476266882 0.47411035156250014 0.7976223953125002
0 0.8994372592805497 0.4949091563777072 0.87316015625 0.38399348906249997 0.7906320766569503 0.4035452701847927 0.8169091796875001 0.5144609375
0 0.2358795243931099 0.27194798904361617 0.163814453125 0.14653255156250006 0.11174945235012775 0.17644966596861386 0.18381452361823764 0.30186510344973
0 0.5952453046667893 0.29386851413550424 0.5354677259555183 0.29168749826759544 0.5306364837887292 0.4241028388195912 0.5904140625000001 0.4262838546875001
0 0.2457565096097914 0.5892252947700687 0.18015527343750004 0.5433515625 0.09178450601520871 0.6697252255424314 0.15738574218750007 0.7155989578125
0 0.8082995089139968 0.7518559968791423 0.710427734375 0.7489114578125 0.7086056871137052 0.8094733979738826 0.806477461652702 0.8124179370405248
0 0.13293280352752626 0.039255887730925046 0.07724023437500001 1.1102230246251566e-17 -0.03131073321502622 0.154001924769075 0.02438183593750002 0.19325781250000004
0 0.2828465720785016 0.38921367556109543 0.203576171875 0.33703776093750004 0.13298155292149838 0.4442915338139047 0.212251953125 0.4964674484375001
0 0.5936840478241285 0.7939186460107278 0.5125703125 0.7226575515625001 0.4504272803008714 0.7933925508642723 0.531541015625 0.8646536453125
0 0.13678466132281444 0.7721484966884542 0.08626269531250008 0.7092213546874999 0.04305281035370392 0.7439130357297563 0.09357477636401827 0.8068401777307107