0 0.5488349652861125 0.8560869143275616 0.4439579528569076 0.8496943325877849 0.437512636008295 0.9554365198227233 0.5423896484374999 0.9618291015624999
0 0.41041298364024453 0.6422874672631184 0.33102395791113903 0.6097888757704538 0.29418359375 0.6997841796875 0.3735726194791056 0.7322827711801645
0 0.7630810546875 0.8400917968750001 0.6639335937500002 0.8369775390624999 0.6603831793625623 0.9500107537107864 0.7595306403000622 0.9531250115232865
0 0.1924766757078353 0.5113830793848224 0.13165523772679538 0.3679979626878496 0.04067578125 0.40658984374999996 0.10149721923103991 0.5499749604469728
0 0.3217711351982958 0.9644566158425463 0.2867470089260541 0.8292233957905489 0.1870041940402583 0.855055842448003 0.22202832031250005 0.9902890625000003
0 0.7523018875901007 0.7811293445408845 0.71724609375 0.6627373046874999 0.6256199874098993 0.6898677257716155 0.6606757812499999 0.808259765625
0 0.6445654296875001 0.5386601562500001 0.56259375 0.5361796875 0.5599204632501924 0.6245233947803522 0.6418921429376925 0.6270038635303524
0 0.8743212890625 0.08576562500000012 0.7640996093750001 0.07059765625000013 0.749696703576157 0.17525982266759113 0.859918383263657 0.1904277914175911
0 0.9001096321522232 0.49906501361359223 0.8382607421875001 0.48764453125000007 0.8229968131602771 0.5703080332614079 0.8848457031250001 0.5817285156250002
0 0.40063521122209433 0.7422403981033012 0.3456533203125 0.7220380859375 0.3198130309654057 0.7923640940841987 0.3747949218750001 0.81256640625
0 0.83213671875 0.5006181640625 0.7574677146888706 0.4974628881424688 0.7540107421875 0.5792714843750001 0.8286797462486293 0.5824267602950313
0 0.11478320312500012 0.7825400390625 0.015261723771532199 0.7753241494930776 0.007970703125000067 0.8758818359375 0.10749218247846799 0.8830977255069226
0 0.7632901530153504 0.5877495398589777 0.742939361595881 0.49552204613784545 0.6818718648305309 0.5089971156538675 0.7022226562500001 0.6012246093749999
0 0.8629648437500002 0.07259863281249998 0.8297217900658621 -0.012534222788530603 0.7257392578125 0.028069335937499985 0.7589823114966381 0.11320219153853057
0 0.4578705582365651 0.4971477200582566 0.40223784036867416 0.4629473708104446 0.35168652343750006 0.5451777343750001 0.407319241305391 0.5793780836228121
0 0.6897958984375001 0.13725878906250008 0.5609472765427567 0.10223042859003015 0.5258222656249999 0.23143457031250003 0.6546708875197433 0.26646293078496996
0 0.8213867187500001 0.2667138671875001 0.679806509721556 0.26041991605568476 0.67397265625 0.39165039062500007 0.8155528652784442 0.3979443417568155
0 0.5695371093750002 0.7095615234375001 0.4496269531250001 0.7011005859375002 0.443525808148663 0.7875672744594853 0.5634359643986631 0.7960282119594854
0 0.9762698517103704 0.7402929752620137 0.8678997349259611 0.7380908069881663 0.8656748046875002 0.8475810546875 0.9740449214719096 0.8497832229613473
0 0.44286035156250003 0.9594697265625 0.43871773250799795 0.849083870313892 0.37519433731094715 0.851467810034913 0.3793369563654493 0.961853666283521
0 0.8727958984375 0.9351914062500001 0.8666982258054778 0.8344059792296263 0.805599609375 0.8381025390625002 0.8116972820070222 0.9388879660828738
0 0.701998046875 0.60433203125 0.6831532679921866 0.5118806026944759 0.6283769531250002 0.5230458984374999 0.6472217320078136 0.6154973269930242
0 0.37870508490553284 0.9523117929311535 0.3781708984375 0.85414453125 0.30087206353196716 0.8545651601938464 0.30140625 0.952732421875
0 0.8249111604874695 0.7429259496780016 0.808944207368621 0.645752147225952 0.7601805078186518 0.6537646741104503 0.7761474609375002 0.7509384765624999
0 0.22086328125000007 0.6100722656250002 0.12913085937500007 0.6065380859375 0.1255379848339091 0.6997939790413501 0.21727040670890913 0.7033281587288501
0 0.42342285156250004 0.44961328125000016 0.3564631375120081 0.38679954150489804 0.27390429687499995 0.4748076171875 0.34086401092549196 0.537621356932602
0 0.15465136718750014 0.8953359375 0.04681542968750012 0.8874990234375 0.03906971665083527 0.9940800348220084 0.14690565415083529 1.0019169488845083
0 0.49452148437500004 0.5157470703125001 0.4453750000000002 0.5014072265625001 0.4241191937080351 0.5742565664868691 0.47326567808303494 0.588596410236869
0 1.0034822384232085 0.8481250306391562 0.91652734375 0.8438203124999999 0.912058408006297 0.9340923870779626 0.9990133026795055 0.9383971052171189
0 0.674599389636002 0.04289458454129484 0.44892549790426967 0.027003886298372214 0.4447792332682677 0.08588762206957745 0.670453125 0.10177832031250009
0 0.6641700598204151 0.9456717528600123 0.6436835532277655 0.8187800224461259 0.5292880859375 0.8372490234375002 0.5497745925301496 0.9641407538513865
0 0.3455402360985727 0.5887695841943873 0.2608271484375001 0.5660068359375 0.23951347483892746 0.6453270954931127 0.3242265625000001 0.66808984375
0 0.251033203125 0.22892285156250006 0.1615466976170292 0.1686940973182876 0.0887312679295292 0.27688159731828754 0.17821777343750003 0.3371103515625
0 0.29952636718750003 0.8282988281250001 0.26680360484666216 0.7370289847868416 0.1569930528310511 0.7763991038173927 0.18971581517188896 0.8676689471555512
0 0.8138964988696152 0.9321711169886762 0.8074189453124999 0.8345019531249998 0.7541777198803847 0.8380329845738237 0.7606552734375 0.9357021484375
0 0.07447091050015467 0.7191944626189611 0.05456347656250001 0.6132861328124999 -0.017251183937654634 0.6267850295685388 0.0026562500000000266 0.732693359375
0 0.055622073103380965 0.9298442305746019 1.1379786002407854e-16 0.9295312499999999 -0.00036621372838072444 0.994613777237898 0.05525585937500012 0.9949267578125
0 0.8850262472681963 0.641000068654215 0.8114267218910376 0.6351015596211355 0.8039755859375001 0.7280742187500001 0.8775751113146588 0.7339727277830798
0 0.5647880859375001 0.5360927734375001 0.483290031595965 0.523624998857751 0.4714462890625001 0.6010439453125002 0.5529443434040352 0.6135117198922492
0 0.6825048828125001 0.005138671875000089 0.5718408110948859 -0.009874932057703711 0.5649296782823858 0.0410664741922963 0.6755937500000001 0.05608007812500011
0 0.996929314823217 0.003990236798872262 0.9230644531250001 0.0038769531250001125 0.9229564258642735 0.0743144521965435 0.9968212875624906 0.07442773587041565
0 1.0000352828382926 0.07202688030173729 0.9361640625 0.0713164062500001 0.9351521228992208 0.16228921103064953 0.9990233432375135 0.16299968508238669
0 0.24999121093749999 0.737291015625 0.20402937005921978 0.6773893650266636 0.13758698724671983 0.7283698337766636 0.18354882812500004 0.7882714843749999
0 0.06391995252773572 0.5784494506121801 0.02870507812500005 0.550560546875 -0.007228546277735681 0.59593336188782 0.027986328124999994 0.6238222656250001
0 0.9594912109374999 0.706662109375 0.9243907445523142 0.663737206927418 0.8409326171874998 0.731982421875 0.8760330835726858 0.7749073243225819
0 1.002499770438206 0.5632163930403526 0.9484492187500002 0.5375429687500002 0.9151135108117945 0.6077250132096477 0.9691640625000002 0.6333984375000001
0 0.08385185977923465 0.7183066547739074 0.0018193359375000885 0.7144023437499999 -0.0014124066542344938 0.7823036967885925 0.08062011718750006 0.7862080078125
0 0.9142373046875001 0.19977343750000007 0.8895009765624998 0.14909960937500003 0.8088000446905103 0.18849360830191286 0.8335363728155103 0.2391674364269129
0 0.598581085060454 0.7787195110592136 0.5949404211489988 0.6874949032371227 0.5544618751510448 0.689110353115409 0.5581025390625001 0.7803349609375
0 0.6514023437500001 0.8021181640625002 0.6442363179963714 0.6838513953389787 0.5928525390624999 0.68696484375 0.6000185648161287 0.8052316124735217
0 0.032263671875 0.55706640625 0.016164057854506374 0.434655865294182 -0.015132817145493615 0.438772076231682 0.0009667968750000089 0.5611826171875001
0 0.5584248247909527 0.26675668664569324 0.5549638398561976 0.1243348127984022 0.5027558119402449 0.12560351677770895 0.506216796875 0.26802539062499997
0 1.000933858122499 0.6690386734753256 0.9990211960443732 0.6166329214466195 0.9626742519843742 0.6179594823462938 0.9645869140624999 0.6703652343750001
0 0.06121538811732463 0.1361714820077601 0.045580078125 0.003338867187499999 -0.015635309992324632 0.010544338304739897 0 0.143376953125
0 0.27752832031249997 0.29026464843750005 0.23900952056617725 0.25186352406722257 0.14754736178726663 0.34360595703353564 0.18606616153358935 0.3820070814038131
0 0.29404531112540544 0.32347518962213206 0.25899560554773043 0.28905030175072577 0.18044052879732506 0.36903116681609377 0.2154902343750001 0.4034560546875001
0 0.16363574218750004 0.15659863281250003 0.09510253906250002 0.13992871093749998 0.07489824699520102 0.2229923786995919 0.14343145012020103 0.23966230057459187
0 1.0201502972157181 0.34886860026659194 0.9226509506622687 0.25713684815010096 0.8420768253215506 0.3427770369460091 0.939576171875 0.43450878906250007
0 0.3582592150089507 0.38135688618112185 0.2988798828125 0.33414257812500003 0.22610316247278775 0.4256706176354646 0.2854824946692385 0.47288492569158647
0 0.07692292739729352 0.36455612862035935 0.075337890625 0.17114453125 -0.0015850367722935132 0.17177492606714068 0 0.3651865234375
0 0.7511767578125 8.881784197001253e-17 0.656993650247951 -0.00472107098133111 0.6540224609374999 0.054552734375000064 0.748205568502049 0.05927380535633127
0 1.0000192120603093 0.4790956820925893 0.9990232173496564 0.4157066918980087 0.9725450209143471 0.4161227285554195 0.973541015625 0.4795117187500001
0 0.9523984375000001 0.9871933593750002 0.8590425935527929 0.987074217024861 0.8590273437500002 0.9990234375000003 0.9523831876972075 0.9991425798501397
0 0.9977529296875 0.9807177734374999 0.9385102722930206 0.9797382411872173 0.93819140625 0.9990234375000003 0.9974340636444794 1.0000029697502832