0 0.5905949482218176 0.5739321845285632 0.5251569047158113 0.4133615149460049 0.42206586274399377 0.45537464291744173 0.48750390625 0.6159453125
0 0.3622180373350647 0.6815327274059684 0.28920200959184644 0.542957744301396 0.1963648316317817 0.5918742356454278 0.269380859375 0.7304492187500002
0 0.9098663174448411 0.8926670368823206 0.8311970236874874 0.8596541953481605 0.7936080499926461 0.9492283694033399 0.8722773437499999 0.9822412109374999
0 0.3733039494027624 0.8626020207526501 0.32417952607137834 0.7682008616617098 0.263638271981116 0.7997052862215599 0.3127626953125001 0.8941064453125002
0 0.5771054687499999 0.96053515625 0.55293359375 0.860294921875 0.4581527192017624 0.8831503298482086 0.4823245942017625 0.9833905642232086
0 0.3173586035076196 0.906757710533913 0.26577636718750003 0.8030175781249997 0.20734824349335595 0.832069529516895 0.2589304798134756 0.9358096619258081
0 0.2551953125 0.7149306640625002 0.19301348133355833 0.5637057314853143 0.10261699695855833 0.6008756533603143 0.164798828125 0.7521005859375001
0 0.26829980468750014 0.9628583984375002 0.21336023914367427 0.8372438835891804 0.12292578125000006 0.8767968750000001 0.1778653467938259 1.0024113898483198
0 0.6919542273888414 0.7590745056087013 0.630121062002242 0.6181073494965099 0.5412822265624999 0.6570751953125 0.6031153919490994 0.7980423514246912
0 0.13516973770517834 0.11159377310451106 0.05110336073505969 0.10914257360873374 0.04839355468750002 0.20207812500000003 0.13245993165761868 0.20452932449577738
0 0.7384765625000002 0.9373652343750001 0.7045954932132916 0.8438793832687892 0.6156350081164285 0.8761203729338636 0.649516077403137 0.9696062240400745
0 0.432144462562004 0.8291479973628835 0.3849470797817957 0.7317935619721714 0.32089343753229177 0.762846736484288 0.36809082031250007 0.8602011718749999
0 0.9588330078125 0.7454746093750002 0.8991389755227374 0.7133197487918232 0.8527346786477373 0.7994672097293233 0.9124287109375 0.8316220703125001
0 0.9994069842480252 0.26986335720447646 0.9473369140625 0.26958789062500005 0.9469533571474859 0.34208973648553764 0.9990234273330112 0.34236520306501406
0 0.16265332031250002 0.7891992187500001 0.11765384476743242 0.6646775448481799 -0.027131311482567578 0.7169998104731798 0.017868164062500025 0.8415214843750001
0 0.9227696649290804 0.699492040847432 0.8546884765625 0.6374335937500001 0.7745906866334197 0.7253048341525683 0.842671875 0.7873632812500002
0 0.7506231458761874 0.47803305151572334 0.66055859375 0.419220703125 0.5895913498109626 0.5278991221287115 0.67965590193715 0.5867114705194348
0 0.550322265625 0.8619853515625 0.5281921874008473 0.7924079546688902 0.436115234375 0.8216943359375 0.45824531259915274 0.8912717328311098
0 0.5593115234375001 0.7772187500000001 0.4968916015625001 0.666005859375 0.38594952031714325 0.7282737853777109 0.44836944219214325 0.8394866760027109
0 0.07836933181213619 0.4350540513058361 5.2735593669694933e-17 0.4342314453125001 -0.0008478474371360664 0.515005519006664 0.07752148437500007 0.515828125
0 0.9964199218750002 0.7656367187500001 0.9462412109375002 0.7492587890625002 0.9224001710854279 0.8223029814612255 0.972578882022928 0.8386809111487257
0 0.8519555791560991 0.8516865419075064 0.779629350404775 0.8049389237002782 0.7355321696861759 0.8731644911677717 0.8078583984375 0.919912109375
0 0.9990715671847086 0.9532321151620016 0.950346231273989 0.9525002686390014 0.9496474609375 0.9990234375000002 0.9983727968482196 0.9997552840230004
0 0.9990234375 0.0791083984375001 0.8840351740578505 0.03440861336831062 0.8387158381203506 0.15099064461831058 0.9537041015625001 0.19569042968750006
0 0.43234179687500013 0.644904296875 0.35855664062500003 0.5171689453125 0.29345270392785333 0.5547756382360223 0.36723786017785337 0.6825109897985222
0 0.054094178586463385 0.21411115297514285 2.4980018054066023e-17 0.2129169921875 -0.0017885145239633158 0.29393474546235715 0.052305664062500035 0.29512890625
0 0.9622373046874999 0.9273984375000002 0.888376544240051 0.9144276625702338 0.8745097656249999 0.9933906250000002 0.948370526072449 1.0063613999297663
0 0.6833798828125001 0.469791015625 0.6623439082770949 0.3831475613998643 0.5752255859375002 0.40429882812500006 0.5962615604729053 0.4909422823501358
0 0.9930175781249998 1.1102230246251565e-16 0.8731191760780153 -0.009208529084293638 0.8690400390624999 0.043903320312500105 0.9889384411094845 0.05311184939679385
0 0.7725939132012869 0.5338193574307717 0.7385068388780572 0.5004074750077605 0.6473779296875001 0.5933779296875002 0.6814650040107296 0.6267898121105115
0 0.5585195312500001 0.9990234375 0.5548487111770378 0.9683280067055449 0.4817373046875001 0.9770712890625001 0.4854081247604622 1.007766719856955
0 0.7956168389308168 0.5745150607413667 0.7651965420440762 0.5438075940956504 0.6830937499999999 0.6251425781250001 0.7135140468867405 0.6558500447707164
0 0.8593434937791654 0.633401060439689 0.7899462890625 0.5720878906250001 0.7087199827833347 0.6640237442478113 0.7781171875000001 0.7253369140625001
0 0.7916155205132063 0.8200109169063443 0.7465732421875 0.7729345703125001 0.6879342841742939 0.8290398643436557 0.7329765625000002 0.8761162109375
0 0.7539892578125001 0.7784951171875001 0.7119555224908058 0.7364497940245636 0.6588051318658057 0.7895855362120636 0.7008388671875 0.8316308593750001