0 0.5160527531468408 0.5490113562287735 0.40263964843750005 0.5431386718750001 0.39584373122815936 0.6743812218962267 0.5092568359375002 0.6802539062500002
0 0.7116514384748525 0.42977734300511833 0.710744140625 0.3429462890625 0.6179384052751475 0.34391601636988167 0.6188457031249999 0.43074707031250004
0 0.5344834137779075 0.9628039722213833 0.533244140625 0.8628046875 0.4313759612220923 0.8640671215286166 0.4326152343749999 0.9640664062500001
0 0.31195242289254577 0.9419717979486114 0.2755488281249999 0.7967548828125 0.19233175679495423 0.8176160926763887 0.22873535156250005 0.9628330078125001
0 0.698279296875 0.2058349609375001 0.6117275186233322 0.20423352653862534 0.6099599404983321 0.29976477653862527 0.69651171875 0.30136621093750005
0 0.7819755859375002 0.20285351562500012 0.6993456759009221 0.1992750426890555 0.6959804415259221 0.2769810973765555 0.7786103515625001 0.2805595703125001
0 0.4801682527897076 0.10823979169468097 0.36351074218749996 0.08489257812500002 0.34029161635308325 0.20091008103249924 0.4569491269552909 0.2242572946021802
0 0.24885266243964216 0.5392654210629851 0.23768354077914614 0.46932095734277485 0.09838183593749998 0.4915654296875 0.109550957597996 0.5615098934077103
0 0.9310683593750001 0.48495703125 0.8034677908513823 0.4827431369541128 0.8010918142888821 0.619685519766613 0.9286923828125 0.6218994140625002
0 0.30530212667399315 0.7075989698742573 0.2752373046875 0.6005292968750001 0.21534273012221644 0.6173475019915365 0.24540755210870957 0.7244171749907937
0 0.2447626953125 0.7280546875000001 0.20663266483204185 0.5949548406658677 0.13400668826954185 0.6157605047283676 0.17213671875 0.7488603515625002
0 0.695368998331907 0.04295608173686518 0.5800701396027719 0.039217767831684715 0.5769052428333649 0.13683102203231962 0.6922041015625001 0.14056933593750012
0 0.5254335937500002 0.7342255859375002 0.40666210126658325 0.7329450880267986 0.40536717939158323 0.8530544630267984 0.5241386718750002 0.8543349609374999
0 0.36800097656249997 0.693591796875 0.3350069209054093 0.5804032955446491 0.2747373046875 0.5979716796875001 0.3077313603445907 0.711160181017851
0 0.7164824310139039 0.5995512971745299 0.7149863202771718 0.5150903772739083 0.6315478345757679 0.5165683769743782 0.6330439453125 0.601029296875
0 0.12288190568736423 0.17744615053007812 0.11486328125 0.11688281250000002 -0.003172921312364238 0.1325108807199219 0.004845703125000001 0.19307421875000003
0 0.932066410853559 0.029147250959410852 0.8570654296875 0.0275029296875001 0.854970698521441 0.12304806154058934 0.9299716796874999 0.1246923828125001
0 0.22293945312500002 0.4718769531250001 0.2110171529918731 0.4048415251205225 0.08311187955437309 0.42758957199552244 0.09503417968750003 0.4946250000000001
0 0.19529696287657344 0.4096947873954129 0.1822626000398709 0.342731932420523 0.05745196528829748 0.3670264028376102 0.070486328125 0.43398925781250003
0 0.7754814453125001 0.03284570312500009 0.6972978515625 0.030582031250000086 0.6944888452220568 0.1276006022663438 0.7726724389720567 0.1298642741413438
0 1.0026960113043675 0.02177990176232323 0.93483203125 0.01938671875000011 0.931155262722335 0.12364959573899137 0.9990192427767024 0.12604277875131448
0 0.3578242187499999 0.8813818359374999 0.3286786471095839 0.7750749625036782 0.2689580078124999 0.7914482421875 0.298103579452916 0.8977551156213217
0 0.4940977354919357 0.34095800606440374 0.49230566358748284 0.2597226347172744 0.3656982421875 0.262515625 0.3674903140919529 0.3437509963471293
0 0.4280882490063579 0.8782642437697573 0.4028681640625001 0.7692958984375001 0.3291529619311423 0.7863568499802428 0.35437304687500004 0.8953251953125001
0 1.0004431626328247 0.4085290980856782 0.9184511718750002 0.40707421875000005 0.9165212440240161 0.515838308417546 0.9985132347818407 0.5172931877532241
0 0.4223079658955127 0.6730518798050513 0.38888474333303236 0.567756765709823 0.337306640625 0.5841289062499999 0.37072986318748036 0.6894240203452282
0 0.9156621290677951 0.476167432842949 0.9148212816211023 0.41565473790748914 0.7656493869283072 0.41772753943954016 0.7664902343750001 0.478240234375
0 0.150400390625 0.2336796875 0.1367568453366272 0.1678234425563077 0.011398446899127185 0.19379414568130768 0.02504199218749999 0.25965039062499995
0 0.24090234375000003 0.600220703125 0.23340283826744054 0.5369052148635813 0.11880859375 0.5504785156249998 0.12630809923255945 0.6137940038864186
0 0.09701070360279336 0.7008302937499937 0.004975585937500082 0.6904648437499998 -0.005178672352793179 0.780624784375006 0.0868564453125001 0.7909902343749999
0 0.9988750000000002 0.6205595703125002 0.9258310505099339 0.6198617654190649 0.9252177692599339 0.6840580544815649 0.9982617187500002 0.6847558593750002
0 0.11304296875000004 0.922625 0.014308593750000088 0.898671875 -0.009243367706230198 0.9957526606763984 0.08949100729376976 1.0197057856763985
0 0.7279370222134772 0.42766309680371634 0.6314262592241848 0.42556053601287236 0.6293583776357077 0.520479470459156 0.725869140625 0.52258203125
0 0.170759765625 0.350017578125 0.16125607528076175 0.29029586407978714 0.042368379968261746 0.3092148093922872 0.0518720703125 0.3689365234375
0 0.45577539062500005 0.07680371093750007 0.4362042597317563 0.000998006039666799 0.31749218749999997 0.031646484374999985 0.3370633183932436 0.10745218927283325
0 0.09825697095219761 0.1218132638323485 0.08477148437500001 0.051347656250000005 -0.005172010014697597 0.06856075960515154 0.008313476562499996 0.13902636718750003
0 0.8527109375 0.03176074218750011 0.7769667993508044 0.03020984002229161 0.7750771484375001 0.1224980468750001 0.8508212865866958 0.1240489490402086
0 0.1550390625 0.29340234375 0.14429530592290363 0.23540990418150484 0.031721647282356866 0.2562654500841508 0.04246540385945321 0.31425788965264595
0 0.5016797035230469 0.3915630103218387 0.38380078125000006 0.39025390625 0.3826630699144532 0.49269968499066136 0.5005419921875001 0.49400878906250006
0 0.684802734375 0.2950468750000001 0.6179355566340848 0.29415356637444 0.6172295019465848 0.34700415231194004 0.6840966796875001 0.3478974609375001
0 0.08479394531250001 0.067740234375 0.08349886679854596 -0.00004589544485616697 0.000386562111045959 0.0015419951801438397 0.0016816406250000002 0.069328125
0 0.7674961036353523 0.3378203831424191 0.7104814453124999 0.33719824218750005 0.7097353416771477 0.40557317154508093 0.76675 0.40619531250000007
0 0.9156337890625 0.20812500000000012 0.8521832268149707 0.20678124222903987 0.8499257808121994 0.31337502067239614 0.9133763430597288 0.3147187784433564
0 0.9686767619023735 0.20515209667889453 0.9128828125 0.20422851562500016 0.9113505700439928 0.2967919757589523 0.9671445194463664 0.2977155568128467
0 0.05788336379258628 0.5503732449831578 6.661338147750939e-17 0.548919921875 -0.0020347309800861414 0.6299597628293424 0.055848632812500076 0.6314130859375001
0 0.9997741264887144 0.20557109834339501 0.9691269531250001 0.2052998046875001 0.9683762031538645 0.2901096187699566 0.9990233765175789 0.2903809124258515
0 0.08230500536725438 0.6215078320716558 0.0011621093750000754 0.6165117187500001 -0.0038128178672541925 0.6973105273033443 0.07733007812500012 0.702306640625
0 0.6892128906249999 0.0400703125 0.6819266750189128 -0.01270018388088635 0.5657635890814127 0.003338878619113672 0.5730498046874998 0.05610937500000002
0 0.5039406095723548 0.4636191466732056 0.38715136718750004 0.4596923828125 0.38478497636514536 0.5300732361392945 0.5015742187500001 0.534
0 0.4949503356139172 0.3448779312175229 0.3727148437500001 0.3435449218750001 0.3721141175110829 0.3986308578449772 0.4943496093750001 0.3999638671875001
0 0.04516458611424055 0.5518383236357741 0.04154296875 0.474955078125 -0.003621617364240548 0.47708257480172583 0 0.5539658203125
0 0.9971840622388133 0.5095664450713173 0.9332802734374999 0.5085419921875001 0.9324926794204422 0.557670890668118 0.9963964682217556 0.5586953435519352
0 0.3208330078125 0.138177734375 0.3124003028304488 0.10753225072089015 0.25409463876794874 0.12357619603339014 0.26252734375000003 0.1542216796875
0 0.344423828125 0.9978750000000002 0.33419921874999997 0.9442197265625 0.21665489454552214 0.9666191054537305 0.22687950392052217 1.0202743788912307
0 0.5382910156250003 0.9504072265625002 0.43606000633767267 0.9501611315112944 0.4359423828125002 0.9990234375 0.5381733920998277 0.9992695325512058
0 0.7972666015625002 0.5763076171875 0.6406503648103257 0.5715760497856207 0.6369013413728257 0.6956697997856207 0.7935175781250001 0.7004013671875
0 0.032014230112964656 0.47875170044230525 0.030260742187500002 0.42929296875 -0.0017534879254646584 0.43042798705769475 0 0.47988671875
0 0.43228515624999997 0.010295898437500006 0.4257351168575781 -0.02060834869267115 0.32391187467007804 0.0009727059948288596 0.3304619140624999 0.03187695312500002
0 0.16712321667018432 0.9528628596844932 0.1279188419101184 0.8247184120162631 0.07183371117743405 0.8418770367067699 0.11103808593749998 0.970021484375
0 0.8952207534918697 0.6648330208408713 0.8926181640624999 0.6136982421875 0.8162343246331302 0.6175859244716289 0.8188369140624999 0.6687207031250001