0 0.8154973274147043 0.8113486320200944 0.8151630829184235 0.7029003876244762 0.7099667968750001 0.7032246093750001 0.7103010413712808 0.8116728537706182
0 0.6985930836627812 0.1337890659752194 0.5885764822228148 0.13255663316190064 0.5871992187499999 0.25550195312500007 0.6972158201899663 0.2567343859383188
0 0.6499287109375002 0.8002714843750003 0.6496989844549844 0.7156523390836713 0.5471787109374999 0.7159306640625 0.5474084374200157 0.8005498093538289
0 0.6751832757341687 0.4656269734713101 0.5398355902725737 0.46144530177213944 0.5357167676634049 0.5947587579883293 0.671064453125 0.5989404296875
0 0.8063049502529995 0.6158496248506617 0.7185266333164742 0.61067964565679 0.7132392578125 0.7004511718750001 0.8010175747490255 0.7056211510688719
0 0.6646240234375 0.5925390625000001 0.5619716796875002 0.5912441406250001 0.5609001993421756 0.6761836036560168 0.6635525430921756 0.6774785255310168
0 0.9600624999999999 0.22117773437500002 0.9188846102273855 0.10242498719220405 0.8080799227273854 0.14084686219220402 0.8492578124999998 0.259599609375
0 0.3448310547803074 0.4765321682413079 0.2650888671875001 0.4764052734375001 0.26493945157593296 0.5702998015770011 0.3446816391687403 0.5704266963808089
0 0.6847783203125002 0.25234863281250014 0.5856200532515506 0.2520756652888586 0.5852259650067829 0.3952322829661558 0.6843842320677325 0.39550525048979734
0 0.5438076171875 0.26697070312500004 0.4679179769669169 0.26444604206741446 0.46378710937499984 0.38861718750000007 0.539676749595583 0.39114184855758566
0 0.2791684758283247 0.7446976257641884 0.22886063433423645 0.7006968628994408 0.1577400100684116 0.7820119324477522 0.20804785156249989 0.8260126953124999
0 0.533583984375 0.443626953125 0.39467812863157714 0.43979490581071073 0.39172851562500005 0.5467138671875001 0.5306343713684228 0.5505459145017894
0 0.17845214843750007 0.6538496093750001 0.11255106261921233 0.5936608247395474 0.035861609494212354 0.6776285981770473 0.10176269531250011 0.7378173828125002
0 0.7983232421875 0.5392041015625001 0.7264228515625 0.53546875 0.7224416923346405 0.6121006008000996 0.7943420829596405 0.6158359523625997
0 0.8293439464777324 0.4368093419820059 0.8036123046874998 0.33881738281249996 0.7189490222722672 0.3610490564554941 0.7446806640624998 0.459041015625
0 0.4631533203124999 0.214111328125 0.39892494050912397 0.150704940542602 0.2953466796875 0.2556259765625001 0.35957505949087587 0.3190323641448981
0 0.48639564675220265 0.6336220989748984 0.3943427734375001 0.6312568359375 0.39290708762279763 0.6871318072751017 0.48495996093750016 0.6894970703125001
0 0.6507138671875002 0.7957119140625002 0.5547158230350728 0.7946315940076647 0.5539023464725727 0.8669177268201645 0.6499003906250002 0.8679980468750002
0 0.34051633000852427 0.7964473510976612 0.27749303864106106 0.7465848617071197 0.19541699218750005 0.85032421875 0.2584402835549633 0.9001867081405415
0 0.11694157817195631 0.8589253176257291 0.054392578125 0.8103193359375002 -0.0032677500469563193 0.884519994874271 0.059281249999999994 0.9331259765625001
0 0.81066015625 0.8597060546874999 0.7039532049454111 0.8559720905338578 0.7019248046875001 0.9139384765624999 0.8086317559920889 0.9176724407161421
0 1.0081003270336804 0.45968505023260375 0.9792533261075793 0.3889117574213974 0.902358077198899 0.4202540509387937 0.9312050781250001 0.49102734375000007
0 0.6526841328618146 0.6723007981410362 0.5542515166320131 0.6692167831991378 0.552630859375 0.7209433593750001 0.6510634756048016 0.7240273743168986
0 0.9612021484374997 0.7865771484374999 0.9268431316471293 0.6931628752637273 0.8573652343749998 0.7187177734374999 0.8917242511653702 0.8121320466112725
0 0.4927744140625001 0.5810107421875002 0.39364940067144466 0.580043945181893 0.39311914062500014 0.6344111328125001 0.49224415401605565 0.6353779298181073
0 0.17094531250000006 0.44042480468750006 0.10721996384636232 0.39529458682239965 0.06543969040886236 0.4542897040098997 0.12916503906250007 0.4994199218750001
0 0.4802509765625002 0.6890712890625001 0.3917617187500001 0.6748994140625001 0.37431809350574985 0.783817496632597 0.46280735131824996 0.7979893716325971
0 1.0007299806226886 0.9039866123573823 0.9628982182419616 0.7855598697886712 0.8750627688692731 0.8136191558687891 0.9128945312499999 0.9320458984375002
0 0.339294921875 0.3395517578125001 0.2707076232051936 0.2733814970240459 0.16997031851769365 0.3777984892115458 0.2385576171875 0.44396874999999997
0 0.8039336656153351 0.9696718741848456 0.8032900390625001 0.9129287109374997 0.7122011000096649 0.9139619148776543 0.7128447265625 0.9707050781250001
0 0.46052636718750006 0.8933818359375 0.3396289026141279 0.7959472701364148 0.2557636682391279 0.9000078170114147 0.3766611328125001 0.9974423828125001
0 0.7019970703125 0.05827929687500009 0.6290165488629972 0.053421690193081336 0.6238417441754971 0.13116778394308135 0.696822265625 0.1360253906250001
0 0.6530190162710751 0.8698926814812626 0.5567573075570668 0.8629745730859086 0.5513037109375002 0.9388583984375002 0.6475654196515086 0.9457765068328541
0 0.3385309889325902 0.6168545874297198 0.26815195317874807 0.5511470654745549 0.20880175781250004 0.614716796875 0.27918079356634223 0.680424318830165
0 0.8612363281250002 0.44641894531250015 0.7332880859375002 0.44358691406250017 0.7311105475393341 0.5419658462657135 0.859058789726834 0.5447978775157136
0 0.35462695547505285 0.06878222442705033 0.29827539062499997 0.00676757812500004 0.22692480233744705 0.07160254119794976 0.28327636718749993 0.13361718750000004
0 0.4666425781250001 0.3220439453125 0.4093095639622309 0.3216640442925806 0.40882323583723085 0.3950585755425806 0.46615625000000005 0.3954384765625
0 0.5932001953125001 0.30046484375000015 0.540377193937335 0.29828194500964733 0.5365852017498349 0.39004268719714735 0.5894082031250002 0.3922255859375002
0 0.8021904296875 0.9690029296875 0.7133027343750002 0.9690029296875 0.7133027343750002 0.9990234375 0.8021904296875 0.9990234375
0 0.9153441630939654 0.11277886540174094 0.8810422411600023 0.010759100773128426 0.776027179628537 0.04606812599638754 0.8103291015624998 0.14808789062500005
0 0.926540677430633 0.7007907586353509 0.9026171874999998 0.6064267578125 0.8096028772568665 0.6300080694896489 0.8335263671874997 0.7243720703124998
0 0.5459501953125001 0.759857421875 0.48959553035506886 0.7140380738901027 0.4177582011457372 0.8023930766798184 0.47411286610316844 0.8482124246647158
0 0.27669531249999996 0.11741210937500005 0.2233528817425534 0.06532289126291937 0.12305371093749999 0.16803515625000004 0.17639614169494658 0.2201243743620807
0 0.8916953204934892 0.5379255963448343 0.8118671874999999 0.534474609375 0.8081376873190109 0.6207453020926659 0.8879658203125003 0.6241962890625001
0 1.0184700934486268 0.30599909072235737 0.9819008303072548 0.21677786761447485 0.8450703852961283 0.27286080814211744 0.8816396484375002 0.36208203124999994
0 0.16940429687500005 0.2192119140625001 0.12892533183570726 0.1819886845571932 0.06656790996070722 0.24980020799469319 0.10704687500000003 0.2870234375000001
0 0.22749414062499995 0.44205468750000004 0.16333663273564616 0.359832647273747 0.120099609375 0.39357031249999996 0.1842571172643538 0.47579235272625303
0 0.520908203125 0.15467675781250007 0.45663770053539904 0.0965988349828774 0.39942707333872407 0.1599095662255099 0.463697575928325 0.21798748905513254
0 0.23240820312500005 0.7062265625000002 0.18013603241797876 0.6575065245465866 0.10512821991797869 0.7379830870465867 0.15740039062499997 0.7867031250000002
0 0.807505853595439 0.8138720922172757 0.7104287109375 0.811681640625 0.7094033260920611 0.8571249780952245 0.80648046875 0.8593154296875001
0 0.9990234375 1.1724390536688584e-16 0.9144384765625 1.1206457028348018e-16 0.9144384765625 0.05675000000000012 0.9990234375 0.056750000000000134
0 0.17297546042072 0.21172386576017832 0.13088378906250003 0.17560742187500003 0.06668078957928004 0.2504323842398218 0.10877246093750004 0.28654882812500004
0 0.11846875000000001 0.28904101562500006 0.07462109375 0.25259863281250006 -0.015909658063724887 0.36152568365893056 0.027937998186275115 0.39796806647143057
0 0.26762226783570614 0.5577069580240688 0.2082890625 0.5004384765625 0.15244677990261152 0.5582940637058197 0.21177998523831762 0.6155625451673885
0 0.5839531250000001 0.09039062500000009 0.5251845939882045 0.029859617418660767 0.4547763671875 0.09821777343750007 0.5135448981992955 0.15874878101883938