0 0.8155053196883699 0.7486547398273004 0.815169921875 0.6038671875 0.7099683131241299 0.6041108851726997 0.7103037109374999 0.7488984375000001
0 0.6499290442743026 0.733860492835919 0.64969921875 0.6208710937499999 0.5471842369829159 0.6210796138379383 0.5474140625072186 0.7340690129238574
0 0.8064363454923764 0.48484241097374714 0.7185391217040722 0.480964803280507 0.7131281668366959 0.60361978761926 0.801025390625 0.6074973953125002
0 0.6646251943891522 0.4560095378428833 0.5620253906250001 0.4550455734375 0.560954883735848 0.5689852543446168 0.6635546875000001 0.56994921875
0 0.6753080121261815 0.2853301937888452 0.5398749999999999 0.28220442656250005 0.5357251909988183 0.462007045273655 0.671158203125 0.4651328125000001
0 0.5455299426242697 0.019652344517768934 0.46618750081136257 0.017427055445957088 0.4614114644370928 0.18771611717818823 0.54075390625 0.18994140625000008
0 0.34490049466145284 0.30199519414334164 0.26516796875000004 0.3018919265625001 0.26500575533854726 0.42713631523165835 0.34473828125000006 0.4272395828125
0 0.2993586091116826 0.6500678381388041 0.23375097656250002 0.59829296875 0.13443826588831742 0.7241391931111961 0.20004589843750004 0.7759140625000001
0 0.5334543585813648 0.2556029985437435 0.3948290754950218 0.25282551979021534 0.391920615351157 0.3979881462464719 0.5305458984375001 0.4007656250000001
0 0.19481534914226192 0.5145692677922755 0.11251660156250003 0.4582174484374999 0.019485432107738142 0.5940843790827245 0.10178417968750005 0.6504361984375
0 0.6835306765603131 0.002809007244059468 0.580310546875 0.0007903640625000735 0.5765249875021871 0.1943589615059407 0.6797451171875001 0.1963776046875001
0 0.7984420622568865 0.3834795998924313 0.7264950677791188 0.3806614176249569 0.7224084742722323 0.48499041148252575 0.7943554687500001 0.4878085937500001
0 0.8372036513121899 0.25709865689001105 0.7989912109374999 0.11468229218749999 0.7094701768128098 0.13870212435998908 0.7476826171874997 0.28111848906250014
0 0.4875542813224788 0.5115132374941768 0.39433691406250004 0.5083294265625001 0.3917933749275214 0.5828005640683236 0.4850107421875002 0.5859843750000001
0 0.650723100275101 0.7269900244325915 0.5547226562500002 0.7261796875000001 0.5539038528498994 0.8231831521299087 0.6499042968750002 0.8239934890624999
0 0.3532866932249328 0.7070865698991698 0.2774960930642793 0.6621132808431011 0.18265471233934666 0.8219433781314314 0.25844531250000014 0.8669166671875
0 0.12296337062720357 0.7785185909862324 0.03520019531250007 0.7428723953125 -0.02030126125220346 0.8795204715137679 0.06746191406250004 0.9151666671875003
0 0.5122782883053905 0.9049240306215692 0.4577158203125 0.8502760421875 0.35998471682894034 0.9478542030408494 0.4145471848218308 1.0025021914749188
0 0.8090520437103166 0.7632312293612025 0.7047636718750001 0.7608489578125001 0.7018795969146836 0.8871047081387978 0.80616796875 0.8894869796875001
0 1.0073018066350203 0.21950506453121083 0.9427663861598485 0.18712156808773978 0.8913337201498285 0.28961910824402903 0.9558691406250002 0.3220026046875001
0 0.6539224927873405 0.5631094813545828 0.55424609375 0.5589596359375 0.5513773119001595 0.6278657795829173 0.6510537109375001 0.6320156250000001
0 0.949857415927228 0.607475021139493 0.8599580096833487 0.6035364151100333 0.8545918046936206 0.7260210299080402 0.9444912109375 0.7299596359375
0 0.18257832835403345 0.23405224611889558 0.1076318359375 0.1935598953125 0.05406717945846658 0.29270166013110444 0.129013671875 0.3331940109375
0 0.4935530248573824 0.44147912083783425 0.3936005859375 0.44020052031249995 0.3926754907676177 0.5125182744746657 0.49262792968750013 0.5137968749999999
0 0.33811494259469244 0.0643793260706054 0.21445898437499994 0.043928385937500015 0.18269658084280754 0.23597874736689467 0.30635253906250004 0.2564296875
0 0.48122867784724266 0.5772763191007257 0.3917578125 0.5665299484374999 0.3733357752777575 0.7199059730867742 0.4628066406250001 0.7306523437499999
0 1.0010751867371819 0.7299924429245866 0.8871470512644383 0.7130577363497954 0.8642242082772565 0.8672710231127091 0.9781523437500003 0.8842057296875001
0 0.8044331780536496 0.9595549147137952 0.8032890427959559 0.8839049471730049 0.7117005913048062 0.8852901371467098 0.7128447265624999 0.9609401046875
0 0.8607634512528997 0.259510137341627 0.7334296663210254 0.25744010434319886 0.7312501994431257 0.391505487314072 0.8585839843750002 0.39357552031250015
0 0.49079468741240434 0.890369065004222 0.33963085937500004 0.7279375 0.22550206180921792 0.8341492817365189 0.3766658898466222 0.9965808467407408
0 0.6532255089374892 0.8224886842889477 0.5567587890625 0.8172903640625 0.5510899207500108 0.9224891797735524 0.6475566406250001 0.9276875
0 0.33575998038224975 0.42948844382621065 0.23998460881802952 0.4137733156281202 0.2187050971857798 0.5434606530519097 0.3144804687500001 0.5591757812500001
0 0.5969725810175998 0.05762040081978059 0.5424901792151432 0.055307289845626995 0.5369316606975435 0.1862311593383465 0.5914140625000001 0.1885442703125001
0 0.9997567648104161 0.8822582570678525 0.9121812201382207 0.8760570675517864 0.9034970703124999 0.9986979171874999 0.9910726149846953 1.0048991067035662
0 1.0046627454816226 0.11727016030714843 0.9819720757016593 -0.012794104611489531 0.8541660156249998 0.009502604687500017 0.8768566854049631 0.13956686960613798
0 0.9990234375 0.2937929687500001 0.9326933593750001 0.2937929687500001 0.9326933593750001 0.4111276046875002 0.9990234375 0.4111276046875002
0 0.46562018624295265 0.09464570804487209 0.40990917804575533 0.09457552031043168 0.40978508555280274 0.19307304195305966 0.46549609375 0.19314322968750003
0 0.8021865234375 0.9986979171874999 0.8014951171875 0.9586705734375001 0.7133087585751172 0.9601938471248614 0.7140001648251172 1.0002211908748613
0 0.9269877930483507 0.48780908640749115 0.8331047931776661 0.4682199106008219 0.8042683673168154 0.6064212413808308 0.8981513671875 0.6260104171875
0 0.557836899534631 0.660309840598434 0.4896028044339376 0.618703992912622 0.4058762564618067 0.7560165476266882 0.47411035156250014 0.7976223953125002
0 0.8916437473318153 0.3820754502063074 0.8120468749999998 0.3794427078125001 0.8081892604806846 0.4960716841686928 0.8877861328125001 0.49870442656250014
0 0.9990234375 0.4421666671875002 0.9679501953124999 0.4421666671875002 0.9679501953124999 0.5041718750000002 0.9990234375 0.5041718750000002
0 0.4103963501095519 0.036264702387025526 0.3662003164710739 -0.0014369270869073025 0.31998463042402187 0.052739776776067226 0.36418066406249994 0.09044140625000005
0 1.0005706620129133 0.393047293918124 0.9623196523203024 0.38891325143344596 0.9554765293698892 0.4522305403278222 0.9937275390625002 0.45636458281250014
0 0.07583397323002765 0.40608486755222223 0.03325000000000002 0.3740729171875 -0.015844715417527543 0.43938127932277793 0.026739257812500083 0.4713932296875001
0 0.2358795243931099 0.27194798904361617 0.163814453125 0.14653255156250006 0.11174945235012775 0.17644966596861386 0.18381452361823764 0.30186510344973
0 0.5349882989558653 0.9503820383124257 0.4965742187500001 0.9035533859375002 0.43767478698163487 0.9518692648125746 0.47608886718750004 0.9986979171875001
0 0.2457565096097914 0.5892252947700687 0.18015527343750004 0.5433515625 0.09178450601520871 0.6697252255424314 0.15738574218750007 0.7155989578125
0 0.8082995089139968 0.7518559968791423 0.710427734375 0.7489114578125 0.7086056871137052 0.8094733979738826 0.806477461652702 0.8124179370405248
0 0.14999356455518245 0.05315869339933342 0.14934117212062528 -0.0009426329918310781 0.07115131850294286 2.3610883551801464e-7 0.07180371093750001 0.05410156250000002
0 0.06202966254453973 0.5847068483322561 0.03836523437500002 0.49184895781250004 -0.0154466547320397 0.5055626829177441 0.00821777343750001 0.5984205734375001
0 0.13293280352752626 0.039255887730925046 0.07724023437500001 1.1102230246251566e-17 -0.03131073321502622 0.154001924769075 0.02438183593750002 0.19325781250000004
0 0.571929692617515 0.9642521028960094 0.5166953125000001 0.9623463546875 0.5154411760050108 0.9986950452302406 0.5706755561225259 1.00060079343875
0 0.9990234375 0.5037395828125002 0.9854150390624999 0.5037395828125002 0.9854150390624999 0.5592460937500002 0.9990234375 0.5592460937500002
0 0.8209306640625 1.0130785099704553e-16 0.7056086553261023 -0.0016678619048265356 0.7034123662636024 0.15019151309517348 0.818734375 0.1518593750000001