0 0.5445126437459689 0.7600469545035958 0.4016679707350354 0.7536002169537449 0.3932666551140669 0.9397537827626493 0.5361113281250003 0.9462005203125001
0 0.5321975223838569 0.151377176410526 0.4331064453125001 0.15073958281250005 0.4322897823036434 0.27766058296447416 0.5313808593750001 0.2782981765625001
0 0.3581888149704831 0.4172474239467999 0.33666015625 0.264015625 0.261841656696969 0.27452742446934547 0.2833703154174521 0.4277592234161454
0 0.549984423935551 0.4419042261612852 0.44610546910458015 0.439924461082554 0.4435624514190291 0.5733574739837687 0.5474414062499999 0.5753372390625
0 0.313315216707312 0.26702968519874953 0.27829101562499997 0.0651119796875 0.19239865048018803 0.08001068042625048 0.22742285156249994 0.2819283859375
0 0.5366322682949359 0.2594345271480282 0.43212207031407635 0.259194008690055 0.43182769264414056 0.3871071377920269 0.5363378906250001 0.3873476562500001
0 0.5336585883799548 0.5891282698715561 0.4046572000893761 0.5865065103994735 0.40073591639692124 0.7794498545904175 0.5297373046875 0.7820716140625
0 0.3223983035436054 0.5089062106002843 0.30182421874999993 0.41168750000000004 0.18662025114389452 0.4360677472122158 0.20719433593749997 0.5332864578125001
0 0.12284188607131134 0.22809059730321724 0.02416992187500001 0.19365625 -0.027975675133811283 0.3430799761342828 0.07069628906250006 0.3775143234375
0 0.42423989388640565 0.04303190153060206 0.33602539062500003 0.041187500000000044 0.3333040514260945 0.17134440003189805 0.4215185546875001 0.17318880156250005
0 0.3599010664417061 0.18278825665612922 0.33035546875 0.0356796875 0.26678448043329384 0.0484474199063708 0.29633007812499995 0.1955559890625
0 0.42523328854074965 0.7487759313224476 0.3562871093750001 0.7483710937500001 0.35568272708425064 0.8513008921150526 0.42462890625000027 0.8517057296875002
0 0.5287868516212272 0.14824788432602126 0.5267177734375 0.08174609375 0.43558424212877284 0.08458154223647876 0.4376533203125 0.15108333281250003
0 0.09311707629972987 0.8727981531679463 0.004646484375000104 0.8701106765625001 0.0008633924502703449 0.9946484608945537 0.0893339843750001 0.9973359374999999
0 0.09903222656249999 0.027225260937500006 0.08391662225244534 -0.024515497800062673 -0.007586307435054655 0.0022162725124373313 0.007529296875000001 0.05395703125000001
0 0.06676828925410853 0.8966809831818537 0.06619335937500001 0.7866783859375001 -0.0005749298791085184 0.7870273511931465 6.938893903907229e-19 0.8970299484375002
0 0.5243212890625 0.07219401093750002 0.5143036623130685 -0.003335912961802612 0.4208329591880684 0.009061221413197384 0.4308505859375 0.08459114531250002
0 0.5458836161447909 0.3846488036956005 0.4402998046875001 0.38430989531250004 0.44004216509514765 0.46457515725148824 0.5456259765524385 0.4649140656345887
0 0.3752205768747391 0.6827136983052109 0.2649463476994888 0.6778996989906463 0.2573497942622498 0.8519138647479354 0.3676240234375001 0.8567278640625
0 0.9990234375 0.7528359375000002 0.9833193359375001 0.7528359375000002 0.9833193359375001 0.8342864578125001 0.9990234375 0.8342864578125001
0 0.10796611650879788 0.3606791604400507 0.010925781250000044 0.33506380156249993 -0.0202766633837978 0.4532700583099493 0.07676367187500004 0.4788854171875001
0 0.9990234375 0.2944713546875001 0.98819140625 0.2944713546875001 0.98819140625 0.4119817703125002 0.9990234375 0.4119817703125002
0 0.9990423549833535 0.6500268483728899 0.9963359374999999 0.49380729218749997 0.9417136708507078 0.49475359277271364 0.9444200883340613 0.6509731489581037
0 0.5051345725908873 0.9298451502636247 0.4180791015625001 0.9279179687499998 0.41651225147006954 0.9986963940633684 0.5035677224984568 1.0006235755769934