0 0.1994713546875001 0.916869140625 0.0720836397863532 0.9086044930386453 0.06621744843750013 0.9990234375 0.19360516333864702 1.0072880850863546
0 0.5592695312500001 0.4735644531250001 0.4463055035763494 0.4649630475372402 0.43864453125000014 0.5655761718750001 0.5516085589236508 0.57417757746276
0 0.42739583281250004 0.23078320312500003 0.29566491764845104 0.22137826312783923 0.28871354218750006 0.3187431640625 0.42044445735154906 0.3281481040596608
0 0.30617317656250004 0.6449560546875001 0.20318133132355043 0.6403107279044631 0.19941662323021486 0.7237783183298581 0.30240846846916447 0.7284236451128949
0 0.4574348953125001 0.46616796875000005 0.3455039077845128 0.45817020616425497 0.338256434902645 0.559600673504664 0.45018742243063226 0.5675984360904092
0 0.34950130156250003 0.45802734375 0.2353586705048719 0.44444764421213606 0.21881381974973416 0.5835135190042573 0.3329564508073623 0.5970932185421212
0 0.1350598953125001 0.650287109375 8.326672684688674e-17 0.6441064453124999 -0.005818615154728296 0.7712548464736969 0.12924128015777173 0.7774355105361969
0 0.2020377609375 0.2817275390624999 0.09311623014913628 0.27428729013097375 0.08654023126739978 0.37055663155398716 0.19546176205576354 0.3779968804855134
0 0.44419140625000003 0.05941699218750004 0.33311377142950477 0.05245147592776506 0.327234375 0.14620898437500002 0.43831200982049523 0.153174500634735
0 0.8138463546875 0.3313798828125001 0.6211624687766482 0.31632990374714576 0.6129713546875001 0.4212001953125002 0.8056552405983519 0.43625017437785446
0 0.23876562500000004 0.13871679687500005 0.09199770683323862 0.1321427269456768 0.08764192656250003 0.22938671875 0.23440984472926144 0.2359607886793232
0 0.2740416671875 0.0008447265625000311 0.16712482926955258 -0.010667091093985647 0.15770572968750002 0.07681347656250001 0.2646225676054474 0.08832529421898569
0 0.4499947921875 0.14500683593750002 0.3139681186052141 0.14002801772767332 0.3107265625 0.22859082031250005 0.446753236082286 0.2335696385223268
0 0.6383580734375001 0.3351562500000001 0.5833189626171323 0.3180676735542572 0.5558333328125 0.40659375000000014 0.6108724436328676 0.4236823264457431
0 0.25587890625000004 0.08576660156250004 0.11490482599285845 0.06818949835501016 0.10718750000000002 0.13008496093750002 0.24816158025714158 0.1476620641449899
0 0.17007942656250008 0.4375703125 0.07521476300967955 0.42081739777132576 0.052878906250000066 0.5472958984375 0.1477435698028206 0.5640488131661743
0 0.680671875 0.9607138671875 0.4585464666182677 0.9410191885485035 0.4534296875 0.998728515625 0.6755550958817323 1.0184231942639963
0 0.6651966140625 0.4834033203125 0.5555685270864814 0.476934773367726 0.5502395828125 0.5672490234375 0.6598676697885185 0.5737175703822741
0 0.4825052078125 0.000892578125000058 0.3458465661941982 -0.000046216499598990615 0.3454014289090767 0.06475161587437345 0.4820600705273786 0.06569041049897249
0 0.4083893234375001 0.32770117187500003 0.2699038790871154 0.3146614305204736 0.263 0.3879824218750001 0.40148544435038475 0.40102216322952655
0 0.07117708281250006 0.43266015625 6.106226635438361e-17 0.42808984375000003 -0.007268292460477938 0.5412846973546322 0.06390879035202206 0.5458550098546322
0 0.8029570312500003 0.5043564453125001 0.6578715473844963 0.48610052974877405 0.6496419265625 0.55150390625 0.7947274104280038 0.5697598218137261
0 0.9471315109375 0.3907675781250002 0.8746405217479761 0.3823903663054133 0.8677980651961287 0.44160057306776707 0.9402890543856526 0.44997778488735396
0 0.8758294265625001 0.7240048828125001 0.7339262780306409 0.6534138731970952 0.7050716140625001 0.7114179687500002 0.8469747625943592 0.7820089783654051
0 0.07988411406250012 0.9016337890624998 0.005039062500000124 0.8970800781249999 -0.001001901563516061 0.9963697065240545 0.07384314999898393 1.0009234174615544
0 0.6256210937500001 0.6988779296875001 0.4526203896214566 0.6895824174019671 0.4464505203125002 0.8044111328125 0.6194512244410436 0.8137066450980328
0 0.9365351562500001 0.6423691406250001 0.7705957186166861 0.5787018765857752 0.7375463813788302 0.6648401537390825 0.9034858190121442 0.7285074177783073
0 0.0715494796875 0.040394531250000004 4.8572257327350596e-18 0.0393310546875 -0.001126913749248181 0.11514851532043968 0.07042256593825183 0.1162119918829397
0 0.29048437500000013 0.7275556640625 0.1906437052100786 0.7197477712545206 0.18580468750000012 0.7816250000000001 0.2856453572899217 0.7894328928079795
0 0.5714049484375001 6.661338147750939e-17 0.48472550828423344 -0.004135120245177937 0.4804856765625001 0.08473925781250007 0.5671651167157667 0.08887437805767807
0 0.1778125 0.0005488281250000226 0.10525625176443662 -0.008313164898988484 0.09716406250000001 0.0579404296875 0.16972031073556343 0.06680242271148852
0 0.7919934890625001 0.970515625 0.6794681342776182 0.9644134709496243 0.6776848953125001 0.9972968750000002 0.7902102500973819 1.0033990290503758
0 1.0025168208082744 0.11620152006200679 0.9984648612900052 -0.007091420008867794 0.7690481765624999 0.0004482421875000031 0.7731001360807693 0.12374118225837458
0 0.94983203125 0.3119990234375 0.9244424360901133 0.25709558771902735 0.8125507812500002 0.3088388671875001 0.8379403764098869 0.36374230290597276
0 0.060516926562500004 0.12009765624999999 1.491862189340054e-17 0.1189931640625 -0.0011058561283240793 0.1795848231650961 0.059411070434175914 0.18068931535259608
0 0.9047044265625003 0.9764863281250001 0.7925084984767025 0.9687256016127226 0.7904127609375002 0.9990234375 0.9026086890232982 1.0067841640122777
0 0.09033463593750002 0.28669140625 3.3306690738754695e-17 0.2842021484375 -0.0023013943384567483 0.36771925890679574 0.08803324159904324 0.3702085167192957
0 0.887078125 0.3787236328125 0.7939609194752345 0.3656594014969026 0.7845818717592075 0.43250992585627934 0.877699077283973 0.44557415717187665
0 0.05305598906250001 0.17883789062499997 2.2204460492503132e-17 0.17820996093749997 -0.0008170716832800573 0.2472472228385568 0.05223891737921993 0.24787515252605682
0 0.09569140624999999 0.0037744140625000115 0.004799972997688882 0.002151352754423013 0.0040247390625000054 0.045564453125 0.09491617231481111 0.047187514433077
0 0.22233463593750002 0.233513671875 0.10201397005995132 0.22459994243035392 0.09818605452518023 0.2762704972667823 0.21850672040272895 0.2851842267114284
0 0.14904427031250006 0.5502060546875 0.03896297982730665 0.5468842653420838 0.03656637562417314 0.6263057024140117 0.14664766610936655 0.6296274917594279
0 0.5838046875 0.3142871093750001 0.4151212229449217 0.2865022147686392 0.4014596359375 0.3694423828125001 0.5701431004925783 0.39722727741886094
0 0.4455794265625001 0.6636826171875001 0.29101681658100753 0.6551661214233909 0.2835063997051644 0.7914697921504312 0.438069009686657 0.7999862879145404
0 0.9964140625000004 0.9814101562500002 0.9012936143335141 0.9786689414512157 0.9007070312500002 0.9990234375000002 0.9958274794164865 1.0017646522987846
0 0.4672174484375001 0.9593554687500001 0.24664373907512957 0.9452481971854383 0.24320442656250013 0.9990234375000002 0.46377813592487066 1.013130709064562
0 0.2539544265625001 0.92523046875 0.1911586499331856 0.9209944440303707 0.18592526295467693 0.9985753415625129 0.24872103958399147 1.0028113662821423
0 0.9986979171875001 0.5214423828125001 0.7789879188006457 0.4787832626585927 0.7526492153573492 0.6144371737134945 0.9723592137442034 0.6570962938674019
0 0.9991153009176135 0.782528581304415 0.9986979015221966 0.6795723078510795 0.9382473953124999 0.6798173828124999 0.9386647947079167 0.7827736562658354
0 0.6352278640625 7.771561172376095e-17 0.571637014835048 -0.007143105451921206 0.5603200011182646 0.09360558400994481 0.6239108503457166 0.10074868946186608
0 0.5817044265625 0.3183076171875001 0.5118391278297719 0.2940293754371016 0.48135546875 0.38175195312500004 0.5512207674827281 0.40603019487539854
0 0.7235885421875 8.312585155145512e-17 0.62725 7.722681718523289e-17 0.62725 0.06092480468750008 0.7235885421875 0.06092480468750009
0 0.7122981765625 0.05900585937500008 0.6185881856653681 0.055033785228531015 0.6153580734374999 0.13123925781250007 0.7090680643346319 0.13521133195896912
0 0.7803372390625 0.062166015625000084 0.7067042590550137 0.05928227688717582 0.7038603010255119 0.1318995018742187 0.7774932810329982 0.13478324061204297
0 0.7785312500000001 0.0025742187500000903 0.7177433057061986 -0.0010031920417332418 0.7141054687499999 0.06081152343750009 0.7748934130438014 0.06438893422923343