0 0.5154051604823426 0.7292240320386211 0.4026180014737767 0.7248909616385015 0.39581884099143405 0.9018689295998807 0.5086060000000001 0.9062020000000002
0 0.7117034012566491 0.573630579360682 0.710796 0.457232 0.6178695987433509 0.457956420639318 0.618777 0.574355
0 0.6983042247695364 0.27355413471856393 0.6117419859766092 0.27233999980330587 0.6099447612070729 0.40047386508474203 0.6965070000000001 0.40168800000000005
0 0.7820447755422777 0.2683838740423295 0.6993429675455458 0.26569699894559673 0.6959081920032683 0.37141912490326734 0.7786100000000002 0.37410600000000016
0 0.4821612407701477 0.13099577793290204 0.36349200000000004 0.11319800000000005 0.3382947592298524 0.2812042220670981 0.45696400000000004 0.2990020000000001
0 0.3077729433029477 0.9533657653011837 0.27500900000000006 0.7989930000000003 0.21150405669705236 0.8124712346988169 0.24426799999999999 0.9668440000000003
0 0.2574648064954494 0.7168935321904999 0.23800299999999996 0.6255219999999999 0.09009219350455056 0.6570264678094999 0.109554 0.748398
0 0.93071914544044 0.644916191126155 0.8032540000000001 0.643506 0.8012138545595601 0.8279118088738452 0.928679 0.829322
0 0.24529514045387896 0.9811198211409385 0.20536 0.793452 0.13190885954612097 0.8090821788590616 0.17184399999999997 0.9967500000000001
0 0.6954240278544415 0.05509099576037355 0.5800669762810666 0.05228497509838861 0.5768479484266253 0.1846209793380152 0.6922050000000002 0.18742700000000012
0 0.3706901353226383 0.9349879796609294 0.33512900000000007 0.773695 0.27196065442232703 0.787622066695135 0.30752178974496525 0.9489150463560643
0 0.12892591634288375 0.2355342457299378 0.114859 0.15584400000000004 -0.009221916342883746 0.17774675427006226 0.004845000000000011 0.257437
0 0.9320857442523142 0.0379031344259627 0.8570629999999999 0.036670000000000105 0.8549532557476859 0.1650248655740375 0.9299760000000001 0.1662580000000001
0 0.23204616512037965 0.6271356784129245 0.21139200000000002 0.53951 0.07447183487962036 0.5717833215870756 0.09512600000000002 0.659409
0 0.20476147330291733 0.5438428146545644 0.182284 0.45701400000000003 0.04799252669708269 0.49177818534543577 0.07047 0.5786070000000001
0 0.7172690281578971 0.7999487379961441 0.7158680000000001 0.686681 0.631684971995076 0.687722274371136 0.633086000152973 0.80099001236728
0 0.7755076545258415 0.04246879049855938 0.697298 0.040770000000000084 0.6944593454741586 0.17145720950144078 0.772669 0.1731560000000001
0 1 0.025851000000000117 0.931481 0.025851000000000113 0.931481 0.16789900000000013 1 0.16789900000000013
0 0.4955085509124208 0.45460994071346705 0.49231897058284224 0.3462780008661194 0.3643054196704214 0.3500470601526522 0.367495 0.458379
0 1.0000110242267026 0.543444524170596 0.9178210464296599 0.5426293189057154 0.9163670222029572 0.6892257947351196 0.9985569999999999 0.6900410000000001
0 0.42467621781872944 0.9061999565319884 0.3890239999999999 0.7573430000000001 0.335178836432622 0.7702392699810188 0.3708310542513515 0.9190962265130072
0 0.9163338123840955 0.6349221794969374 0.914856 0.5541820000000001 0.7650021876159044 0.5569248205030626 0.76648 0.6376649999999999
0 0.1602705949089037 0.30883554782166206 0.13676999999999997 0.22376599999999996 0.0015474050910962878 0.26112145217833793 0.025047999999999994 0.346191
0 0.24659191578739365 0.7995071791947818 0.23350599999999994 0.7157889999999999 0.11317508421260629 0.7345978208052181 0.12626099999999998 0.8183159999999999
0 0.9991014331593719 0.8257079142930015 0.9258770000000002 0.8255060000000002 0.9256415668406284 0.9108860857069987 0.9988660000000001 0.911088
0 0.7270355712338518 0.568978589081513 0.631435 0.567388 0.6293254287661483 0.6941814109184871 0.724926 0.6957720000000001
0 0.17775959844774641 0.46527542116154325 0.16123279758770365 0.38712104280281906 0.03535019913995725 0.41374062164127573 0.05187700000000002 0.49189499999999997
0 0.46938076915961274 0.09771820379191501 0.43620599999999987 0.001336000000000026 0.3038882308403871 0.046879796208085064 0.33706299999999995 0.14326200000000006
0 0.09966979168976213 0.17225631424138818 0.08477300000000002 0.068456 -0.006581791689762128 0.08156668575861183 0.008315000000000003 0.185367
0 0.8527228760294715 0.04144256769599852 0.776966 0.040279000000000106 0.7750621239705286 0.1642354323040017 0.8508190000000002 0.16539900000000013
0 0.1629016876882446 0.3892660079785859 0.14428000000000002 0.313892 0.02384231231175541 0.34364699202141413 0.042464 0.41902100000000003
0 0.5018202653526629 0.5207219024749675 0.38285800000000014 0.519668 0.3816307346473374 0.6581990975250326 0.5005930000000001 0.6592530000000001
0 0.684844169670618 0.3929694569987329 0.6178950000000001 0.3923020000000001 0.6171878303293822 0.4632345430012673 0.684137 0.46390200000000015
0 0.7675227034778035 0.45011350679286605 0.7104239921980773 0.4496679999391263 0.7097092887202738 0.5412684931462604 0.7668079999999999 0.541714
0 0.0848052786527007 0.09123399889428127 0.083497 0 0.0003716104386265502 0.00119200269612857 0.0016798890913272471 0.09242600159040984
0 0.094225 0.9954230000000001 0.08509300000000002 0.9189339999999999 0.001162570128884144 0.9289544302001991 0.010294570128884128 1.005443430200199
0 0.9156495204239541 0.27670630332048374 0.852187 0.27569500000000013 0.8499094795760461 0.4186166966795165 0.9133720000000002 0.41962800000000017
0 0.9686766839071543 0.2730045746306714 0.912886 0.2723120000000001 0.9113473160928456 0.39626142536932885 0.9671379999999999 0.39695400000000014
0 1 0.2737360000000001 0.968458 0.2737360000000001 0.968458 0.3871810000000001 1 0.3871810000000001
0 0.05845040094196463 0.732768643771412 9.159339953157541e-17 0.7315569999999999 -0.0023614009419644505 0.8454723562285877 0.05608900000000009 0.8466839999999998
0 0.6899563978509439 0.05886422930319278 0.6803983731670794 -0.01118904997875152 0.5634909753161355 0.004761720718055673 0.5730489999999999 0.07481499999999998
0 0.5059253793477163 0.618282606981726 0.38688100000000003 0.6129450000000001 0.3826655759051233 0.7069613910119402 0.5017099552528396 0.7122989979936662
0 0.748902 1.0000000000000002 0.748539 0.9169499999999999 0.6376297226990568 0.9174347690266134 0.6379927226990568 1.0004847690266137
0 0.4953782915061308 0.4598463481472786 0.3727140000000001 0.457989 0.3716037084938694 0.5313156518527216 0.4942680000000002 0.5331730000000002
0 0.0438018319107359 0.739061184123125 0.040673 0.6313030000000001 -0.0031288319107358993 0.6325748158768749 2.7755575615628915e-18 0.7403329999999999
0 0.32661067451335274 0.18211860966930887 0.31239867665060717 0.14338011862725564 0.24831500213725438 0.16689050895794674 0.262527 0.20562899999999998
0 0.519248 1 0.5170330000000001 0.9689880000000001 0.41835665637132663 0.976035855705453 0.4205716563713266 1.007047855705453
0 0.8062573460538294 0.7738165874065717 0.639356 0.7633110000000001 0.6293626539461707 0.9220744125934287 0.7962640000000001 0.9325800000000003
0 0.08591381627778084 0.8313165593629798 0.006127000000000105 0.82409 -0.0037678162777806555 0.9333364406370203 0.07601900000000009 0.940563
0 0.997009920484928 0.6790469535433459 0.933441 0.678295 0.9326650795150722 0.7438900464566542 0.9962340000000001 0.7446420000000001
0 0.897136757377624 0.8875469033233138 0.8943449999999998 0.8195729999999999 0.8149192426223759 0.8228350966766861 0.8177110000000001 0.890809
0 0.03186339553935329 0.6391585064103522 0.029925000000000007 0.572638 -0.0019383955393532854 0.5735664935896476 -2.7755575615628915e-18 0.640087
0 0.09073636137834765 0.932450913781202 0.08102699999999999 0.86792 0.00269363862165235 0.8797060862187982 0.012403000000000008 0.9442370000000002
0 0.4322919999999999 0.013726000000000016 0.4210237113028111 -0.026147610872887916 0.3191837113028111 0.0026323891271121 0.33045199999999997 0.04250600000000003