0 0.6885322265625001 0.1956923828124999 0.5815166015625001 0.07627539062499991 0.48648340443886917 0.1614394598218299 0.5934990294388692 0.28085645200932985
0 0.2630937500000001 0.8400986328125001 0.16420603762002356 0.8368901744732271 0.16054099855752355 0.9498501354107273 0.25942871093750014 0.9530585937500001
0 0.6756865234374999 0.6470742187499999 0.6343043386288534 0.5414561408402714 0.5695908203125001 0.5668115234375 0.6109730051211466 0.6724296013472285
0 0.25271972656249997 0.7791328124999999 0.21613671874999998 0.6631025390625 0.12494315444145188 0.691854818762559 0.16152616225395183 0.8078850922000591
0 0.39982623389953764 0.4989615866837327 0.33874707031250006 0.4873896484375001 0.32306720420585755 0.5701513333490368 0.3841463677928951 0.5817232715952694
0 0.14454687500000007 0.5388369140625 0.06289746145568369 0.5362675616580538 0.06011914062500007 0.6245576171875 0.14176855416931647 0.6271269695919462
0 0.8428007812500002 0.41029492187500016 0.7516725645188072 0.3211477326587162 0.660133502018807 0.4147209748462162 0.7512617187500001 0.5038681640625001
0 0.3901289913107256 0.16262816931624763 0.351456156182261 0.0622444781788634 0.25236329768403537 0.10042001980011576 0.2910361328125 0.20080371093749996
0 0.926109375 0.7231679687500001 0.7927801736919855 0.7230615233578667 0.7927158203125002 0.8036679687499999 0.9260450216205148 0.8037744141421334
0 0.33170410928323973 0.5008464849240382 0.2570410156250001 0.49788671875000007 0.25380464884821774 0.5795273422177806 0.3284677425064574 0.5824871083918186
0 0.4768193359375001 0.7400986328125001 0.36784278435324663 0.7389696494687028 0.36670899459577916 0.8484101462388216 0.47568554618003267 0.8495391295826188
0 0.8883496093750001 0.6594521484374999 0.86254296875 0.5531308593750001 0.7594852121181505 0.5781453650536648 0.7852918527431504 0.6844666541161646
0 0.5089492187500002 0.8481259765625 0.4187196859742756 0.8404936438969999 0.4109560140992755 0.9322758704595001 0.5011855468750002 0.939908203125
0 0.2634863396632339 0.5876240750265511 0.24284550665366025 0.495336035611774 0.18168631542792632 0.5090146949602229 0.2023271484375 0.601302734375
0 0.9349833984375 0.40811621093750006 0.8626275086041755 0.3085443424051941 0.78647265625 0.3638837890625001 0.8588285460833245 0.4634556575948059
0 0.9362441406249999 0.9990234375000002 0.9357812127958294 0.8782969381854284 0.8112607421875 0.8787744140625001 0.8117236700166706 0.9995009133770718
0 0.1497020542190383 0.21303044010802213 0.14177094015817177 0.12690057938064603 0.0766357421875 0.13289843750000002 0.08456685624836653 0.21902829822737607
0 0.12076549879498055 0.9579528661612438 0.11358496093749999 0.8215625 0.04368711557608364 0.8252424089180581 0.05086765343356421 0.9616327750793019
0 0.5438164062500002 0.06639160156250001 0.5376593542211775 -0.005286231690475674 0.4241982421874999 0.004459960937500002 0.43035529421632257 0.07613779419047569
0 0.3564033203125 0.07589648437499996 0.32800168448081646 -0.005344185104554433 0.225642578125 0.030440429687499992 0.25404421395668353 0.1116810991670544
0 0.31528906250000005 0.39904785156250006 0.30952555754228295 0.2678247425768423 0.1523956747297829 0.2747261097643423 0.1581591796875 0.40594921875
0 0.6459091796875 0.9058261718749998 0.6083699377990068 0.8217613170299097 0.5490078125 0.8482695312500003 0.5865470543884932 0.9323343860950903
0 0.2058798828125 0.6055693359374998 0.1865898398567786 0.5128525203498878 0.1305637118275318 0.5245089432919126 0.1498537547832532 0.6172257588795247
0 0.9359589843749998 0.7997500000000001 0.8028505859375 0.7993750000000002 0.8026141788080092 0.8832890650286478 0.935722577245509 0.8836640650286478
0 0.3731933935580923 0.9351821988100169 0.3670214589771282 0.8343989993337381 0.30565228416903584 0.8381572302112212 0.31182421874999994 0.9389404296875
0 0.32459774140182585 0.7423071633595033 0.3089208984375 0.6460693359374999 0.2605087039106741 0.6539555319529964 0.27618554687499997 0.7501933593749999
0 0.9954824218750001 0.332017578125 0.9469736328125 0.2612373046875 0.8657715861168288 0.31688858665212527 0.9142803751793288 0.38766886008962526
0 0.9220917968750001 0.724716796875 0.9201425781250002 0.6580380859375 0.7881767390718671 0.661895843297011 0.7901259578218671 0.728574554234511
0 0.7280875687508173 0.9254022904768464 0.7161708130719299 0.7789540290442196 0.6265566406249999 0.7862460937499999 0.6384733963038873 0.9326943551826268
0 0.5614414062499999 0.125814453125 0.5454130114638999 0.05710124323408601 0.43725781249999995 0.08233007812500003 0.45328620728610003 0.151043288015914
0 0.599724609375 0.6674892578125002 0.5743902505734465 0.6170797755087577 0.48456896151094647 0.6622213770712577 0.5099033203125 0.7126308593750001
0 0.051882293388082104 0.9499558802957088 0.04419921875000001 0.850669921875 -0.007683074638082088 0.8546847447042912 0 0.953970703125
0 0.313828125 0.932298828125 0.3074442996511723 0.834544366228465 0.2543642578125 0.8380107421874999 0.2607480831613277 0.935765204084035
0 0.38478322318066477 0.6415231954108161 0.3120898437500001 0.6355009765624999 0.30444133255561007 0.7278251083048951 0.3771347119862748 0.7338473271532113
0 0.6075235488152663 0.8215512520355848 0.5897382255923669 0.7463317958572078 0.5272713174021006 0.7611018328841231 0.545056640625 0.8363212890625003
0 0.5930942568194296 0.7489550011873704 0.5584910648656185 0.6875329438415362 0.5001240234375 0.7204150390625002 0.534727215391311 0.7818370964083343
0 0.18122265625 0.004602539062500022 0.0696314566813929 -0.011146726848748241 0.06218321449389289 0.04162768721375175 0.1737744140625 0.05737695312500002
0 0.177169921875 0.04289355468750002 4.8572257327350596e-18 0.0356904296875 -0.002378126564459856 0.09418344454344314 0.17479179531054015 0.10138656954344316
0 0.5781094381383983 0.4388858206884267 0.5351597424619222 0.3854858136560169 0.4689399527610239 0.43874647734259026 0.5118896484375 0.49214648437499997
0 0.09025000619949387 0.7825465841273519 0.08935937499999999 0.6840390624999999 -0.0004306702619938707 0.684850876810148 0.000459960937499998 0.7833583984374999
0 0.09020813777337258 0.2847842063970193 0.08363577756935026 0.09741523084401947 -0.004812594579022338 0.10051774319700017 0.0017597656249999996 0.28788671875
0 0.07250596317742788 0.4614668157412301 5.551115123125783e-17 0.4578037109375 -0.007991314739927747 0.61598044988377 0.06451464843750007 0.6196435546875001
0 0.8609794921875 0.5570390624999999 0.8312636718749999 0.45775292968750003 0.7322421408636077 0.4873895560647209 0.7619579611761078 0.5866756888772208
0 0.704580078125 0.7839912109374998 0.6889394531249999 0.6698515625000001 0.606345588816796 0.6811694496376397 0.621986213816796 0.7953090980751396
0 0.4604013671874999 0.7164023437500001 0.40096875 0.6515146484375002 0.32584898812499397 0.720319127148479 0.3852816053124939 0.785206822460979
0 0.7255896246018393 0.12998103897015154 0.6951697036206727 0.07327889005312227 0.6139765625 0.11683789062500001 0.6443964834811666 0.1735400395420293
0 0.5518251953125002 0.9775458984375 0.44396386718750014 0.9775458984375 0.44396386718750014 0.9990234375 0.5518251953125002 0.9990234375
0 0.6330009765625 0.53965234375 0.5764833984374998 0.44704394531249997 0.5176539576454843 0.48294670977134907 0.5741715357704844 0.5755551082088493
0 0.4137289529036135 0.1996413931741457 0.3897783203124999 0.14938378906250005 0.3091704611588864 0.18779805995085438 0.33312109374999993 0.23805566406250006
0 0.7088945312499999 0.997490234375 0.7084755658321847 0.9737195624178382 0.6183193359375 0.9753085937500001 0.6187383013553152 0.9990792657071619
0 0.1513134765625 0.8017089843750002 0.14419824218750002 0.6842841796875 0.09254492167053734 0.6874140591256925 0.09966015604553735 0.8048388638131927
0 1.0030751199009615 0.5046972749913664 0.9668222656250002 0.5016826171875002 0.9627472843428256 0.5506864220009298 0.9990001386187869 0.553701079804796
0 0.811744140625 0.07425097656249995 0.7715849609375 0.008891601562499973 0.6846246042379873 0.062323210882277415 0.7247837839254873 0.12768258588227738
0 0.529339224677253 0.5663902778962071 0.48748878392300227 0.5232875978683896 0.41921875000000003 0.58957421875 0.4610691907542508 0.6326768987778175
0 0.25055078124999997 3.053113317719181e-17 0.16366907298187944 -0.004400894107973489 0.16064257812500002 0.05534765625000003 0.24752428639312057 0.05974855035797355
0 0.06733625989057082 0.7105469744651717 8.604228440844963e-17 0.709576171875 -0.001008134890570632 0.7795018536598285 0.0663281250000001 0.7804726562500001
0 0.6249892578125001 0.9989345703124999 0.6243241845319869 0.9802422023403683 0.5543896484374999 0.9827304687499998 0.5550547217180132 1.0014228367221314
0 0.536841796875 0.336771484375 0.42755761718749996 0.19800292968750005 0.3208049737838447 0.282073669561622 0.4300891534713448 0.420842224249122
0 0.1003671875 0.7740908203125001 0.09480663485313713 0.6862929072663924 0.04757714266563714 0.6892841182038923 0.05313769531250001 0.7770820312500001
0 0.9970097656250001 0.65990234375 0.9963466796875002 0.6113632812500001 0.919165034706061 0.6124176498509656 0.919828120643561 0.6609567123509655
0 0.45088476562500024 0.9861220703125 0.3593945312500001 0.9861220703125 0.3593945312500001 0.9990234375 0.45088476562500024 0.9990234375
0 0.6786858988369253 0.07577748447773187 0.6310668289509028 0.0000889634101434833 0.5751425781249999 0.035273437500000074 0.6227616480110223 0.11096195856758846
0 0.16597851562500002 0.9505566406250001 0.15737695312500002 0.8426708984375002 0.10118115071851493 0.8471513023985441 0.10978271321851492 0.9550370445860439