0 0.6589163318433001 0.8659733019248556 0.6029072265625 0.8124472656249997 0.5256490978441999 0.8932893933876441 0.581658203125 0.9468154296875
0 0.3685852033427137 0.8219124083469431 0.22974804687500008 0.6506767578125001 0.16129956228228637 0.7061745057155571 0.30013671875000003 0.8774101562500002
0 0.5896171875 0.9360654296875002 0.5255673828125 0.8867636718749999 0.47092563423367545 0.9577508633980141 0.5349754389211754 1.0070526212105142
0 0.24439046621662297 0.6476123265372802 0.15456445312500003 0.5379453125000001 0.08136578526487179 0.5979008474912062 0.17119179835649473 0.7075678615284863
0 0.0936330514765518 0.8695404401693967 0.029302247353168866 0.8428249930609326 0.001421875000000128 0.9099609375 0.06575267912338308 0.9366763846084639
0 0.26017578124999996 0.3074150390625 0.1780654296875 0.23633105468750007 0.11811111541325077 0.30558532997934174 0.20022146697575077 0.37666931435434164
0 0.8139026366941661 0.6490953626972933 0.7572431640624999 0.6003388671875001 0.6873854492433339 0.6815198716777068 0.7440449218749999 0.7302763671875001
0 0.7410253906250001 0.7187226562500001 0.6881303667752349 0.6830012364899788 0.5974809527127349 0.8172317052399787 0.6503759765625 0.8529531250000002
0 0.23570509254665534 0.4986826334947273 0.1842495298036047 0.44049946832736697 0.07347510131944937 0.5384652723326397 0.1249306640625 0.5966484375000001
0 0.511112695173636 0.5690853358721931 0.4229599609374999 0.484443359375 0.37725546888886374 0.5320435703778068 0.46540820312499986 0.616685546875
0 0.5787744140624999 0.64140234375 0.5069697265625 0.5694433593750001 0.4601415428026411 0.6161711325679391 0.5319462303026411 0.688130116942939
0 0.42164941406250006 0.4884111328125001 0.33247558593750004 0.3998632812500001 0.28121552798034266 0.45148571496565826 0.3703893561053426 0.5400335665281581
0 0.3327910156250001 0.401630859375 0.24280591364762386 0.31159277735557933 0.18926660156250003 0.3651005859375 0.2792517035398762 0.4551386679569207
0 0.47530593305978186 0.13231636251541185 0.39720214843749996 0.11172460937500003 0.378324926315218 0.18332523904708825 0.4564287109375 0.20391699218750006
0 0.8695157518549061 0.584822393814861 0.8224659472209142 0.5372774617171007 0.7637382813035078 0.5953935444647398 0.8107880859374997 0.6429384765625001
0 0.6966123046875 0.7913457031250001 0.6572952142558475 0.7554869841081675 0.6020898437500001 0.8160166015625002 0.6414069341816526 0.8518753205793329
0 0.6845908203125 0.37724707031250027 0.6262189265013445 0.3405042196002513 0.5886542968749999 0.40018164062500017 0.6470261906861553 0.4369244913372491
0 0.7249117624805793 0.30028636728705127 0.6526787109375001 0.2459628906249999 0.5963685109569208 0.32083765615044857 0.6686015625 0.37516113281249996
0 0.41909375000000004 0.1889726562500001 0.35172558593750003 0.13830957031250005 0.31654597867815737 0.18508890697638622 0.38391414274065744 0.23575199291388627
0 0.545756890711176 0.3032408536873304 0.48799612438874396 0.26424332677704176 0.45906738281250004 0.30709082031250007 0.516828149134932 0.34608834722278864
0 0.6290142565710937 0.293594755724483 0.42908569054742074 0.16108605440599977 0.39030859375 0.21959277343750006 0.590237159773673 0.3521014747559833
0 0.17605761718749996 0.17236425781250003 0.12122469848188447 0.1361876624496131 0.0781231359818845 0.2015167640121131 0.1329560546875 0.237693359375
0 0.13225293009297118 0.14477447950769723 0.045487152344953916 0.07794417092404615 -0.0003878480605172374 0.13750367579134895 0.08637792968750002 0.204333984375
0 0.09696685636909277 0.29406392130132913 0.028635922881994392 0.2619993927541252 -0.000028199112098370448 0.32308390895279604 0.06830273437500001 0.3551484375
0 0.9170527343750002 0.0025634765625001223 0.6758593070584249 -0.018365869480156106 0.6641239554959248 0.11687436489484389 0.9053173828125003 0.1378037109375001
0 0.5275664062500001 0.010944335937500082 0.4511369938556145 -0.015880541392801463 0.40712722823061454 0.10951203673219849 0.483556640625 0.13633691406250006