0 0.5220894324178026 0.6022408705733748 0.5201380199518917 0.4891718541055822 0.4106653640625 0.49106119843749996 0.4126167765284109 0.6041302149052925
0 0.7416015625000001 0.3667890625000001 0.6138437484846164 0.366474574986391 0.6133203109846164 0.5791165015488909 0.741078125 0.5794309890625
0 0.22113017150120512 0.795687547491116 0.0878502609375001 0.7906848953125001 0.08323566381761727 0.9136263010841216 0.2165155743813223 0.9186289532627375
0 0.3837773691630668 0.22484597197875686 0.2436393234375 0.2155403640625 0.23373044333693324 0.3647634030212432 0.37386848906250003 0.37406901093750006
0 0.6199546258730658 0.4852109451252614 0.5177488996503641 0.48130073915261606 0.5133580734375001 0.5960690109375002 0.6155637996602018 0.5999792169101456
0 0.8536835937499999 0.16065885468750013 0.735584633239024 0.15976707700086518 0.7346145816765242 0.2882319207508652 0.8527135421875001 0.28912369843750013
0 0.7059414062500001 0.7648945312500002 0.5575893453734752 0.7579712706883511 0.5509791671113445 0.8996145844443643 0.6993312279878695 0.9065378450060134
0 0.14277605149324435 0.16306895267495616 0.14229817613919277 0.0991418699351839 0.0285481668334484 0.09999218757272778 0.0290260421875 0.16391927031250003
0 0.5712320837020297 0.8321732773789966 0.4297734375000002 0.8233424484375 0.42121582842674865 0.9604244599052955 0.5626744746287782 0.969255288846792
0 0.38 0.044278645312500045 0.2236249825370007 0.0406583058500081 0.21972133722450068 0.20927028553750807 0.3760963546875 0.21289062500000006
0 0.8550494796875 0.48609375000000005 0.75729243625417 0.48447915839260125 0.7557005203125 0.5808632812500001 0.8534575637458299 0.5824778728573989
0 0.16119477061988507 0.3199205785890201 0.03964843750000004 0.31909635468750003 0.03888205281761501 0.43211327609847994 0.16042838593750003 0.4329375000000001
0 0.2637070312500001 0.5062565109375001 0.16862760611095468 0.5052288909153037 0.16756380156250011 0.60365625 0.26264322670154555 0.6046838700221966
0 0.14644531249999998 0.22438281250000003 0.14623392613695713 0.16519270476724385 0.030656249999999996 0.16560546874999998 0.03086763636304285 0.22479557648275614
0 0.9796549484375001 0.4773307296875002 0.8541291849981425 0.4731965803764491 0.8507565109374999 0.5756015625000002 0.9762822743768576 0.5797357118110512
0 0.17423046875000006 0.42690494843750004 0.036432245806841033 0.4230924471542735 0.03225520781250006 0.57406640625 0.1700534307556591 0.5778789075332266
0 0.75526171875 0.23758854218750008 0.5959778807134588 0.22984080298959073 0.5880989578124999 0.39182161406250005 0.7473827958490411 0.3995693532604094
0 0.15726693722090118 0.31365971199338133 0.1562604116665669 0.2327000762376042 0.03347784944566572 0.23422656268172282 0.034484375 0.31518619843749995
0 0.46332161406249994 5.828670879282072e-17 0.3070389400974048 -0.007745865812251507 0.30366536406249994 0.06032031250000003 0.4599480380275951 0.06806617831225159
0 0.08187514343112132 0.8238931892125597 1.0130785099704553e-16 0.8228945312499999 -0.0020196746811211043 0.9884779045374401 0.07985546875000012 0.9894765624999999
0 0.15638671875000001 0.025997395312500015 0.022881269371006388 0.020484365024651417 0.01968880156250001 0.09779427031250001 0.15319425094149364 0.10330730060034861
0 0.3952152603446305 0.4155494999847177 0.25953173301714105 0.4089387616815413 0.25039583281250005 0.5964505203125 0.3860793601399895 0.6030612586156764
0 0.5115208328125 0.9790403640625 0.42559456430594744 0.9775207781321938 0.4252200515625001 0.9986979171875001 0.5111463200690527 1.0002175031178062
0 0.44330729218750003 0.9798294265624998 0.36597874854220225 0.9778551588713151 0.3654466140625001 0.9986979171874999 0.4427751577077979 1.0006721848786846
0 0.1998515625 0.026540364062500033 0.19970797237136548 -0.0008737783903919761 0.03288671875 0 0.03303030887863452 0.02741414245289201
0 0.1496628119085659 0.9045897424800009 0.0692135421308025 0.9016666671854401 0.06594916772223672 0.9915092168929392 0.14639843750000012 0.9944322921875001
0 0.9986979171874999 0.7395234375000002 0.9699075515625 0.7395234375000002 0.9699075515625 0.8631002609375 0.9986979171874999 0.8631002609375
0 0.85593359375 0.2858463546875001 0.750984375 0.2825156250000001 0.7493148147990243 0.33512242746916615 0.8542640335490244 0.33845315715666613
0 0.41826041718750007 0.5042799484375 0.3663385421875 0.50380078125 0.36538502632829084 0.6071224037314532 0.4173069013282909 0.6076015709189532
0 0.06626953125000012 0.979578125 1.1999680928557733e-16 0.979578125 1.2116755890071656e-16 0.9986979171874999 0.06626953125000014 0.9986979171874999