0 0.1806601562500001 0.8575429687500001 0.06971614396406292 0.7777807805956225 0.03184082031250015 0.8304628906250002 0.14278483259843733 0.9102250787793776
0 0.3249453125 0.9432656250000001 0.2165943930598379 0.8617624444468145 0.17183300781250005 0.9212685546875001 0.28018392725266217 1.0027717352406857
0 0.7439316406250002 0.895361328125 0.6521571940720382 0.786771445931451 0.5811728515624999 0.8467636718749999 0.6729472981154618 0.9553535540685489
0 0.7311522482930702 0.5219136579201518 0.6771950605708057 0.4868865552064549 0.6296707419652355 0.5600949675988032 0.6836279296875001 0.5951220703125001
0 0.42798925781249997 0.6293085937499999 0.237814556820305 0.503328523336952 0.19084082031249996 0.5742382812499999 0.38101552130469496 0.7002183516630479
0 0.772076171875 0.9647490234374999 0.7054577385759069 0.9002388754582507 0.6590322265624999 0.9481816406249999 0.725650659861593 1.0126917886042492
0 0.5086552734375002 0.6633349609375001 0.424982546611495 0.619909915903844 0.3857431640625001 0.6955175781250001 0.4694158908885053 0.7389426231586562
0 1.008944257009859 0.8176523504651809 0.9032617187499999 0.7177529296875004 0.8566605442049816 0.7670518182443055 0.9623430824648407 0.8669512390219861
0 0.7346662318688914 0.7483894551319267 0.6829873046875 0.6905781250000003 0.5772807647726178 0.7850717228188332 0.6289596919540091 0.8428830529507596
0 0.35503027343750004 0.01571289062500003 0.2779896674542098 -0.03218834459994506 0.23940625000000004 0.029866210937500037 0.31644685598329025 0.07776744616244513
0 0.5503953710171186 0.3236494872653727 0.4506678975910711 0.23094238540851025 0.39567871093750007 0.29009570312500005 0.49540618436354744 0.3828028049818625
0 0.5835273437499999 0.5443017578125 0.43879101562499995 0.4853056640625 0.40956594974988 0.5570041182330544 0.55430227787488 0.6160002119830544
0 0.8227177734375 0.048802734375000115 0.6636171815300149 0.018135552801013442 0.64826953125 0.09775878906250009 0.8073701231574851 0.12842597063648675
0 0.9053789062500002 0.71556640625 0.8265923462443059 0.6374644202686746 0.777138671875 0.6873515625000002 0.8559252318806942 0.7654535484813256
0 0.8200361328125 0.6423769531250001 0.7180398386266622 0.5356775246968987 0.6672695312499999 0.5842099609375002 0.7692658254358377 0.6909093893656016
0 0.37864479080238556 0.9641970749931061 0.29966574011260144 0.9435737256189345 0.2855429687500002 0.9976582031250001 0.3645220194397843 1.0182815524991717
0 0.9992691606884978 0.12264069945709377 0.9337720601703425 0.1207552675977297 0.9303593447943449 0.23930792751563607 0.9958564453125002 0.24119335937500014
0 0.9990234375 0.5440644531250002 0.9586103515625 0.5440644531250002 0.9586103515625 0.6152958984375002 0.9990234375 0.6152958984375002
0 0.9967978515624998 0.39575683593750005 0.9010038412993872 0.36202634431742614 0.8769599609375 0.4303105468750001 0.9727539712006126 0.464041038495074
0 0.05190625 0.739197265625 0.05101170978192744 0.6329139735360374 0.000760742187499995 0.6333369140625 0.0016552824055725487 0.7396202061514626
0 0.9994663076379385 0.2313609501827349 0.9070559620410015 0.22990920807449347 0.9044744200280629 0.39423673445425866 0.9968847656250001 0.3956884765625001
0 0.015382812500000023 0.17000097656250004 0.0011621093750000208 0.16966699218750006 -0.00038499418383070445 0.23554103319245337 0.013835708941169297 0.23587501756745338
0 1.0031239741981177 0.8140904301506657 0.9664719942799607 0.8019257826482814 0.9455335669568428 0.8650130868726157 0.982185546875 0.8771777343749999