0 0.509748437471121 0.8854395250901209 0.40228906249999996 0.7156432296875002 0.31566453933632727 0.770465492412768 0.42312391430744833 0.9402617878153888
0 0.20346707211859344 0.5294522241974042 0.01387500000000006 0.3504973953125 -0.0599953924310934 0.42875871330259574 0.12959667968749997 0.6077135421875
0 0.48924878950409356 0.3458244657890957 0.4270458984374999 0.31567708281250006 0.37163109330840627 0.4300140748359043 0.4338339843749999 0.4601614578125
0 0.9978007812499999 1.3322676295501878e-16 0.8978574492464663 -0.005096683219240772 0.8911855742464663 0.12573534803075923 0.9911289062499999 0.13083203125000015
0 0.5475941180929016 0.9372682525590182 0.4573232421875001 0.8680390625 0.4102125225320985 0.9294687271284816 0.5004833984375 0.9986979171874999
0 0.26775344873816137 0.5293004565403662 0.17563334390104235 0.49292430390327624 0.127193371725381 0.6155952020504101 0.21931347656250005 0.6519713546875
0 0.08158244567025585 0.9319289422492123 0.015345703125000032 0.8606757812500001 -0.023058469123463966 0.8963761941750252 0.043178273421791855 0.9676293551742374
0 0.3149838550336669 0.1187811245709554 0.190735506824033 -0.010639947790581084 0.12039130022786615 0.05689272920096351 0.24463964843750002 0.1863138015625
0 0.7637890103071007 0.7537769960976278 0.662568359375 0.6230507812500001 0.6040759592893309 0.6683411525665207 0.7052966102214315 0.7990673674141483
0 0.5015863986824602 0.6447295707004305 0.4332968749999999 0.5873463546875 0.31061770288003976 0.7333420449245696 0.37890722656250003 0.7907252609375
0 0.35147024832671137 0.4021797614286754 0.18872167968750003 0.3134244796875001 0.14159420479828866 0.39984107294632476 0.30434277343750005 0.48859635468750007
0 0.6714778703339868 0.6426511322400761 0.5766435546875 0.5161276046874999 0.513241856228513 0.5636496490099238 0.6080761718749998 0.6901731765625
0 0.8370206359264742 0.8709703528594984 0.728396484375 0.7238971359375002 0.6706453705681202 0.766550488258963 0.7792695221195943 0.9136237051809614
0 0.7273842218474933 0.16481461883711243 0.647041015330131 0.14907031244221666 0.6260376528576378 0.25625048579260434 0.7063808593750001 0.2719947921875001
0 1.020708193936261 0.8693367927285237 0.9688896484375003 0.8451770828125003 0.9310222748137396 0.926396279146477 0.9828408203125003 0.9505559890625003
0 0.5795592387520886 0.5361890562949718 0.46807226562500004 0.38146093750000004 0.4044401184216511 0.427310105321132 0.5159270915487395 0.5820382241161038
0 0.9892740572611078 0.9343662546217484 0.9208095703125 0.9111445312500003 0.8983431497304689 0.9773821628889913 0.9668076366790768 1.0006038862607394
0 0.09795719837640389 0.004766494374069001 0.0030224609375 0.0046236984375 0.0028084266235961176 0.146919704063431 0.09774316406250001 0.1470625
0 0.13466272531334886 0.9662403107357994 0.05846972656250018 0.9274713546875001 0.0398037022906824 0.9641558700573254 0.11599670104153108 1.0029248261056247
0 0.7101992187499999 8.881784197001253e-17 0.6436459128994904 -0.00584759796095814 0.6404974753994904 0.02998573485154187 0.7070507812499999 0.0358333328125001