0 0.500488 0.404297 0.081055 0.097656
0 0.677246 0.401367 0.096680 0.103516
0 0.541992 0.503418 0.085938 0.124023
0 0.638672 0.301270 0.101562 0.116211
0 0.460938 0.321777 0.074219 0.094727
0 0.858887 0.350098 0.100586 0.112305
0 0.742676 0.514160 0.145508 0.120117
0 0.243164 0.324707 0.082031 0.100586
0 0.911133 0.814453 0.119141 0.130859
0 0.099609 0.069336 0.164062 0.136719
0 0.181641 0.368164 0.087891 0.082031
0 0.414062 0.247559 0.150391 0.096680
0 0.804688 0.237793 0.097656 0.127930
0 0.319824 0.302246 0.073242 0.096680
0 0.838379 0.690430 0.159180 0.134766
0 0.966797 0.147461 0.066406 0.093750
0 0.486816 0.595215 0.118164 0.079102
0 0.942871 0.928223 0.108398 0.131836
0 0.755371 0.798340 0.124023 0.094727
0 0.732422 0.150391 0.158203 0.099609
0 0.871582 0.459961 0.127930 0.103516
0 0.984375 0.256348 0.031250 0.120117
0 0.110352 0.422363 0.115234 0.104492
0 0.332031 0.773926 0.091797 0.155273
0 0.598633 0.195801 0.117188 0.118164
0 0.856934 0.090820 0.131836 0.091797
0 0.369141 0.647949 0.115234 0.098633
0 0.395508 0.909668 0.091797 0.155273
0 0.634277 0.848145 0.124023 0.094727
0 0.605957 0.951660 0.124023 0.094727
0 0.211426 0.040527 0.100586 0.079102
0 0.275391 0.028320 0.052734 0.054688
0 0.314941 0.018555 0.045898 0.035156
0 0.189941 0.525391 0.139648 0.091797
0 0.168457 0.885742 0.127930 0.181641
0 0.957031 0.057129 0.066406 0.094727
