0 0.844727 0.844727 0.173828 0.167969
0 0.123047 0.397949 0.146484 0.122070
0 0.155762 0.034180 0.114258 0.066406
0 0.433105 0.354004 0.133789 0.143555
0 0.442871 0.509766 0.129883 0.158203
0 0.681641 0.024414 0.126953 0.046875
0 0.121582 0.269531 0.231445 0.144531
0 0.361328 0.152832 0.136719 0.254883
0 0.833496 0.287598 0.168945 0.092773
0 0.154785 0.684082 0.116211 0.124023
0 0.271973 0.812500 0.168945 0.185547
0 0.399902 0.901367 0.286133 0.195312
0 0.960938 0.284668 0.078125 0.084961
0 0.036621 0.924805 0.071289 0.125000
