0 0.450195 0.522461 0.099609 0.107422
0 0.267578 0.568848 0.199219 0.206055
0 0.728027 0.742188 0.151367 0.091797
0 0.548340 0.538574 0.083008 0.106445
0 0.559082 0.631348 0.092773 0.081055
0 0.198242 0.938477 0.087891 0.085938
0 0.712402 0.650879 0.139648 0.088867
0 0.898926 0.286621 0.112305 0.083008
0 0.668945 0.209473 0.128906 0.153320
0 0.567383 0.770020 0.095703 0.073242
0 0.885254 0.611328 0.118164 0.103516
0 0.397461 0.964844 0.082031 0.070312
0 0.567871 0.702148 0.083008 0.066406
0 0.076172 0.091797 0.119141 0.121094
0 0.289551 0.358398 0.208008 0.208984
0 0.699219 0.565430 0.128906 0.087891
0 0.159668 0.781738 0.104492 0.108398
0 0.742676 0.940918 0.129883 0.118164
0 0.808105 0.242188 0.100586 0.070312
0 0.418457 0.137207 0.135742 0.096680
0 0.311035 0.956055 0.084961 0.087891
0 0.150391 0.114746 0.082031 0.086914
0 0.282715 0.127930 0.090820 0.085938
0 0.219238 0.119629 0.081055 0.086914
0 0.695801 0.464844 0.129883 0.109375
0 0.124512 0.916016 0.071289 0.080078
0 0.361816 0.861816 0.125977 0.079102
0 0.567383 0.155273 0.123047 0.136719
0 0.947266 0.845703 0.105469 0.140625
0 0.455078 0.055664 0.119141 0.093750
0 0.761719 0.336914 0.113281 0.064453
0 0.727051 0.386719 0.106445 0.072266
0 0.618164 0.044922 0.119141 0.087891
0 0.402344 0.690430 0.099609 0.064453
0 0.381348 0.741699 0.081055 0.057617
0 0.768066 0.066406 0.106445 0.130859
0 0.056641 0.755859 0.099609 0.107422
0 0.891602 0.955078 0.162109 0.089844
0 0.374512 0.799316 0.112305 0.061523
0 0.060059 0.898438 0.075195 0.087891
0 0.544434 0.374023 0.200195 0.175781
0 0.337402 0.144043 0.059570 0.063477
0 0.677734 0.079102 0.066406 0.056641
0 0.567871 0.840820 0.108398 0.072266
0 0.791992 0.292480 0.115234 0.073242
0 0.377930 0.046387 0.083984 0.090820
0 0.580078 0.980957 0.121094 0.038086
0 0.257812 0.777344 0.101562 0.183594
0 0.554199 0.911621 0.153320 0.059570
0 0.763184 0.825684 0.200195 0.079102
0 0.479004 0.973633 0.079102 0.052734
0 0.433105 0.622070 0.114258 0.082031
