0 0.562500 0.423828 0.117188 0.070312
0 0.477214 0.383789 0.121094 0.078125
0 0.658203 0.142090 0.121094 0.090820
0 0.629557 0.468750 0.100260 0.076172
0 0.570312 0.074219 0.145833 0.105469
0 0.799479 0.098633 0.109375 0.083984
0 0.547526 0.965332 0.118490 0.069336
0 0.665365 0.334961 0.114583 0.078125
0 0.723958 0.373047 0.109375 0.080078
0 0.460938 0.211914 0.184896 0.107422
0 0.865885 0.650391 0.104167 0.107422
0 0.407552 0.876465 0.169271 0.083008
0 0.868490 0.269043 0.104167 0.075195
0 0.723958 0.181152 0.093750 0.083008
0 0.719401 0.058105 0.105469 0.071289
0 0.484375 0.562012 0.117188 0.075195
0 0.378906 0.035156 0.130208 0.068359
0 0.779297 0.209961 0.102865 0.080078
0 0.196615 0.958496 0.109375 0.057617
0 0.878255 0.142090 0.105469 0.079102
0 0.237630 0.687012 0.165365 0.096680
0 0.630859 0.830566 0.100260 0.073242
0 0.289062 0.104492 0.169271 0.115234
0 0.927083 0.308105 0.109375 0.086914
0 0.109375 0.103516 0.153646 0.119141
0 0.539714 0.599609 0.087240 0.070312
0 0.794922 0.415039 0.128906 0.087891
0 0.709635 0.533691 0.143229 0.086914
0 0.820312 0.795898 0.125000 0.085938
0 0.388021 0.302734 0.153646 0.099609
0 0.814453 0.242676 0.082031 0.073242
0 0.609375 0.637207 0.130208 0.083008
0 0.696615 0.891602 0.096354 0.058594
0 0.605469 0.297363 0.104167 0.077148
0 0.786458 0.961914 0.117188 0.076172
0 0.194661 0.198730 0.170573 0.096680
0 0.083333 0.305176 0.135417 0.088867
0 0.634766 0.025879 0.131510 0.049805
0 0.781250 0.502930 0.098958 0.064453
0 0.654948 0.867188 0.088542 0.062500
0 0.149089 0.352051 0.095052 0.067383
0 0.734375 0.919922 0.091146 0.068359
0 0.195964 0.814941 0.147135 0.049805
0 0.337891 0.837891 0.162760 0.064453
0 0.879557 0.462402 0.105469 0.077148
0 0.126302 0.701660 0.083333 0.057617
0 0.492188 0.703613 0.098958 0.067383
0 0.195964 0.035645 0.115885 0.069336
0 0.213542 0.398438 0.145833 0.105469
0 0.949870 0.184082 0.095052 0.084961
0 0.063802 0.837402 0.114583 0.096680
0 0.023438 0.259766 0.044271 0.085938
0 0.156901 0.933594 0.092448 0.048828
0 0.142578 0.901367 0.092448 0.048828
0 0.593750 0.783203 0.132812 0.085938
0 0.727865 0.736328 0.132812 0.085938
0 0.889974 0.866699 0.105469 0.079102
0 0.949870 0.906738 0.087240 0.067383
0 0.960286 0.712402 0.079427 0.069336
0 0.925130 0.605957 0.079427 0.069336
0 0.960286 0.571777 0.069010 0.049805
0 0.316406 0.470703 0.145833 0.105469
0 0.417318 0.520020 0.110677 0.092773
0 0.330729 0.708496 0.083333 0.057617
0 0.407552 0.703613 0.083333 0.057617
0 0.042318 0.726074 0.082031 0.057617
0 0.822917 0.021484 0.130208 0.041016
