0 0.276693 0.621582 0.154948 0.131836
0 0.500000 0.582031 0.153646 0.183594
0 0.667318 0.890137 0.154948 0.166992
0 0.690755 0.367188 0.139323 0.132812
0 0.776693 0.969727 0.134115 0.060547
0 0.269531 0.058594 0.148438 0.115234
0 0.097005 0.568359 0.170573 0.136719
0 0.904297 0.756348 0.134115 0.141602
0 0.374349 0.970703 0.230469 0.058594
0 0.916667 0.300293 0.166667 0.102539
0 0.584635 0.726562 0.171875 0.167969
0 0.067708 0.101074 0.132812 0.200195
0 0.072266 0.368164 0.141927 0.275391
0 0.345052 0.180664 0.164062 0.158203
0 0.398438 0.296875 0.164062 0.158203
0 0.470052 0.430176 0.135417 0.116211
0 0.955729 0.470215 0.088542 0.094727
0 0.850911 0.653809 0.134115 0.141602
0 0.789714 0.544434 0.134115 0.141602
0 0.626953 0.238281 0.152344 0.146484
0 0.554036 0.102539 0.152344 0.146484
0 0.965495 0.929688 0.069010 0.140625
