0 0.360352 0.128418 0.087891 0.120117
0 0.329590 0.241211 0.083008 0.103516
0 0.276855 0.446777 0.083008 0.090820
0 0.301758 0.347656 0.078125 0.103516
0 0.874023 0.896484 0.119141 0.103516
0 0.097168 0.770508 0.165039 0.140625
0 0.581055 0.441406 0.115234 0.144531
0 0.626465 0.284668 0.110352 0.153320
0 0.188965 0.128418 0.170898 0.102539
0 0.666016 0.125000 0.119141 0.160156
0 0.947754 0.333496 0.104492 0.145508
0 0.909180 0.488770 0.107422 0.151367
0 0.404297 0.769043 0.226562 0.202148
0 0.906250 0.022949 0.101562 0.043945
0 0.970703 0.187500 0.058594 0.132812
0 0.871094 0.778320 0.216797 0.146484
0 0.542480 0.567871 0.108398 0.081055
0 0.238770 0.523438 0.081055 0.070312
0 0.051758 0.085938 0.101562 0.109375
0 0.057617 0.422363 0.113281 0.276367
