0 0.125488 0.629395 0.149414 0.256836
0 0.899902 0.312012 0.137695 0.125977
0 0.544922 0.032715 0.113281 0.063477
0 0.931641 0.629395 0.136719 0.209961
0 0.838379 0.195801 0.170898 0.122070
0 0.946289 0.421875 0.107422 0.130859
0 0.732422 0.037109 0.187500 0.072266
0 0.760254 0.302734 0.120117 0.091797
0 0.494629 0.101074 0.129883 0.090820
0 0.189453 0.037598 0.144531 0.073242
0 0.256836 0.864258 0.187500 0.267578
0 0.938965 0.803711 0.122070 0.083984
0 0.966797 0.960938 0.066406 0.078125
0 0.817871 0.984375 0.096680 0.031250
0 0.374512 0.143066 0.129883 0.090820
0 0.330566 0.276367 0.102539 0.164062
0 0.387207 0.408203 0.102539 0.164062
0 0.440918 0.541504 0.102539 0.165039
0 0.502441 0.683594 0.102539 0.164062
0 0.546387 0.803711 0.102539 0.164062
0 0.602051 0.917480 0.102539 0.165039
0 0.641113 0.345215 0.124023 0.102539
0 0.607910 0.470703 0.110352 0.150391
0 0.668945 0.597656 0.126953 0.169922
0 0.716797 0.730469 0.126953 0.169922
0 0.769531 0.868652 0.121094 0.122070
0 0.171387 0.387695 0.141602 0.183594
0 0.203613 0.102539 0.157227 0.107422
0 0.327148 0.023926 0.103516 0.045898
