0 0.667480 0.331055 0.077148 0.093750
0 0.703613 0.641602 0.086914 0.085938
0 0.411133 0.032715 0.123047 0.063477
0 0.960938 0.591797 0.078125 0.080078
0 0.772949 0.079102 0.143555 0.156250
0 0.882324 0.438965 0.141602 0.098633
0 0.533691 0.572266 0.063477 0.089844
0 0.419922 0.519531 0.070312 0.085938
0 0.479004 0.549805 0.073242 0.087891
0 0.365723 0.255859 0.139648 0.126953
0 0.098633 0.606934 0.195312 0.315430
0 0.025391 0.248535 0.048828 0.098633
0 0.365723 0.911621 0.125977 0.174805
0 0.948242 0.855469 0.101562 0.126953
0 0.774902 0.704590 0.065430 0.100586
0 0.533203 0.936035 0.197266 0.127930
0 0.588867 0.594238 0.064453 0.088867
0 0.105957 0.211426 0.129883 0.124023
0 0.692871 0.933594 0.163086 0.132812
0 0.240723 0.299316 0.127930 0.098633
0 0.604980 0.352539 0.077148 0.093750
0 0.537598 0.355469 0.077148 0.093750
0 0.475098 0.381836 0.077148 0.093750
0 0.640625 0.622559 0.064453 0.088867
0 0.754883 0.456055 0.134766 0.115234
0 0.812012 0.729004 0.065430 0.100586
0 0.849121 0.744629 0.065430 0.100586
0 0.895996 0.761719 0.073242 0.125000
