0 0.642090 0.509277 0.116211 0.088867
0 0.281738 0.551270 0.108398 0.102539
0 0.080078 0.889648 0.152344 0.144531
0 0.531250 0.529297 0.107422 0.083984
0 0.222168 0.474609 0.112305 0.105469
0 0.072754 0.541992 0.143555 0.199219
0 0.789551 0.083496 0.129883 0.165039
0 0.139648 0.743652 0.156250 0.149414
0 0.846191 0.769043 0.149414 0.084961
0 0.729492 0.238770 0.119141 0.178711
0 0.960938 0.556641 0.078125 0.083984
0 0.389160 0.087891 0.499023 0.173828
0 0.577148 0.812988 0.144531 0.081055
0 0.483398 0.971680 0.128906 0.056641
0 0.427734 0.539062 0.107422 0.083984
0 0.154785 0.402344 0.112305 0.105469
0 0.087402 0.322266 0.112305 0.105469
0 0.032715 0.223145 0.063477 0.166992
0 0.345703 0.940918 0.160156 0.118164
0 0.711914 0.802246 0.144531 0.081055
0 0.433594 0.829590 0.144531 0.081055
0 0.605469 0.983887 0.115234 0.032227
