0 0.642090 0.509277 0.116211 0.088867
0 0.281738 0.551270 0.108398 0.102539
0 0.080078 0.889648 0.152344 0.144531
0 0.535156 0.523438 0.099609 0.099609
0 0.222168 0.474609 0.112305 0.105469
0 0.074219 0.557617 0.146484 0.175781
0 0.789551 0.083496 0.129883 0.165039
0 0.139648 0.743652 0.156250 0.149414
0 0.846191 0.769043 0.149414 0.084961
0 0.392578 0.106934 0.492188 0.211914
0 0.729492 0.238770 0.119141 0.178711
0 0.958984 0.566406 0.082031 0.109375
0 0.432617 0.823242 0.150391 0.083984
0 0.577148 0.812988 0.144531 0.081055
0 0.483398 0.971680 0.128906 0.056641
0 0.150879 0.398438 0.112305 0.105469
0 0.092285 0.321289 0.112305 0.105469
0 0.032715 0.243164 0.063477 0.105469
0 0.432129 0.537598 0.110352 0.096680
0 0.716797 0.798340 0.144531 0.081055
0 0.353027 0.940918 0.155273 0.112305
