0 0.951823 0.240234 0.096354 0.108073
0 0.562500 0.567708 0.135417 0.117188
0 0.869141 0.187500 0.074219 0.091146
0 0.074870 0.402995 0.123698 0.121094
0 0.481771 0.506510 0.140625 0.117188
0 0.800130 0.129557 0.089844 0.092448
0 0.625651 0.623698 0.108073 0.117188
0 0.720052 0.238932 0.091146 0.108073
0 0.146484 0.464193 0.095052 0.087240
0 0.663411 0.447917 0.121094 0.109375
0 0.774089 0.278646 0.097656 0.117188
0 0.921875 0.412109 0.109375 0.115885
0 0.656250 0.190755 0.122396 0.115885
0 0.721354 0.500000 0.114583 0.109375
0 0.865885 0.870443 0.125000 0.128906
0 0.864583 0.361328 0.104167 0.113281
0 0.384115 0.046224 0.125000 0.087240
0 0.108073 0.139323 0.164062 0.158854
0 0.720052 0.078776 0.091146 0.084635
0 0.798177 0.552083 0.111979 0.098958
0 0.019531 0.347656 0.036458 0.119792
0 0.201172 0.250651 0.160156 0.105469
0 0.816406 0.322917 0.088542 0.109375
0 0.380859 0.401693 0.134115 0.180990
0 0.924479 0.778646 0.088542 0.109375
0 0.619141 0.393229 0.089844 0.096354
0 0.540365 0.798177 0.091146 0.096354
0 0.574219 0.106120 0.114583 0.141927
0 0.460938 0.280599 0.174479 0.123698
0 0.296224 0.145833 0.152344 0.145833
0 0.712891 0.706380 0.170573 0.154948
0 0.207682 0.535156 0.149740 0.143229
0 0.605469 0.853516 0.127604 0.123698
0 0.319661 0.637370 0.154948 0.144531
0 0.485026 0.748698 0.118490 0.104167
0 0.729818 0.962240 0.141927 0.075521
0 0.785807 0.660807 0.126302 0.102865
0 0.967448 0.470703 0.065104 0.113281
0 0.638021 0.033203 0.125000 0.063802
0 0.123047 0.936849 0.087240 0.082031
0 0.210286 0.048177 0.147135 0.093750
0 0.876953 0.615234 0.113281 0.092448
0 0.732422 0.722005 0.134115 0.121094
0 0.985026 0.029297 0.029948 0.055990
0 0.981120 0.725260 0.037760 0.085938
0 0.413411 0.694010 0.118490 0.104167
0 0.494141 0.934245 0.095052 0.108073
0 0.416667 0.940755 0.072917 0.100260
0 0.340495 0.940104 0.087240 0.101562
0 0.233073 0.921875 0.151042 0.127604
0 0.557943 0.357422 0.087240 0.092448
