0 0.316895 0.438802 0.081055 0.111979
0 0.873535 0.753906 0.098633 0.132812
0 0.400879 0.492839 0.073242 0.095052
0 0.476074 0.531901 0.084961 0.110677
0 0.035645 0.168620 0.069336 0.173177
0 0.712402 0.798828 0.125977 0.154948
0 0.732422 0.399740 0.080078 0.122396
0 0.175781 0.282552 0.070312 0.125000
0 0.116699 0.248698 0.077148 0.122396
0 0.249512 0.392578 0.077148 0.121094
0 0.967773 0.709635 0.064453 0.122396
0 0.042480 0.707031 0.083008 0.205729
0 0.811035 0.367188 0.075195 0.093750
0 0.455566 0.205078 0.137695 0.131510
0 0.553223 0.210938 0.067383 0.135417
0 0.960938 0.610677 0.078125 0.096354
0 0.864746 0.323568 0.077148 0.105469
0 0.322266 0.031901 0.064453 0.061198
0 0.816895 0.822917 0.051758 0.106771
0 0.400879 0.923828 0.104492 0.152344
0 0.562988 0.606771 0.086914 0.106771
0 0.625488 0.199219 0.088867 0.132812
0 0.386719 0.031901 0.064453 0.061198
0 0.262207 0.017578 0.065430 0.032552
0 0.632812 0.652344 0.083984 0.127604
