0 0.822266 0.337891 0.068359 0.123698
0 0.819336 0.768229 0.082031 0.106771
0 0.943848 0.536458 0.112305 0.132812
0 0.208496 0.195964 0.079102 0.115885
0 0.902832 0.833984 0.073242 0.100260
0 0.682617 0.611979 0.072266 0.111979
0 0.450195 0.478516 0.085938 0.152344
0 0.755859 0.310547 0.070312 0.115885
0 0.180176 0.597005 0.159180 0.227865
0 0.613281 0.578125 0.076172 0.132812
0 0.966797 0.860026 0.066406 0.108073
0 0.756836 0.723958 0.085938 0.125000
0 0.519531 0.522135 0.082031 0.140625
0 0.055664 0.596354 0.109375 0.236979
0 0.598633 0.129557 0.064453 0.115885
0 0.309570 0.917318 0.105469 0.165365
0 0.037598 0.091797 0.065430 0.118490
0 0.659668 0.115234 0.075195 0.115885
0 0.496094 0.122396 0.136719 0.145833
0 0.092285 0.121745 0.065430 0.118490
0 0.143066 0.163411 0.065430 0.118490
0 0.539062 0.964193 0.097656 0.071615
0 0.271484 0.273438 0.064453 0.119792
0 0.313477 0.292969 0.064453 0.119792
0 0.351562 0.320312 0.064453 0.119792
0 0.396973 0.345052 0.067383 0.138021
0 0.889648 0.337891 0.068359 0.123698
