0 0.728516 0.322266 0.150391 0.126302
0 0.195801 0.591797 0.083008 0.126302
0 0.567871 0.360677 0.094727 0.098958
0 0.161133 0.395833 0.125000 0.169271
0 0.402832 0.254557 0.100586 0.092448
0 0.878906 0.622396 0.193359 0.158854
0 0.389648 0.639974 0.097656 0.126302
0 0.297852 0.673177 0.111328 0.239583
0 0.560547 0.182943 0.091797 0.115885
0 0.122070 0.559896 0.080078 0.122396
0 0.568359 0.270182 0.083984 0.089844
0 0.381836 0.318359 0.083984 0.092448
0 0.944824 0.468750 0.110352 0.210938
0 0.263672 0.109375 0.185547 0.213542
0 0.889648 0.138021 0.119141 0.151042
0 0.362793 0.481771 0.125977 0.104167
0 0.061035 0.347656 0.098633 0.169271
0 0.262695 0.869792 0.128906 0.208333
0 0.959473 0.745443 0.081055 0.191406
0 0.592285 0.759115 0.116211 0.088542
0 0.714355 0.199870 0.135742 0.123698
0 0.475586 0.664714 0.095703 0.134115
0 0.740723 0.826172 0.088867 0.128906
0 0.579590 0.666667 0.131836 0.101562
0 0.725098 0.599609 0.118164 0.170573
0 0.378418 0.398438 0.114258 0.093750
0 0.074219 0.801432 0.126953 0.149740
0 0.160156 0.760417 0.089844 0.111979
0 0.932129 0.862630 0.098633 0.100260
0 0.060059 0.532552 0.081055 0.117188
0 0.608398 0.835938 0.095703 0.072917
0 0.429688 0.163411 0.109375 0.113281
0 0.545410 0.063151 0.088867 0.123698
0 0.020020 0.764323 0.038086 0.125000
0 0.877930 0.936849 0.126953 0.123698
0 0.979004 0.252604 0.041992 0.158854
0 0.566895 0.454427 0.110352 0.096354
0 0.445312 0.054688 0.099609 0.106771
0 0.567383 0.550781 0.128906 0.088542
0 0.371094 0.966797 0.097656 0.066406
0 0.742676 0.946615 0.081055 0.101562
0 0.257324 0.358073 0.106445 0.257812
0 0.013672 0.301432 0.025391 0.141927
0 0.613770 0.897135 0.096680 0.054688
0 0.620117 0.961589 0.095703 0.076823
0 0.697754 0.081380 0.112305 0.118490
0 0.731934 0.725260 0.083008 0.075521
0 0.771973 0.442057 0.200195 0.102865
