0 0.762370 0.252441 0.089844 0.088867
0 0.759115 0.578613 0.096354 0.092773
0 0.571615 0.461426 0.101562 0.088867
0 0.674479 0.232910 0.093750 0.086914
0 0.273438 0.361328 0.106771 0.130859
0 0.379557 0.788574 0.149740 0.147461
0 0.480469 0.439453 0.093750 0.093750
0 0.881510 0.624512 0.101562 0.073242
0 0.322917 0.087891 0.187500 0.101562
0 0.667318 0.552734 0.108073 0.101562
0 0.462240 0.097168 0.083333 0.086914
0 0.863281 0.942871 0.143229 0.114258
0 0.033854 0.203125 0.065104 0.093750
0 0.082682 0.711914 0.144531 0.148438
0 0.559896 0.085449 0.111979 0.086914
0 0.090495 0.221680 0.066406 0.093750
0 0.145182 0.237305 0.066406 0.093750
0 0.186849 0.258789 0.092448 0.109375
0 0.363281 0.388672 0.106771 0.130859
0 0.962891 0.655273 0.074219 0.083984
0 0.850911 0.250488 0.089844 0.088867
0 0.948568 0.394531 0.097656 0.085938
