0 0.947917 0.345703 0.104167 0.170573
0 0.336589 0.107422 0.118490 0.121094
0 0.903646 0.197266 0.148438 0.154948
0 0.667969 0.194661 0.109375 0.128906
0 0.615234 0.090495 0.110677 0.113281
0 0.836589 0.074219 0.162760 0.145833
0 0.716797 0.333984 0.121094 0.160156
0 0.243490 0.152344 0.101562 0.111979
0 0.439453 0.694661 0.134115 0.220052
0 0.654297 0.458333 0.157552 0.098958
0 0.546224 0.029297 0.201823 0.055990
0 0.968750 0.751953 0.062500 0.115885
0 0.252604 0.363932 0.174479 0.128906
0 0.220052 0.861979 0.156250 0.229167
0 0.802734 0.932943 0.134115 0.134115
0 0.513021 0.858073 0.164062 0.203125
0 0.499349 0.519531 0.154948 0.111979
0 0.422526 0.069661 0.118490 0.121094
0 0.148438 0.203125 0.132812 0.153646
0 0.865234 0.788411 0.186198 0.160156
0 0.281250 0.464844 0.203125 0.158854
