0 0.321615 0.170898 0.158854 0.154297
0 0.268229 0.327637 0.148438 0.151367
0 0.787109 0.215820 0.131510 0.158203
0 0.576823 0.857910 0.140625 0.151367
0 0.471354 0.669434 0.148438 0.260742
0 0.217448 0.487305 0.156250 0.158203
0 0.906250 0.465332 0.130208 0.145508
0 0.206380 0.022949 0.131510 0.043945
0 0.497396 0.453613 0.234375 0.096680
0 0.165365 0.773438 0.299479 0.162109
0 0.160807 0.893555 0.157552 0.111328
0 0.586589 0.964355 0.134115 0.069336
0 0.825521 0.359863 0.130208 0.145508
0 0.712891 0.116211 0.131510 0.158203
