0 0.607910 0.182617 0.213867 0.218750
0 0.495605 0.043945 0.163086 0.085938
0 0.730469 0.352539 0.156250 0.136719
0 0.170410 0.181152 0.217773 0.153320
0 0.217285 0.285645 0.215820 0.182617
0 0.939453 0.465820 0.121094 0.195312
0 0.100586 0.089844 0.199219 0.177734
0 0.828125 0.141602 0.177734 0.216797
0 0.286133 0.373535 0.197266 0.157227
0 0.029785 0.461426 0.057617 0.137695
0 0.176758 0.887695 0.158203 0.164062
0 0.353516 0.451660 0.197266 0.157227
0 0.419922 0.558105 0.214844 0.172852
0 0.501953 0.676758 0.201172 0.167969
0 0.617188 0.781738 0.205078 0.200195
0 0.719238 0.890625 0.102539 0.068359
0 0.760742 0.950195 0.138672 0.097656
0 0.103027 0.758789 0.204102 0.205078
0 0.055176 0.596680 0.108398 0.103516
0 0.661621 0.036133 0.163086 0.070312
0 0.825684 0.505859 0.194336 0.195312
0 0.942871 0.641602 0.114258 0.123047
