0 0.604004 0.178711 0.155273 0.115234
0 0.841309 0.428711 0.209961 0.236328
0 0.734863 0.266602 0.172852 0.146484
0 0.468750 0.094727 0.144531 0.187500
0 0.274414 0.222168 0.230469 0.184570
0 0.592285 0.029297 0.110352 0.056641
0 0.193848 0.102051 0.225586 0.176758
0 0.421875 0.429199 0.212891 0.149414
0 0.972656 0.044434 0.054688 0.086914
0 0.468262 0.529297 0.221680 0.171875
0 0.359863 0.340820 0.229492 0.189453
0 0.540039 0.623047 0.201172 0.154297
0 0.601562 0.696289 0.201172 0.154297
0 0.668945 0.801758 0.216797 0.179688
0 0.752930 0.915039 0.205078 0.150391
0 0.718262 0.040527 0.133789 0.079102
0 0.953613 0.609375 0.092773 0.169922
0 0.109863 0.622070 0.217773 0.181641
0 0.068359 0.516602 0.134766 0.171875
0 0.061035 0.395508 0.120117 0.158203
0 0.030273 0.277344 0.058594 0.105469
0 0.176758 0.748047 0.218750 0.181641
0 0.257812 0.882812 0.218750 0.181641
0 0.364258 0.958984 0.191406 0.080078
