0 0.500651 0.895020 0.188802 0.118164
0 0.654948 0.170898 0.161458 0.156250
0 0.601562 0.327148 0.148438 0.150391
0 0.550781 0.486328 0.156250 0.156250
0 0.108724 0.441406 0.149740 0.146484
0 0.905599 0.852051 0.136719 0.143555
0 0.541016 0.022949 0.128906 0.043945
0 0.168620 0.284668 0.149740 0.153320
0 0.817057 0.663086 0.160156 0.263672
0 0.220052 0.125488 0.164062 0.161133
0 0.486979 0.775879 0.304688 0.139648
0 0.835286 0.447266 0.201823 0.089844
0 0.065755 0.562012 0.128906 0.079102
0 0.926432 0.961914 0.147135 0.076172
0 0.069661 0.783691 0.136719 0.196289
