0 0.450195 0.272461 0.099609 0.107422
0 0.263672 0.312500 0.199219 0.207031
0 0.196289 0.694336 0.082031 0.093750
0 0.548828 0.289551 0.083984 0.104492
0 0.728027 0.491699 0.151367 0.092773
0 0.559082 0.381836 0.092773 0.082031
0 0.740234 0.873047 0.089844 0.099609
0 0.592285 0.820312 0.114258 0.068359
0 0.389160 0.729980 0.096680 0.094727
0 0.567383 0.520508 0.095703 0.074219
0 0.890137 0.365234 0.149414 0.126953
0 0.298340 0.754395 0.110352 0.178711
0 0.741211 0.962891 0.085938 0.074219
0 0.567871 0.453125 0.084961 0.066406
0 0.712402 0.400879 0.141602 0.088867
0 0.475098 0.748535 0.094727 0.100586
0 0.160156 0.547852 0.125000 0.128906
0 0.608887 0.877441 0.090820 0.049805
0 0.882812 0.955078 0.119141 0.087891
0 0.122070 0.670410 0.080078 0.090820
0 0.929199 0.897949 0.096680 0.077148
0 0.958984 0.809082 0.082031 0.139648
0 0.578613 0.750488 0.131836 0.077148
0 0.877930 0.717285 0.193359 0.120117
0 0.698730 0.314941 0.127930 0.088867
0 0.070801 0.848633 0.133789 0.111328
0 0.286621 0.109375 0.213867 0.203125
0 0.733887 0.699219 0.135742 0.126953
0 0.362793 0.611328 0.125977 0.080078
0 0.944824 0.602051 0.110352 0.159180
0 0.402344 0.440430 0.099609 0.064453
0 0.381348 0.491699 0.081055 0.057617
0 0.697266 0.214355 0.132812 0.110352
0 0.256836 0.906250 0.138672 0.154297
0 0.065918 0.509766 0.129883 0.121094
0 0.358398 0.970703 0.109375 0.058594
0 0.162109 0.818848 0.091797 0.081055
0 0.761230 0.086914 0.114258 0.064453
0 0.726562 0.136719 0.107422 0.072266
0 0.376465 0.548828 0.110352 0.066406
0 0.020508 0.823242 0.039062 0.095703
0 0.060059 0.649414 0.081055 0.087891
0 0.897949 0.039062 0.098633 0.066406
0 0.567871 0.590820 0.108398 0.072266
0 0.614746 0.925781 0.096680 0.050781
0 0.545410 0.125000 0.198242 0.179688
0 0.625000 0.976562 0.091797 0.046875
0 0.569336 0.661621 0.136719 0.065430
0 0.427246 0.378418 0.108398 0.079102
0 0.975586 0.443359 0.048828 0.130859
0 0.792480 0.041992 0.114258 0.074219
0 0.262695 0.524902 0.070312 0.190430
0 0.733398 0.793945 0.093750 0.052734
0 0.768555 0.580078 0.212891 0.087891
