0 0.494629 0.555339 0.104492 0.199219
0 0.399902 0.285156 0.096680 0.213542
0 0.792480 0.485026 0.092773 0.217448
0 0.125977 0.715495 0.111328 0.204427
0 0.452148 0.770833 0.111328 0.200521
0 0.161621 0.501953 0.108398 0.204427
0 0.630859 0.938802 0.158203 0.122396
0 0.718750 0.128906 0.123047 0.143229
0 0.842773 0.619792 0.115234 0.223958
0 0.042969 0.068359 0.083984 0.134115
0 0.081543 0.911458 0.118164 0.169271
0 0.413574 0.939453 0.098633 0.121094
0 0.873047 0.801432 0.115234 0.222656
0 0.924316 0.931641 0.102539 0.136719
0 0.871094 0.093099 0.101562 0.123698
0 0.970215 0.050130 0.059570 0.097656
0 0.600586 0.037109 0.115234 0.071615
