0 0.353027 0.869141 0.106445 0.123047
0 0.818848 0.326660 0.083008 0.086914
0 0.895508 0.709473 0.126953 0.161133
0 0.900391 0.374512 0.074219 0.081055
0 0.680176 0.218262 0.092773 0.114258
0 0.311035 0.458984 0.143555 0.156250
0 0.323730 0.965332 0.104492 0.069336
0 0.453125 0.110352 0.070312 0.099609
0 0.967773 0.394531 0.064453 0.080078
0 0.184570 0.192383 0.138672 0.136719
0 0.610352 0.188477 0.085938 0.111328
0 0.966797 0.151367 0.066406 0.099609
0 0.530273 0.530273 0.117188 0.152344
0 0.747559 0.300781 0.081055 0.103516
0 0.268555 0.646484 0.142578 0.130859
0 0.849609 0.023926 0.132812 0.045898
0 0.185547 0.869141 0.181641 0.111328
0 0.050781 0.198730 0.099609 0.155273
0 0.519531 0.138184 0.083984 0.104492
0 0.622070 0.979492 0.119141 0.041016
0 0.667480 0.874023 0.122070 0.156250
0 0.117188 0.612305 0.142578 0.130859
0 0.050293 0.827148 0.098633 0.109375
0 0.969238 0.929199 0.061523 0.141602
