0 0.490234 0.768229 0.240885 0.148438
0 0.211589 0.583984 0.170573 0.238281
0 0.960286 0.561198 0.079427 0.127604
0 0.964844 0.315104 0.070312 0.179688
0 0.115885 0.402995 0.174479 0.194010
0 0.833333 0.628906 0.229167 0.140625
0 0.468099 0.538411 0.134115 0.180990
0 0.332682 0.195964 0.134115 0.209635
0 0.929688 0.945312 0.140625 0.109375
0 0.928385 0.158854 0.109375 0.179688
0 0.685547 0.449870 0.118490 0.175781
0 0.267578 0.817057 0.157552 0.149740
0 0.066406 0.215495 0.130208 0.199219
0 0.166667 0.867839 0.117188 0.134115
0 0.060547 0.911458 0.118490 0.145833
0 0.399089 0.375000 0.126302 0.197917
0 0.274089 0.054688 0.134115 0.106771
0 0.879557 0.047526 0.108073 0.092448
0 0.616536 0.287760 0.136719 0.182292
0 0.561849 0.110677 0.136719 0.182292
