0 0.137370 0.377930 0.095052 0.115234
0 0.102865 0.487793 0.106771 0.104492
0 0.441406 0.691406 0.153646 0.146484
0 0.860026 0.211914 0.139323 0.154297
0 0.064453 0.594238 0.105469 0.108398
0 0.502604 0.534668 0.148438 0.153320
0 0.376302 0.051270 0.156250 0.100586
0 0.884115 0.736816 0.153646 0.157227
0 0.221354 0.960449 0.328125 0.079102
0 0.832031 0.972168 0.307292 0.055664
0 0.551432 0.373047 0.128906 0.150391
0 0.389323 0.817383 0.143229 0.080078
0 0.089844 0.020996 0.145833 0.040039
0 0.060547 0.171875 0.118490 0.113281
0 0.045573 0.698730 0.088542 0.116211
0 0.933594 0.579590 0.132812 0.149414
0 0.961589 0.438965 0.076823 0.149414
