0 0.452474 0.869141 0.118490 0.131510
0 0.546224 0.936198 0.123698 0.122396
0 0.856120 0.354167 0.173177 0.164062
0 0.368490 0.537109 0.125000 0.102865
0 0.429036 0.440104 0.128906 0.101562
0 0.770833 0.479818 0.171875 0.157552
0 0.840495 0.910156 0.097656 0.091146
0 0.472005 0.341146 0.126302 0.104167
0 0.889974 0.773438 0.194010 0.177083
0 0.781901 0.961589 0.115885 0.076823
0 0.658854 0.959635 0.125000 0.080729
0 0.247396 0.721354 0.213542 0.231771
0 0.719401 0.639323 0.186198 0.190104
0 0.920573 0.225911 0.158854 0.162760
0 0.365234 0.816406 0.113281 0.119792
0 0.160807 0.175130 0.311198 0.345052
0 0.125651 0.496745 0.131510 0.123698
0 0.523438 0.253255 0.125000 0.105469
0 0.643880 0.125000 0.149740 0.169271
0 0.236328 0.550130 0.131510 0.123698
0 0.042318 0.443359 0.082031 0.118490
0 0.718099 0.032552 0.131510 0.062500
