0 0.364258 0.592285 0.113281 0.102539
0 0.213867 0.401855 0.117188 0.122070
0 0.543945 0.545898 0.130859 0.148438
0 0.182129 0.528809 0.122070 0.129883
0 0.109863 0.379395 0.090820 0.131836
0 0.502930 0.273438 0.158203 0.144531
0 0.737305 0.380371 0.205078 0.163086
0 0.293945 0.666504 0.156250 0.125977
0 0.118164 0.783203 0.105469 0.095703
0 0.040527 0.582031 0.075195 0.062500
0 0.893066 0.481934 0.168945 0.157227
0 0.184082 0.919922 0.122070 0.082031
0 0.181152 0.181641 0.063477 0.101562
0 0.065430 0.503906 0.097656 0.109375
0 0.138672 0.684570 0.117188 0.111328
0 0.258301 0.805664 0.092773 0.138672
0 0.610840 0.307617 0.118164 0.132812
0 0.066406 0.906738 0.109375 0.125977
0 0.046875 0.345215 0.083984 0.143555
0 0.393066 0.255859 0.073242 0.095703
0 0.413574 0.479980 0.129883 0.147461
0 0.149414 0.612793 0.099609 0.055664
0 0.257812 0.121094 0.062500 0.080078
0 0.292969 0.977539 0.117188 0.044922
0 0.183105 0.832520 0.069336 0.063477
0 0.285645 0.213867 0.155273 0.093750
0 0.969727 0.560059 0.060547 0.145508
0 0.336426 0.434570 0.065430 0.099609
0 0.286133 0.418945 0.087891 0.123047
0 0.017578 0.326660 0.033203 0.125977
0 0.030273 0.677246 0.058594 0.151367
0 0.037109 0.647949 0.072266 0.065430
0 0.312988 0.076172 0.100586 0.082031
