0 0.582031 0.052734 0.151042 0.102865
0 0.147135 0.692708 0.200521 0.156250
0 0.061198 0.382812 0.119792 0.182292
0 0.688802 0.283854 0.164062 0.242188
0 0.093750 0.560547 0.166667 0.167969
0 0.337240 0.192057 0.148438 0.235677
0 0.737630 0.970052 0.154948 0.059896
0 0.877604 0.132812 0.174479 0.135417
0 0.815755 0.619141 0.152344 0.196615
0 0.173828 0.848307 0.167969 0.160156
0 0.757812 0.468099 0.135417 0.131510
0 0.664062 0.856771 0.138021 0.184896
0 0.457682 0.341146 0.131510 0.192708
0 0.197266 0.951172 0.154948 0.097656
0 0.515625 0.490234 0.122396 0.191406
0 0.604167 0.673828 0.145833 0.214844
0 0.287109 0.049479 0.121094 0.096354
0 0.887370 0.767578 0.152344 0.196615
0 0.938802 0.925130 0.106771 0.149740
