0 0.951172 0.284505 0.097656 0.243490
0 0.717285 0.145182 0.133789 0.186198
0 0.432617 0.404297 0.195312 0.248698
0 0.833984 0.339844 0.179688 0.250000
0 0.940430 0.522135 0.119141 0.164062
0 0.358398 0.271484 0.195312 0.248698
0 0.296875 0.169922 0.195312 0.248698
0 0.227051 0.076823 0.237305 0.151042
0 0.503906 0.563151 0.195312 0.248698
0 0.636719 0.694661 0.195312 0.248698
0 0.628418 0.044271 0.108398 0.085938
0 0.772949 0.937500 0.135742 0.125000
0 0.724609 0.850911 0.091797 0.084635
0 0.162109 0.860677 0.158203 0.213542
0 0.086914 0.698568 0.171875 0.233073
0 0.051270 0.478516 0.100586 0.167969
0 0.028320 0.280599 0.054688 0.186198
0 0.281738 0.921224 0.069336 0.097656
