0 0.429688 0.251953 0.091146 0.087891
0 0.423177 0.584961 0.106771 0.083984
0 0.650391 0.401855 0.102865 0.100586
0 0.537760 0.630371 0.119792 0.084961
0 0.341146 0.232910 0.093750 0.086914
0 0.643229 0.652344 0.117188 0.083984
0 0.240885 0.458496 0.093750 0.079102
0 0.333984 0.553223 0.115885 0.102539
0 0.849609 0.733887 0.108073 0.081055
0 0.526042 0.942383 0.148438 0.115234
0 0.149740 0.434570 0.109375 0.085938
0 0.778646 0.025879 0.138021 0.049805
0 0.838542 0.408203 0.117188 0.111328
0 0.515625 0.251953 0.091146 0.087891
0 0.220052 0.084473 0.104167 0.092773
0 0.127604 0.099609 0.088542 0.085938
0 0.046875 0.093750 0.091146 0.115234
0 0.047526 0.386719 0.092448 0.140625
0 0.758464 0.715332 0.108073 0.081055
0 0.059896 0.780762 0.117188 0.157227
0 0.935547 0.848145 0.128906 0.112305
0 0.972656 0.535645 0.054688 0.084961
0 0.920573 0.168945 0.158854 0.138672
