0 0.379395 0.875488 0.166992 0.247070
0 0.789062 0.250488 0.087891 0.120117
0 0.752930 0.144531 0.078125 0.087891
0 0.928711 0.148926 0.111328 0.116211
0 0.877441 0.055664 0.122070 0.109375
0 0.144531 0.228027 0.130859 0.137695
0 0.960449 0.261230 0.079102 0.133789
0 0.424316 0.640137 0.137695 0.172852
0 0.716309 0.066406 0.079102 0.087891
0 0.438477 0.115723 0.080078 0.083008
0 0.616699 0.392578 0.124023 0.089844
0 0.350586 0.172363 0.107422 0.094727
0 0.734375 0.345703 0.130859 0.074219
0 0.859863 0.717773 0.110352 0.150391
0 0.044922 0.266113 0.087891 0.141602
0 0.883301 0.599609 0.129883 0.101562
0 0.137207 0.538086 0.112305 0.117188
0 0.567871 0.050293 0.094727 0.094727
0 0.501953 0.083008 0.091797 0.115234
0 0.189453 0.651855 0.121094 0.149414
0 0.587891 0.523926 0.109375 0.161133
0 0.662598 0.024414 0.120117 0.046875
0 0.967773 0.557617 0.064453 0.103516
0 0.915527 0.842773 0.110352 0.150391
0 0.952148 0.943848 0.095703 0.110352
0 0.638672 0.650879 0.109375 0.161133
0 0.695312 0.782715 0.109375 0.161133
0 0.743164 0.911621 0.109375 0.161133
0 0.438477 0.272949 0.148438 0.096680
0 0.453125 0.349121 0.152344 0.083008
