0 0.281250 0.627441 0.164062 0.143555
0 0.499349 0.570801 0.134115 0.157227
0 0.674479 0.888672 0.171875 0.167969
0 0.693359 0.369629 0.134115 0.108398
0 0.776693 0.969727 0.134115 0.060547
0 0.467448 0.429688 0.130208 0.117188
0 0.097005 0.568359 0.170573 0.136719
0 0.893880 0.760254 0.128906 0.135742
0 0.374349 0.970703 0.230469 0.058594
0 0.920573 0.300293 0.158854 0.088867
0 0.582682 0.729004 0.152344 0.165039
0 0.061849 0.093750 0.121094 0.185547
0 0.074870 0.371094 0.147135 0.275391
0 0.849609 0.653809 0.128906 0.135742
0 0.791016 0.545410 0.128906 0.135742
0 0.957031 0.467285 0.085938 0.079102
0 0.396484 0.300781 0.141927 0.134766
0 0.333333 0.169434 0.158854 0.145508
0 0.263021 0.049805 0.140625 0.097656
0 0.623698 0.243164 0.161458 0.144531
0 0.541667 0.102539 0.161458 0.144531
0 0.908854 0.120117 0.182292 0.208984
