0 0.895996 0.271973 0.118164 0.100586
0 0.782715 0.478027 0.133789 0.137695
0 0.889648 0.682617 0.087891 0.072266
0 0.829590 0.358398 0.112305 0.097656
0 0.595215 0.651855 0.088867 0.094727
0 0.922363 0.581543 0.143555 0.131836
0 0.662109 0.708984 0.076172 0.095703
0 0.531738 0.401367 0.088867 0.078125
0 0.735840 0.735352 0.088867 0.083984
0 0.461426 0.494141 0.102539 0.074219
0 0.735840 0.093750 0.125977 0.121094
0 0.602051 0.256836 0.104492 0.089844
0 0.563965 0.327148 0.098633 0.093750
0 0.637695 0.183105 0.109375 0.092773
0 0.946289 0.169922 0.107422 0.113281
0 0.852539 0.728027 0.058594 0.057617
0 0.514648 0.616699 0.080078 0.081055
0 0.810547 0.766602 0.082031 0.070312
0 0.040527 0.038086 0.079102 0.074219
0 0.949707 0.858887 0.100586 0.124023
0 0.362305 0.126465 0.292969 0.250977
0 0.033203 0.152832 0.064453 0.151367
0 0.098145 0.231445 0.100586 0.099609
0 0.177246 0.275391 0.100586 0.099609
0 0.262695 0.325195 0.101562 0.099609
0 0.345215 0.370117 0.100586 0.099609
0 0.435059 0.409180 0.100586 0.099609
0 0.434570 0.573730 0.134766 0.094727
0 0.785645 0.020996 0.112305 0.040039
