0 0.501465 0.400879 0.102539 0.098633
0 0.681641 0.403320 0.089844 0.113281
0 0.539551 0.502441 0.120117 0.122070
0 0.627441 0.309082 0.094727 0.110352
0 0.467773 0.320312 0.099609 0.093750
0 0.860840 0.359375 0.110352 0.109375
0 0.746094 0.508301 0.134766 0.116211
0 0.181152 0.367188 0.077148 0.087891
0 0.902832 0.811035 0.112305 0.120117
0 0.094238 0.065918 0.145508 0.125977
0 0.110352 0.416016 0.091797 0.103516
0 0.414062 0.247559 0.150391 0.096680
0 0.809082 0.244629 0.112305 0.133789
0 0.321289 0.305176 0.072266 0.094727
0 0.838379 0.695801 0.172852 0.122070
0 0.966797 0.147461 0.066406 0.093750
0 0.490234 0.598633 0.130859 0.097656
0 0.943848 0.927246 0.108398 0.131836
0 0.752930 0.807129 0.123047 0.096680
0 0.726074 0.142090 0.151367 0.094727
0 0.878418 0.472168 0.125977 0.114258
0 0.985840 0.248535 0.028320 0.104492
0 0.250000 0.337891 0.083984 0.087891
0 0.336914 0.771973 0.107422 0.155273
0 0.607422 0.201172 0.099609 0.107422
0 0.861328 0.086914 0.140625 0.099609
0 0.214844 0.041016 0.099609 0.080078
0 0.279297 0.028320 0.042969 0.054688
0 0.373047 0.644531 0.130859 0.097656
0 0.387695 0.907715 0.107422 0.155273
0 0.641602 0.844238 0.123047 0.096680
0 0.597656 0.949707 0.101562 0.100586
0 0.179199 0.883301 0.141602 0.186523
