0 0.665039 0.329102 0.072266 0.085938
0 0.709473 0.649902 0.084961 0.088867
0 0.411133 0.032715 0.123047 0.063477
0 0.960938 0.591797 0.078125 0.080078
0 0.784180 0.073730 0.121094 0.145508
0 0.327637 0.830078 0.096680 0.123047
0 0.882324 0.438965 0.141602 0.098633
0 0.533691 0.568359 0.073242 0.087891
0 0.421387 0.516113 0.069336 0.088867
0 0.479004 0.547363 0.071289 0.090820
0 0.377441 0.258789 0.129883 0.121094
0 0.098633 0.606934 0.195312 0.315430
0 0.025391 0.248535 0.048828 0.098633
0 0.365723 0.911621 0.125977 0.174805
0 0.948242 0.855469 0.101562 0.126953
0 0.104004 0.209473 0.124023 0.124023
0 0.533203 0.936035 0.197266 0.127930
0 0.588867 0.591309 0.070312 0.077148
0 0.750488 0.452637 0.141602 0.098633
0 0.246094 0.292969 0.126953 0.132812
0 0.608398 0.348633 0.072266 0.085938
0 0.539062 0.353516 0.072266 0.085938
0 0.476562 0.379883 0.072266 0.085938
0 0.645508 0.620605 0.070312 0.077148
0 0.687988 0.929199 0.155273 0.141602
0 0.774414 0.705078 0.058594 0.101562
0 0.810547 0.727539 0.058594 0.101562
0 0.854492 0.745117 0.058594 0.101562
0 0.894043 0.764648 0.067383 0.115234
