0 0.548828 0.825684 0.193359 0.262695
0 0.313477 0.738281 0.224609 0.357422
0 0.126465 0.666992 0.190430 0.166016
0 0.195801 0.304199 0.170898 0.108398
0 0.428223 0.090820 0.161133 0.179688
0 0.818359 0.065918 0.363281 0.129883
0 0.119141 0.976074 0.210938 0.047852
0 0.961914 0.726562 0.076172 0.208984
0 0.369629 0.363770 0.174805 0.108398
0 0.541504 0.443359 0.176758 0.136719
0 0.295410 0.060059 0.100586 0.118164
0 0.890625 0.561523 0.207031 0.126953
0 0.711426 0.511230 0.182617 0.127930
0 0.216309 0.043457 0.077148 0.084961
0 0.139160 0.031738 0.069336 0.061523
0 0.724121 0.199219 0.465820 0.337891
0 0.730957 0.949707 0.190430 0.100586
