0 0.063477 0.304688 0.103516 0.095703
0 0.871582 0.859375 0.098633 0.111328
0 0.868652 0.440918 0.104492 0.092773
0 0.655273 0.651855 0.105469 0.112305
0 0.422852 0.424316 0.097656 0.084961
0 0.364258 0.376953 0.101562 0.087891
0 0.492676 0.141113 0.090820 0.090820
0 0.599609 0.098633 0.082031 0.083984
0 0.472656 0.464355 0.083984 0.088867
0 0.838867 0.275879 0.103516 0.079102
0 0.659180 0.141113 0.080078 0.081055
0 0.619629 0.788086 0.086914 0.080078
0 0.498535 0.335449 0.086914 0.079102
0 0.541992 0.373535 0.082031 0.081055
0 0.428711 0.073730 0.111328 0.108398
0 0.764160 0.531250 0.084961 0.085938
0 0.961914 0.340820 0.076172 0.105469
0 0.925293 0.395020 0.086914 0.083008
0 0.926270 0.609863 0.102539 0.092773
0 0.695801 0.308594 0.084961 0.085938
0 0.542969 0.181152 0.070312 0.083008
0 0.651855 0.269531 0.083008 0.078125
0 0.583496 0.209961 0.077148 0.080078
0 0.810547 0.489746 0.070312 0.069336
0 0.047852 0.837891 0.093750 0.099609
0 0.921875 0.923340 0.074219 0.081055
0 0.766113 0.771484 0.100586 0.085938
0 0.341309 0.208984 0.135742 0.091797
0 0.146973 0.965332 0.096680 0.067383
0 0.069336 0.109863 0.107422 0.110352
0 0.753418 0.945312 0.086914 0.070312
0 0.968262 0.578613 0.063477 0.077148
0 0.411133 0.965332 0.089844 0.069336
0 0.611816 0.243164 0.061523 0.074219
0 0.539551 0.058105 0.079102 0.071289
0 0.468750 0.827148 0.074219 0.074219
0 0.538086 0.527832 0.126953 0.116211
0 0.598145 0.414551 0.100586 0.088867
0 0.288086 0.036621 0.087891 0.065430
0 0.145996 0.192871 0.120117 0.073242
0 0.715332 0.909180 0.086914 0.074219
0 0.281738 0.300781 0.124023 0.111328
0 0.216309 0.110840 0.110352 0.104492
0 0.405762 0.598633 0.065430 0.070312
0 0.588867 0.961426 0.089844 0.077148
0 0.744629 0.365234 0.081055 0.080078
0 0.312500 0.871582 0.113281 0.075195
0 0.657227 0.462891 0.085938 0.078125
0 0.456543 0.637207 0.098633 0.083008
0 0.454102 0.297363 0.078125 0.077148
0 0.590820 0.500488 0.085938 0.079102
0 0.363281 0.562012 0.087891 0.075195
0 0.714844 0.183105 0.076172 0.084961
0 0.695801 0.607422 0.067383 0.070312
0 0.020996 0.253418 0.040039 0.102539
0 0.160156 0.398926 0.109375 0.106445
0 0.112793 0.352051 0.073242 0.069336
0 0.180176 0.687012 0.122070 0.096680
0 0.840820 0.703125 0.095703 0.091797
0 0.836914 0.023438 0.052734 0.044922
0 0.146973 0.814941 0.108398 0.049805
0 0.960449 0.957031 0.079102 0.083984
0 0.784180 0.972656 0.076172 0.054688
0 0.549805 0.919922 0.066406 0.070312
0 0.091309 0.701660 0.061523 0.057617
0 0.983398 0.532227 0.033203 0.076172
0 0.744629 0.083496 0.055664 0.057617
0 0.941895 0.792480 0.084961 0.073242
0 0.515137 0.891602 0.083008 0.066406
0 0.484863 0.858398 0.063477 0.074219
0 0.471191 0.026367 0.104492 0.050781
0 0.516602 0.520508 0.083984 0.093750
0 0.819336 0.732910 0.050781 0.059570
0 0.975586 0.025391 0.048828 0.048828
0 0.756348 0.023438 0.061523 0.044922
0 0.970703 0.739746 0.058594 0.114258
0 0.728516 0.718750 0.074219 0.068359
0 0.103516 0.893555 0.103516 0.048828
0 0.253906 0.837402 0.121094 0.063477
0 0.142578 0.032227 0.087891 0.062500
0 0.243652 0.478027 0.112305 0.114258
0 0.311523 0.524902 0.089844 0.098633
0 0.031250 0.729980 0.060547 0.079102
0 0.254883 0.703613 0.062500 0.077148
0 0.308105 0.706543 0.061523 0.077148
0 0.375488 0.696777 0.061523 0.077148
0 0.120117 0.920898 0.103516 0.048828
0 0.545898 0.739746 0.095703 0.086914
0 0.443359 0.783691 0.093750 0.081055
0 0.723145 0.572266 0.057617 0.054688
0 0.878906 0.660156 0.078125 0.074219
0 0.948242 0.201172 0.103516 0.107422
0 0.871094 0.053223 0.052734 0.045898
0 0.906250 0.088867 0.076172 0.060547
0 0.965820 0.117676 0.068359 0.065430
0 0.781738 0.114746 0.055664 0.057617
0 0.670410 0.859375 0.086914 0.080078
