0 0.136068 0.370117 0.144531 0.125000
0 0.102214 0.484863 0.136719 0.110352
0 0.441406 0.691406 0.153646 0.146484
0 0.860677 0.210449 0.169271 0.161133
0 0.068359 0.593262 0.126302 0.116211
0 0.502604 0.534668 0.148438 0.153320
0 0.388021 0.051270 0.187500 0.100586
0 0.884115 0.736816 0.153646 0.157227
0 0.221354 0.960449 0.328125 0.079102
0 0.832031 0.972168 0.307292 0.055664
0 0.554036 0.375977 0.165365 0.160156
0 0.389323 0.817383 0.143229 0.080078
0 0.085938 0.025879 0.132812 0.049805
0 0.057292 0.173340 0.111979 0.110352
0 0.046875 0.698730 0.091146 0.110352
0 0.956380 0.432129 0.087240 0.143555
0 0.933594 0.579590 0.132812 0.153320
