0 0.844727 0.844727 0.173828 0.167969
0 0.123047 0.397949 0.146484 0.122070
0 0.155762 0.034180 0.114258 0.066406
0 0.426270 0.354004 0.106445 0.143555
0 0.439941 0.511230 0.124023 0.161133
0 0.681641 0.024414 0.126953 0.046875
0 0.121582 0.269531 0.231445 0.144531
0 0.370117 0.156738 0.138672 0.270508
0 0.837891 0.286621 0.164062 0.081055
0 0.957031 0.288086 0.085938 0.089844
0 0.155762 0.681152 0.122070 0.106445
0 0.037598 0.912598 0.073242 0.120117
0 0.276367 0.817871 0.160156 0.166992
0 0.420410 0.906250 0.321289 0.185547
