0 0.690430 0.084961 0.095703 0.082031
0 0.114746 0.714844 0.125977 0.140625
0 0.603516 0.414062 0.099609 0.087891
0 0.167480 0.486816 0.098633 0.094727
0 0.637207 0.282227 0.100586 0.064453
0 0.063477 0.826660 0.115234 0.071289
0 0.140625 0.580078 0.093750 0.087891
0 0.601074 0.063477 0.088867 0.085938
0 0.618164 0.341797 0.107422 0.074219
0 0.178711 0.401367 0.126953 0.082031
0 0.564941 0.580566 0.100586 0.104492
0 0.694336 0.693848 0.103516 0.088867
0 0.352051 0.363770 0.096680 0.086914
0 0.929199 0.026367 0.079102 0.050781
0 0.581055 0.491211 0.095703 0.076172
0 0.375977 0.290039 0.103516 0.083984
0 0.063965 0.378418 0.116211 0.086914
0 0.645020 0.230469 0.102539 0.050781
0 0.312012 0.548828 0.106445 0.062500
0 0.142090 0.026367 0.157227 0.050781
0 0.394531 0.197754 0.105469 0.102539
0 0.661621 0.167969 0.110352 0.089844
0 0.268555 0.081055 0.087891 0.064453
0 0.929199 0.531250 0.129883 0.058594
0 0.230469 0.815918 0.078125 0.174805
0 0.320312 0.686523 0.179688 0.083984
0 0.777344 0.343262 0.130859 0.223633
0 0.854980 0.199707 0.141602 0.077148
0 0.334961 0.617188 0.169922 0.080078
0 0.532715 0.700195 0.108398 0.142578
0 0.843262 0.017090 0.088867 0.032227
0 0.387695 0.899414 0.273438 0.101562
0 0.060059 0.459961 0.114258 0.093750
0 0.745117 0.856934 0.066406 0.139648
0 0.412109 0.105469 0.097656 0.091797
0 0.984863 0.032715 0.030273 0.063477
0 0.022949 0.733887 0.043945 0.075195
0 0.281738 0.027344 0.110352 0.052734
0 0.325195 0.479980 0.101562 0.073242
0 0.742188 0.516113 0.115234 0.129883
0 0.335449 0.423828 0.088867 0.046875
0 0.515137 0.049316 0.081055 0.096680
0 0.031738 0.657715 0.061523 0.075195
0 0.241211 0.982910 0.111328 0.034180
0 0.059082 0.561035 0.067383 0.100586
0 0.386719 0.222656 0.093750 0.058594
0 0.877441 0.129395 0.141602 0.077148
0 0.798828 0.873535 0.066406 0.139648
0 0.848633 0.883301 0.066406 0.139648
0 0.899414 0.895996 0.066406 0.139648
0 0.948242 0.907715 0.066406 0.139648
0 0.983887 0.923340 0.032227 0.135742
0 0.653320 0.884277 0.146484 0.231445
0 0.408203 0.822266 0.273438 0.101562
0 0.436523 0.031738 0.099609 0.061523
0 0.491699 0.140625 0.069336 0.091797
0 0.714844 0.612793 0.103516 0.088867
0 0.912598 0.601562 0.129883 0.058594
0 0.896973 0.652344 0.129883 0.058594
0 0.885254 0.709961 0.129883 0.058594
0 0.870605 0.760742 0.129883 0.058594
0 0.940918 0.476562 0.118164 0.064453
0 0.946777 0.420410 0.106445 0.053711
0 0.957031 0.365234 0.085938 0.056641
0 0.960449 0.309570 0.079102 0.054688
0 0.967773 0.259766 0.064453 0.050781
0 0.973633 0.206543 0.052734 0.059570
0 0.973633 0.147949 0.052734 0.059570
