0 0.341797 0.514160 0.186198 0.163086
0 0.287760 0.743164 0.166667 0.117188
0 0.324870 0.840332 0.134115 0.081055
0 0.548828 0.508789 0.136719 0.113281
0 0.794271 0.710938 0.140625 0.105469
0 0.800130 0.915527 0.123698 0.102539
0 0.717448 0.863281 0.096354 0.076172
0 0.166667 0.788574 0.111979 0.096680
0 0.358073 0.924316 0.145833 0.096680
0 0.496745 0.437988 0.102865 0.084961
0 0.572266 0.901367 0.141927 0.091797
0 0.500000 0.704102 0.166667 0.115234
0 0.238281 0.580566 0.111979 0.094727
0 0.095052 0.839844 0.104167 0.099609
0 0.584635 0.972656 0.101562 0.052734
0 0.722656 0.650391 0.127604 0.099609
0 0.877604 0.772461 0.085938 0.083984
0 0.053385 0.632324 0.104167 0.124023
0 0.139323 0.600098 0.122396 0.129883
0 0.633464 0.590332 0.136719 0.106445
0 0.643229 0.821777 0.085938 0.069336
0 0.515625 0.808594 0.122396 0.113281
0 0.605469 0.781738 0.080729 0.053711
0 0.037109 0.865234 0.071615 0.093750
0 0.892578 0.958008 0.108073 0.083984
0 0.968750 0.963379 0.062500 0.073242
0 0.956380 0.787109 0.087240 0.099609
0 0.965495 0.304688 0.069010 0.078125
