0 0.528809 0.928223 0.120117 0.122070
0 0.905273 0.125977 0.126953 0.130859
0 0.244141 0.854004 0.101562 0.077148
0 0.190430 0.383789 0.083984 0.091797
0 0.491211 0.690918 0.103516 0.106445
0 0.109375 0.811523 0.091797 0.125000
0 0.449219 0.423828 0.087891 0.072266
0 0.032715 0.476074 0.063477 0.100586
0 0.675781 0.583008 0.101562 0.091797
0 0.224609 0.968750 0.105469 0.062500
0 0.075684 0.966797 0.088867 0.066406
0 0.781738 0.866699 0.102539 0.157227
0 0.956055 0.788574 0.072266 0.112305
0 0.033203 0.617188 0.064453 0.080078
0 0.124512 0.538574 0.094727 0.098633
0 0.882812 0.448730 0.125000 0.106445
0 0.256348 0.598145 0.094727 0.108398
0 0.538574 0.539062 0.092773 0.074219
0 0.367676 0.963867 0.100586 0.072266
0 0.790039 0.035156 0.119141 0.068359
0 0.643555 0.517090 0.097656 0.065430
0 0.064941 0.330566 0.110352 0.094727
0 0.729004 0.710938 0.110352 0.150391
0 0.919434 0.649902 0.086914 0.057617
0 0.491211 0.784180 0.097656 0.060547
0 0.524414 0.599121 0.099609 0.069336
0 0.498535 0.840332 0.106445 0.061523
0 0.371582 0.420898 0.069336 0.076172
0 0.386230 0.579590 0.081055 0.104492
0 0.912109 0.586426 0.101562 0.065430
0 0.308594 0.731445 0.099609 0.068359
0 0.636719 0.454590 0.085938 0.065430
0 0.815430 0.980957 0.080078 0.038086
0 0.226562 0.070312 0.451172 0.138672
0 0.986328 0.499023 0.027344 0.087891
0 0.981934 0.917969 0.036133 0.115234
0 0.265137 0.404297 0.084961 0.091797
0 0.104980 0.645508 0.065430 0.080078
