0 0.192383 0.399902 0.154297 0.163086
0 0.142578 0.555176 0.130859 0.143555
0 0.611328 0.392090 0.097656 0.110352
0 0.576660 0.492188 0.083008 0.105469
0 0.668945 0.647949 0.099609 0.100586
0 0.396484 0.339844 0.150391 0.136719
0 0.195801 0.680176 0.079102 0.088867
0 0.526855 0.723145 0.088867 0.120117
0 0.320801 0.718750 0.069336 0.101562
0 0.510254 0.880371 0.127930 0.188477
0 0.297363 0.970703 0.092773 0.058594
0 0.516113 0.358887 0.083008 0.086914
0 0.258789 0.564941 0.097656 0.071289
0 0.747559 0.416992 0.143555 0.207031
0 0.166504 0.750488 0.073242 0.063477
0 0.244629 0.796387 0.071289 0.081055
0 0.474609 0.513672 0.087891 0.164062
0 0.287598 0.874023 0.051758 0.078125
0 0.022461 0.321777 0.042969 0.092773
0 0.689941 0.564453 0.104492 0.074219
0 0.166016 0.975098 0.115234 0.049805
0 0.207031 0.901367 0.099609 0.070312
0 0.555176 0.608398 0.096680 0.115234
0 0.648926 0.742676 0.100586 0.088867
0 0.380859 0.616699 0.048828 0.073242
0 0.261719 0.700684 0.052734 0.084961
0 0.432129 0.682129 0.077148 0.172852
0 0.032227 0.651367 0.062500 0.066406
0 0.025879 0.392578 0.049805 0.044922
0 0.134277 0.821777 0.096680 0.065430
0 0.330566 0.603027 0.051758 0.075195
0 0.622559 0.982422 0.096680 0.035156
0 0.098633 0.674805 0.062500 0.082031
0 0.022461 0.715332 0.042969 0.057617
0 0.784668 0.252441 0.118164 0.102539
0 0.055664 0.979004 0.089844 0.041992
0 0.234375 0.147461 0.138672 0.126953
0 0.236328 0.621582 0.091797 0.051758
0 0.128906 0.922363 0.050781 0.057617
0 0.968262 0.024414 0.063477 0.046875
0 0.400391 0.213867 0.183594 0.128906
0 0.123047 0.036621 0.078125 0.071289
0 0.042969 0.137207 0.083984 0.104492
0 0.066406 0.928223 0.072266 0.059570
0 0.083008 0.878906 0.058594 0.044922
0 0.019531 0.875488 0.037109 0.124023
0 0.050781 0.785156 0.050781 0.068359
0 0.483887 0.987793 0.137695 0.024414
0 0.020996 0.221680 0.040039 0.048828
0 0.286621 0.037109 0.161133 0.072266
0 0.541504 0.177734 0.102539 0.105469
0 0.354004 0.099121 0.135742 0.090820
0 0.477539 0.049316 0.144531 0.096680
0 0.587402 0.097168 0.104492 0.096680
0 0.674805 0.081543 0.091797 0.086914
0 0.963379 0.158203 0.073242 0.083984
0 0.685059 0.828125 0.202148 0.083984
0 0.973145 0.956543 0.053711 0.086914
0 0.983398 0.871582 0.031250 0.061523
