0 0.529297 0.429199 0.121094 0.124023
0 0.244141 0.354004 0.101562 0.077148
0 0.222656 0.489746 0.105469 0.100586
0 0.080566 0.481445 0.096680 0.099609
0 0.491211 0.190430 0.103516 0.105469
0 0.104980 0.319336 0.081055 0.109375
0 0.604492 0.534668 0.095703 0.081055
0 0.823242 0.491699 0.087891 0.088867
0 0.750000 0.368164 0.167969 0.160156
0 0.168945 0.938477 0.123047 0.109375
0 0.333984 0.712402 0.113281 0.110352
0 0.145508 0.650879 0.107422 0.124023
0 0.957520 0.291504 0.084961 0.125977
0 0.675293 0.082031 0.100586 0.091797
0 0.704590 0.832031 0.161133 0.101562
0 0.376465 0.475586 0.090820 0.093750
0 0.260254 0.095215 0.100586 0.104492
0 0.705078 0.608398 0.097656 0.080078
0 0.368164 0.594238 0.097656 0.081055
0 0.034180 0.112305 0.066406 0.078125
0 0.443848 0.938965 0.127930 0.094727
0 0.552734 0.892090 0.105469 0.086914
0 0.824219 0.597656 0.138672 0.072266
0 0.285156 0.843750 0.080078 0.082031
0 0.134766 0.036133 0.058594 0.070312
0 0.728516 0.210938 0.109375 0.150391
0 0.536133 0.040039 0.093750 0.070312
0 0.911133 0.969727 0.080078 0.060547
0 0.491211 0.284180 0.097656 0.060547
0 0.895508 0.835938 0.076172 0.048828
0 0.854980 0.779297 0.143555 0.068359
0 0.041504 0.750488 0.081055 0.094727
0 0.907715 0.093262 0.100586 0.073242
0 0.495605 0.313965 0.106445 0.116211
0 0.640625 0.023438 0.099609 0.044922
0 0.523926 0.099609 0.098633 0.068359
0 0.498535 0.340332 0.106445 0.061523
0 0.308105 0.231445 0.100586 0.068359
0 0.384766 0.073242 0.078125 0.080078
0 0.981934 0.432129 0.036133 0.120117
0 0.348145 0.977051 0.127930 0.045898
0 0.914551 0.908691 0.081055 0.059570
0 0.023438 0.602539 0.044922 0.121094
0 0.043945 0.013184 0.085938 0.024414
0 0.098145 0.136230 0.067383 0.077148
0 0.057617 0.970703 0.113281 0.058594
0 0.916992 0.149414 0.072266 0.062500
