0 0.255859 0.468750 0.130859 0.106771
0 0.481445 0.324219 0.119141 0.101562
0 0.496582 0.512370 0.114258 0.115885
0 0.481445 0.218099 0.111328 0.118490
0 0.487305 0.126302 0.093750 0.070312
0 0.490234 0.415365 0.121094 0.091146
0 0.057129 0.289062 0.112305 0.140625
0 0.316895 0.125651 0.077148 0.165365
0 0.480469 0.850260 0.121094 0.156250
0 0.307617 0.339193 0.093750 0.160156
0 0.248535 0.164062 0.090820 0.200521
0 0.034180 0.838542 0.066406 0.119792
0 0.378418 0.112630 0.077148 0.165365
0 0.460938 0.046875 0.123047 0.091146
0 0.050293 0.026042 0.098633 0.049479
