0 0.316406 0.247070 0.203125 0.113281
0 0.538411 0.652832 0.173177 0.108398
0 0.490234 0.472168 0.141927 0.083008
0 0.401042 0.325195 0.143229 0.070312
0 0.436198 0.404297 0.179688 0.099609
0 0.572917 0.804199 0.158854 0.077148
0 0.520182 0.552246 0.180990 0.088867
0 0.171224 0.884766 0.154948 0.072266
0 0.873047 0.748047 0.118490 0.089844
0 0.202474 0.947266 0.167969 0.078125
0 0.868490 0.822754 0.096354 0.049805
0 0.128255 0.772949 0.152344 0.069336
0 0.584635 0.927734 0.182292 0.070312
0 0.576823 0.871582 0.182292 0.055664
0 0.144531 0.830078 0.151042 0.064453
0 0.388672 0.625488 0.100260 0.049805
0 0.886719 0.884766 0.127604 0.078125
0 0.570964 0.737793 0.154948 0.055664
0 0.597656 0.979980 0.166667 0.040039
0 0.103516 0.714355 0.162760 0.071289
0 0.164062 0.251465 0.101562 0.083008
0 0.848958 0.591797 0.156250 0.085938
0 0.804688 0.517090 0.117188 0.059570
0 0.169922 0.045410 0.141927 0.083008
0 0.135417 0.812500 0.161458 0.097656
0 0.083333 0.655762 0.148438 0.065430
0 0.815104 0.450684 0.158854 0.088867
0 0.961589 0.581543 0.076823 0.106445
0 0.966146 0.745605 0.067708 0.088867
0 0.914062 0.960938 0.171875 0.078125
0 0.056641 0.271973 0.110677 0.081055
0 0.059896 0.597656 0.117188 0.076172
0 0.052734 0.533203 0.102865 0.068359
0 0.052734 0.462891 0.102865 0.068359
0 0.040365 0.397461 0.078125 0.062500
0 0.144531 0.116211 0.127604 0.060547
0 0.040365 0.115234 0.078125 0.082031
