0 0.205078 0.564453 0.115234 0.121094
0 0.487793 0.497070 0.153320 0.113281
0 0.617676 0.721680 0.106445 0.083984
0 0.374023 0.502930 0.074219 0.095703
0 0.103516 0.287109 0.093750 0.105469
0 0.273438 0.196289 0.083984 0.070312
0 0.971191 0.831543 0.057617 0.104492
0 0.072266 0.188965 0.089844 0.098633
0 0.662109 0.900879 0.119141 0.108398
0 0.576172 0.654297 0.109375 0.095703
0 0.547852 0.581055 0.109375 0.070312
0 0.053223 0.736816 0.104492 0.079102
0 0.272461 0.783203 0.113281 0.064453
0 0.285645 0.842285 0.110352 0.071289
0 0.305176 0.899902 0.120117 0.073242
0 0.043457 0.605469 0.084961 0.091797
0 0.129883 0.933105 0.117188 0.075195
0 0.643555 0.809570 0.136719 0.091797
0 0.154297 0.394043 0.130859 0.116211
0 0.974121 0.973633 0.051758 0.052734
0 0.087891 0.800781 0.123047 0.072266
0 0.203613 0.157715 0.094727 0.083008
0 0.108398 0.862305 0.117188 0.076172
0 0.902344 0.977539 0.089844 0.044922
0 0.373535 0.295410 0.104492 0.086914
0 0.261230 0.718262 0.137695 0.077148
0 0.243652 0.655762 0.141602 0.073242
0 0.263184 0.375488 0.092773 0.088867
0 0.357910 0.369141 0.100586 0.060547
0 0.546387 0.138184 0.163086 0.161133
0 0.040039 0.114746 0.060547 0.057617
0 0.883789 0.842773 0.119141 0.083984
0 0.327637 0.966309 0.122070 0.067383
0 0.043457 0.046387 0.084961 0.088867
0 0.020020 0.452148 0.038086 0.107422
0 0.864258 0.691895 0.138672 0.098633
0 0.129883 0.097656 0.101562 0.101562
0 0.146484 0.983398 0.126953 0.033203
0 0.294922 0.526367 0.082031 0.099609
0 0.316406 0.232910 0.070312 0.069336
0 0.858887 0.767578 0.079102 0.060547
0 0.055176 0.672363 0.106445 0.055664
0 0.622070 0.243652 0.082031 0.108398
0 0.443359 0.041016 0.101562 0.080078
0 0.674316 0.977539 0.120117 0.044922
