0 0.631348 0.634115 0.124023 0.153646
0 0.403320 0.399089 0.177734 0.186198
0 0.709961 0.567708 0.134766 0.138021
0 0.541504 0.733724 0.147461 0.154948
0 0.118652 0.198568 0.127930 0.160156
0 0.533691 0.281250 0.157227 0.145833
0 0.884277 0.859375 0.116211 0.145833
0 0.930176 0.251953 0.139648 0.305990
0 0.138672 0.654948 0.173828 0.195312
0 0.296387 0.930339 0.186523 0.139323
0 0.041992 0.275391 0.082031 0.167969
0 0.986328 0.537109 0.027344 0.165365
0 0.214355 0.112630 0.127930 0.160156
0 0.295898 0.042969 0.128906 0.083333
0 0.842285 0.045573 0.147461 0.088542
0 0.794434 0.942057 0.112305 0.115885
0 0.705078 0.968099 0.085938 0.063802
