0 0.690430 0.084961 0.095703 0.082031
0 0.108887 0.713867 0.125977 0.140625
0 0.603516 0.414062 0.099609 0.087891
0 0.167480 0.486816 0.098633 0.094727
0 0.637207 0.282227 0.100586 0.064453
0 0.065918 0.826172 0.129883 0.091797
0 0.145996 0.581543 0.104492 0.104492
0 0.601074 0.063477 0.088867 0.085938
0 0.618164 0.341797 0.107422 0.074219
0 0.178711 0.401367 0.126953 0.082031
0 0.564941 0.580566 0.100586 0.104492
0 0.690430 0.705078 0.109375 0.125000
0 0.352051 0.363770 0.096680 0.086914
0 0.931641 0.034180 0.083984 0.066406
0 0.581055 0.491211 0.095703 0.076172
0 0.375977 0.290039 0.103516 0.083984
0 0.063965 0.378418 0.116211 0.086914
0 0.645020 0.230469 0.102539 0.050781
0 0.314941 0.544922 0.106445 0.062500
0 0.142090 0.026367 0.157227 0.050781
0 0.394531 0.197754 0.105469 0.102539
0 0.661621 0.167969 0.110352 0.089844
0 0.268555 0.081055 0.087891 0.064453
0 0.230469 0.815918 0.078125 0.174805
0 0.318359 0.685547 0.179688 0.083984
0 0.784180 0.336426 0.130859 0.223633
0 0.854980 0.194824 0.153320 0.086914
0 0.338379 0.618652 0.184570 0.088867
0 0.530762 0.703125 0.108398 0.142578
0 0.848633 0.019531 0.099609 0.037109
0 0.868652 0.757812 0.129883 0.060547
0 0.410645 0.820312 0.262695 0.111328
0 0.059082 0.466309 0.116211 0.106445
0 0.741699 0.858398 0.065430 0.136719
0 0.414062 0.105469 0.097656 0.091797
0 0.984863 0.036133 0.030273 0.070312
0 0.025391 0.736816 0.048828 0.084961
0 0.281738 0.027344 0.110352 0.052734
0 0.325195 0.479980 0.101562 0.073242
0 0.739258 0.511719 0.113281 0.115234
0 0.335449 0.423828 0.088867 0.046875
0 0.522949 0.050293 0.081055 0.096680
0 0.031738 0.657715 0.061523 0.075195
0 0.241211 0.982910 0.111328 0.034180
0 0.046875 0.561035 0.091797 0.100586
0 0.386719 0.222656 0.093750 0.058594
0 0.800293 0.871094 0.065430 0.136719
0 0.847168 0.881836 0.065430 0.136719
0 0.895996 0.890625 0.065430 0.136719
0 0.945801 0.906250 0.065430 0.136719
0 0.656250 0.882812 0.138672 0.234375
0 0.384277 0.893555 0.262695 0.111328
0 0.491699 0.136719 0.075195 0.083984
0 0.439941 0.033691 0.090820 0.065430
0 0.866699 0.133301 0.153320 0.086914
0 0.716309 0.608398 0.108398 0.089844
0 0.881348 0.710938 0.129883 0.060547
0 0.892090 0.662109 0.129883 0.060547
0 0.906738 0.610352 0.129883 0.060547
0 0.926270 0.535156 0.129883 0.060547
0 0.938477 0.473633 0.117188 0.068359
0 0.947754 0.419434 0.104492 0.063477
0 0.953613 0.366699 0.092773 0.065430
0 0.960449 0.315430 0.079102 0.058594
0 0.967285 0.261719 0.065430 0.060547
0 0.973145 0.208008 0.053711 0.056641
0 0.981445 0.149902 0.037109 0.053711
