0 0.053711 0.370605 0.105469 0.098633
0 0.067383 0.466797 0.095703 0.091797
0 0.083008 0.555664 0.111328 0.089844
0 0.043457 0.271484 0.084961 0.099609
0 0.415527 0.332031 0.084961 0.080078
0 0.282227 0.155762 0.083984 0.086914
0 0.345215 0.304688 0.079102 0.087891
0 0.104492 0.645020 0.109375 0.086914
0 0.155762 0.065430 0.067383 0.064453
0 0.367188 0.574707 0.074219 0.086914
0 0.271484 0.284180 0.085938 0.083984
0 0.603027 0.799316 0.083008 0.077148
0 0.205566 0.103516 0.069336 0.066406
0 0.131348 0.230469 0.077148 0.080078
0 0.566895 0.645020 0.077148 0.083008
0 0.963867 0.059082 0.072266 0.112305
0 0.459473 0.758789 0.083008 0.072266
0 0.239258 0.736328 0.087891 0.080078
0 0.148438 0.903320 0.101562 0.087891
0 0.630371 0.155762 0.147461 0.090820
0 0.309082 0.028320 0.069336 0.054688
0 0.709961 0.906738 0.068359 0.063477
0 0.434082 0.594238 0.090820 0.102539
0 0.619629 0.265137 0.069336 0.071289
0 0.500000 0.622070 0.080078 0.091797
0 0.276855 0.881836 0.073242 0.087891
0 0.532227 0.780273 0.076172 0.076172
0 0.474121 0.458008 0.077148 0.097656
0 0.695801 0.289062 0.063477 0.076172
0 0.392578 0.459473 0.074219 0.059570
0 0.346191 0.872559 0.071289 0.084961
0 0.849609 0.359863 0.095703 0.079102
0 0.343262 0.177246 0.061523 0.086914
0 0.183594 0.417969 0.076172 0.099609
0 0.619629 0.515137 0.088867 0.073242
0 0.168945 0.972656 0.089844 0.054688
0 0.793457 0.325195 0.079102 0.078125
0 0.540039 0.479980 0.083984 0.102539
0 0.119629 0.730957 0.096680 0.084961
0 0.319824 0.726074 0.075195 0.077148
0 0.333984 0.439453 0.062500 0.058594
0 0.428711 0.879395 0.076172 0.079102
0 0.342285 0.970703 0.075195 0.056641
0 0.442383 0.052734 0.160156 0.103516
0 0.552734 0.383301 0.083984 0.088867
0 0.031738 0.197266 0.061523 0.052734
0 0.027344 0.141602 0.052734 0.064453
0 0.622559 0.391602 0.084961 0.076172
0 0.434570 0.202637 0.072266 0.059570
0 0.892578 0.556641 0.056641 0.078125
0 0.395020 0.743652 0.067383 0.059570
0 0.570801 0.038574 0.071289 0.075195
0 0.857910 0.530273 0.055664 0.076172
0 0.966797 0.596680 0.058594 0.087891
0 0.927246 0.578613 0.057617 0.083008
0 0.639160 0.034668 0.075195 0.067383
0 0.762207 0.121094 0.075195 0.085938
0 0.970215 0.184082 0.059570 0.116211
0 0.721680 0.652832 0.082031 0.075195
0 0.566406 0.929199 0.060547 0.057617
0 0.198242 0.245117 0.078125 0.076172
0 0.249023 0.400879 0.070312 0.125977
0 0.491699 0.904785 0.071289 0.065430
0 0.818848 0.504883 0.075195 0.074219
0 0.752930 0.971191 0.128906 0.055664
0 0.487793 0.345215 0.088867 0.075195
0 0.275391 0.014648 0.076172 0.027344
0 0.958496 0.440918 0.083008 0.086914
0 0.690430 0.511719 0.070312 0.060547
0 0.400391 0.403320 0.072266 0.060547
0 0.630859 0.948242 0.070312 0.076172
0 0.623535 0.496094 0.090820 0.105469
0 0.986328 0.616211 0.027344 0.107422
0 0.744629 0.026855 0.069336 0.051758
0 0.751465 0.810059 0.084961 0.081055
0 0.402832 0.678711 0.084961 0.058594
0 0.686523 0.814941 0.064453 0.079102
0 0.730957 0.809082 0.125977 0.084961
0 0.134277 0.814941 0.104492 0.098633
0 0.026855 0.072754 0.051758 0.065430
0 0.098145 0.025391 0.081055 0.048828
0 0.823730 0.013184 0.088867 0.024414
0 0.831543 0.103516 0.075195 0.085938
0 0.488770 0.180176 0.073242 0.086914
0 0.402832 0.975586 0.057617 0.048828
0 0.287109 0.582031 0.072266 0.072266
0 0.216797 0.593750 0.072266 0.072266
