0 0.661458 0.902344 0.143229 0.109375
0 0.545573 0.901855 0.091146 0.110352
0 0.767578 0.892578 0.079427 0.132812
0 0.677083 0.730469 0.117188 0.123047
0 0.296224 0.794922 0.141927 0.107422
0 0.470052 0.670410 0.111979 0.086914
0 0.452474 0.902344 0.092448 0.101562
0 0.455078 0.464355 0.131510 0.098633
0 0.382161 0.624512 0.102865 0.088867
0 0.218750 0.253906 0.143229 0.121094
0 0.231771 0.650879 0.127604 0.092773
0 0.674479 0.529785 0.171875 0.149414
0 0.333984 0.913574 0.147135 0.137695
0 0.535156 0.524902 0.117188 0.092773
0 0.250000 0.729492 0.104167 0.066406
0 0.800130 0.577148 0.108073 0.095703
0 0.164062 0.186523 0.104167 0.082031
0 0.378255 0.396484 0.123698 0.099609
0 0.831380 0.738770 0.071615 0.125977
0 0.157552 0.457520 0.164062 0.120117
0 0.289062 0.340332 0.114583 0.104492
0 0.072266 0.827637 0.121094 0.086914
0 0.479167 0.766113 0.085938 0.079102
0 0.893229 0.563965 0.083333 0.112305
0 0.318359 0.570801 0.082031 0.071289
0 0.918620 0.736816 0.108073 0.122070
0 0.771484 0.734375 0.058594 0.109375
0 0.828125 0.024414 0.153646 0.046875
0 0.742188 0.065918 0.322917 0.069336
0 0.266927 0.530273 0.070312 0.054688
0 0.964193 0.552734 0.071615 0.115234
0 0.123047 0.886719 0.113281 0.037109
0 0.051432 0.270996 0.100260 0.157227
0 0.182943 0.581543 0.102865 0.084961
0 0.138672 0.951172 0.136719 0.087891
0 0.731120 0.191895 0.113281 0.188477
0 0.821615 0.167480 0.085938 0.083008
0 0.933594 0.336426 0.132812 0.137695
0 0.040365 0.752441 0.078125 0.063477
0 0.052083 0.670410 0.101562 0.108398
0 0.029297 0.585938 0.055990 0.078125
0 0.020182 0.483887 0.037760 0.127930
0 0.845703 0.896973 0.074219 0.118164
0 0.943359 0.887695 0.113281 0.128906
0 0.565104 0.705566 0.111979 0.086914
