0 0.936523 0.367188 0.115234 0.107422
0 0.376953 0.148926 0.134766 0.112305
0 0.873047 0.110352 0.115234 0.091797
0 0.381348 0.499023 0.122070 0.109375
0 0.205566 0.271973 0.139648 0.114258
0 0.784180 0.171875 0.130859 0.109375
0 0.549805 0.385254 0.113281 0.094727
0 0.297363 0.562500 0.129883 0.105469
0 0.467773 0.437988 0.113281 0.102539
0 0.057129 0.051758 0.112305 0.101562
0 0.946777 0.051758 0.106445 0.097656
0 0.979492 0.307129 0.041016 0.094727
0 0.296387 0.215332 0.120117 0.100586
0 0.131348 0.018555 0.120117 0.035156
0 0.032715 0.431641 0.063477 0.089844
0 0.896484 0.807617 0.207031 0.263672
0 0.806641 0.605469 0.128906 0.123047
0 0.021973 0.674805 0.041992 0.109375
0 0.378906 0.735352 0.093750 0.066406
0 0.443359 0.713867 0.070312 0.095703
0 0.636719 0.018555 0.134766 0.035156
