0 0.759766 0.617188 0.109375 0.097656
0 0.462891 0.247070 0.144531 0.099609
0 0.282227 0.565430 0.093750 0.117188
0 0.910156 0.499023 0.089844 0.097656
0 0.614258 0.279297 0.138672 0.132812
0 0.353516 0.647949 0.142578 0.137695
0 0.172852 0.467285 0.091797 0.096680
0 0.477539 0.532715 0.087891 0.096680
0 0.612793 0.385254 0.120117 0.077148
0 0.753906 0.694336 0.101562 0.056641
0 0.219727 0.512207 0.095703 0.096680
0 0.933105 0.050293 0.133789 0.098633
0 0.452637 0.697754 0.069336 0.086914
0 0.521973 0.594238 0.067383 0.079102
0 0.443848 0.358398 0.108398 0.056641
0 0.490723 0.740234 0.069336 0.087891
0 0.113770 0.195312 0.086914 0.070312
0 0.026855 0.297852 0.051758 0.087891
0 0.255371 0.103516 0.129883 0.121094
0 0.601074 0.510254 0.114258 0.079102
0 0.437988 0.414062 0.112305 0.058594
0 0.868164 0.412109 0.099609 0.093750
0 0.959473 0.895020 0.081055 0.120117
0 0.064453 0.604492 0.125000 0.144531
0 0.949219 0.706055 0.095703 0.097656
0 0.206055 0.312012 0.082031 0.081055
0 0.064941 0.753906 0.127930 0.123047
0 0.568848 0.272949 0.069336 0.124023
0 0.606934 0.446289 0.110352 0.048828
0 0.113281 0.411621 0.089844 0.102539
0 0.419922 0.490723 0.080078 0.084961
0 0.573242 0.972656 0.113281 0.054688
0 0.279297 0.782227 0.087891 0.074219
0 0.932129 0.601562 0.108398 0.115234
0 0.541504 0.915527 0.166992 0.067383
0 0.853516 0.332520 0.091797 0.086914
0 0.567871 0.096191 0.055664 0.088867
0 0.759766 0.767578 0.123047 0.085938
0 0.056641 0.070801 0.097656 0.118164
0 0.779785 0.144043 0.104492 0.110352
0 0.536133 0.772949 0.074219 0.079102
0 0.498535 0.079590 0.075195 0.124023
0 0.286621 0.360840 0.090820 0.096680
0 0.958984 0.186035 0.082031 0.106445
0 0.162109 0.153320 0.078125 0.074219
0 0.763184 0.472656 0.094727 0.044922
0 0.759766 0.527832 0.097656 0.067383
0 0.797852 0.243164 0.144531 0.089844
0 0.603027 0.662598 0.098633 0.079102
0 0.766602 0.837891 0.144531 0.062500
0 0.590332 0.856445 0.083008 0.064453
0 0.604980 0.585449 0.100586 0.071289
0 0.983887 0.333008 0.032227 0.068359
0 0.123047 0.012695 0.091797 0.023438
0 0.492676 0.080566 0.104492 0.127930
0 0.311523 0.186523 0.074219 0.074219
0 0.765625 0.365723 0.097656 0.151367
0 0.957520 0.789551 0.084961 0.090820
0 0.226074 0.733398 0.094727 0.080078
0 0.214844 0.918457 0.062500 0.073242
0 0.972168 0.262695 0.055664 0.076172
0 0.635742 0.028809 0.103516 0.053711
0 0.361328 0.026367 0.105469 0.050781
0 0.307129 0.269043 0.084961 0.100586
0 0.062012 0.360840 0.073242 0.077148
0 0.276367 0.875488 0.076172 0.067383
0 0.559082 0.806152 0.067383 0.069336
0 0.640625 0.099609 0.097656 0.093750
0 0.761230 0.938477 0.141602 0.123047
