0 0.721680 0.513021 0.085938 0.132812
0 0.640625 0.524740 0.085938 0.122396
0 0.922363 0.445312 0.155273 0.135417
0 0.798828 0.496094 0.089844 0.111979
0 0.548340 0.537760 0.102539 0.091146
0 0.184082 0.714844 0.088867 0.117188
0 0.541504 0.363281 0.081055 0.114583
0 0.624512 0.328776 0.104492 0.113281
0 0.811523 0.897135 0.087891 0.085938
0 0.436523 0.406250 0.132812 0.117188
0 0.263672 0.675781 0.093750 0.111979
0 0.331055 0.648438 0.076172 0.138021
0 0.327148 0.772786 0.029297 0.084635
0 0.186523 0.532552 0.074219 0.101562
0 0.261230 0.472656 0.086914 0.138021
0 0.132812 0.856771 0.097656 0.104167
0 0.723145 0.921224 0.090820 0.100260
0 0.450684 0.565755 0.104492 0.087240
0 0.893555 0.876302 0.078125 0.085938
0 0.015137 0.800781 0.028320 0.143229
0 0.643066 0.937500 0.069336 0.091146
0 0.013184 0.634766 0.024414 0.076823
0 0.111328 0.568359 0.087891 0.095052
0 0.871582 0.268229 0.233398 0.158854
0 0.036621 0.969401 0.055664 0.061198
0 0.020508 0.451823 0.039062 0.070312
0 0.088867 0.120443 0.175781 0.238281
0 0.400391 0.122396 0.064453 0.080729
0 0.446289 0.075521 0.064453 0.080729
0 0.503418 0.031250 0.065430 0.059896
0 0.725586 0.100260 0.191406 0.190104
0 0.913086 0.046224 0.173828 0.089844
0 0.559082 0.956380 0.104492 0.087240
0 0.459473 0.968099 0.094727 0.063802
0 0.966309 0.860677 0.067383 0.091146
0 0.298828 0.784505 0.029297 0.084635
0 0.272461 0.791016 0.029297 0.084635
0 0.226074 0.819010 0.061523 0.096354
0 0.091797 0.960938 0.056641 0.078125
