0 0.251302 0.111328 0.190104 0.105469
0 0.843099 0.436523 0.149740 0.142578
0 0.479167 0.036621 0.169271 0.071289
0 0.194010 0.775879 0.182292 0.149414
0 0.626302 0.930176 0.148438 0.131836
0 0.204427 0.239258 0.166667 0.132812
0 0.194010 0.909180 0.158854 0.105469
0 0.794271 0.276855 0.122396 0.186523
0 0.705729 0.801758 0.132812 0.123047
0 0.635417 0.687988 0.130208 0.131836
0 0.349609 0.611328 0.175781 0.103516
0 0.175781 0.981934 0.161458 0.036133
0 0.521484 0.604004 0.183594 0.098633
0 0.743490 0.093750 0.122396 0.185547
0 0.063802 0.187988 0.125000 0.112305
