0 0.316895 0.467773 0.096680 0.091797
0 0.301270 0.370605 0.110352 0.098633
0 0.333984 0.556641 0.109375 0.087891
0 0.665527 0.332031 0.084961 0.080078
0 0.532227 0.155762 0.083984 0.086914
0 0.252930 0.144043 0.093750 0.065430
0 0.284668 0.273438 0.104492 0.101562
0 0.595215 0.304688 0.079102 0.087891
0 0.354980 0.645020 0.110352 0.086914
0 0.404297 0.076172 0.074219 0.074219
0 0.521484 0.283691 0.085938 0.083008
0 0.623047 0.575195 0.062500 0.083984
0 0.381348 0.230469 0.077148 0.082031
0 0.458008 0.106445 0.078125 0.070312
0 0.852539 0.799316 0.082031 0.077148
0 0.709961 0.758789 0.082031 0.072266
0 0.818848 0.641602 0.063477 0.068359
0 0.559570 0.030762 0.072266 0.059570
0 0.488770 0.736328 0.088867 0.080078
0 0.689941 0.589355 0.069336 0.079102
0 0.756348 0.622559 0.075195 0.069336
0 0.782227 0.780273 0.076172 0.076172
0 0.728516 0.465332 0.076172 0.071289
0 0.642578 0.459473 0.074219 0.059570
0 0.869629 0.514648 0.086914 0.072266
0 0.422852 0.421875 0.076172 0.099609
0 0.398438 0.903320 0.101562 0.087891
0 0.961426 0.906250 0.073242 0.062500
0 0.593262 0.177246 0.061523 0.086914
0 0.526855 0.882324 0.073242 0.086914
0 0.596191 0.873047 0.071289 0.083984
0 0.870117 0.273926 0.082031 0.077148
0 0.793457 0.490723 0.077148 0.081055
0 0.939453 0.298340 0.078125 0.086914
0 0.418945 0.972656 0.089844 0.054688
0 0.869141 0.155273 0.148438 0.091797
0 0.569824 0.726074 0.075195 0.077148
0 0.583984 0.439453 0.062500 0.058594
0 0.805176 0.375000 0.067383 0.070312
0 0.678223 0.879395 0.075195 0.079102
0 0.369629 0.730957 0.096680 0.084961
0 0.691895 0.052734 0.161133 0.103516
0 0.658203 0.971191 0.054688 0.057617
0 0.645020 0.743652 0.067383 0.059570
0 0.872559 0.391113 0.083008 0.075195
0 0.679199 0.199219 0.069336 0.046875
0 0.943848 0.511719 0.069336 0.060547
0 0.820801 0.038574 0.071289 0.075195
0 0.969727 0.968262 0.060547 0.063477
0 0.888184 0.034180 0.071289 0.066406
0 0.261719 0.201660 0.097656 0.057617
0 0.448242 0.245117 0.078125 0.076172
0 0.970215 0.640137 0.059570 0.069336
0 0.499023 0.400879 0.070312 0.125977
0 0.746094 0.910645 0.080078 0.075195
0 0.884277 0.950684 0.063477 0.073242
0 0.737793 0.345215 0.088867 0.075195
0 0.941895 0.825195 0.071289 0.058594
0 0.513184 0.013672 0.100586 0.025391
0 0.650391 0.403320 0.072266 0.060547
0 0.979004 0.122070 0.041992 0.093750
0 0.983887 0.809082 0.032227 0.083008
0 0.652832 0.678711 0.084961 0.058594
0 0.381348 0.814941 0.096680 0.096680
0 0.023926 0.304688 0.045898 0.101562
0 0.263184 0.080078 0.079102 0.060547
0 0.530762 0.578613 0.063477 0.065430
0 0.470703 0.597168 0.074219 0.069336
0 0.593750 0.969238 0.076172 0.061523
0 0.819824 0.930176 0.063477 0.073242
0 0.905273 0.659180 0.078125 0.085938
0 0.354492 0.025879 0.093750 0.049805
0 0.740723 0.179688 0.079102 0.076172
0 0.975098 0.024902 0.049805 0.047852
