0 0.529297 0.679199 0.121094 0.124023
0 0.244141 0.604004 0.101562 0.077148
0 0.222656 0.739746 0.105469 0.100586
0 0.187012 0.137695 0.094727 0.105469
0 0.080566 0.731445 0.096680 0.099609
0 0.449219 0.174316 0.087891 0.071289
0 0.491211 0.440918 0.103516 0.106445
0 0.109375 0.561523 0.091797 0.125000
0 0.675781 0.333008 0.101562 0.091797
0 0.032715 0.218750 0.063477 0.085938
0 0.782227 0.617188 0.103516 0.158203
0 0.957520 0.541504 0.084961 0.125977
0 0.604004 0.784668 0.094727 0.081055
0 0.145996 0.901367 0.106445 0.125000
0 0.368164 0.728027 0.087891 0.100586
0 0.822754 0.742188 0.086914 0.087891
0 0.882812 0.198242 0.125000 0.107422
0 0.134277 0.288086 0.071289 0.091797
0 0.034180 0.372070 0.066406 0.082031
0 0.256348 0.345215 0.094727 0.102539
0 0.822754 0.847168 0.133789 0.071289
0 0.538574 0.289062 0.092773 0.074219
0 0.703613 0.858887 0.092773 0.081055
0 0.362305 0.839355 0.105469 0.079102
0 0.643555 0.266602 0.097656 0.066406
0 0.330078 0.949219 0.117188 0.101562
0 0.065918 0.077637 0.129883 0.104492
0 0.740234 0.460938 0.087891 0.150391
0 0.917969 0.399902 0.074219 0.063477
0 0.374512 0.170898 0.063477 0.076172
0 0.491211 0.534180 0.097656 0.060547
0 0.524414 0.349121 0.099609 0.069336
0 0.498535 0.590332 0.106445 0.061523
0 0.912109 0.336426 0.101562 0.065430
0 0.384277 0.324707 0.077148 0.092773
0 0.637207 0.205566 0.084961 0.063477
0 0.044922 0.976074 0.087891 0.047852
0 0.308594 0.481445 0.099609 0.068359
0 0.981934 0.683594 0.036133 0.123047
0 0.986328 0.249023 0.027344 0.087891
0 0.023438 0.852051 0.044922 0.120117
0 0.266113 0.164062 0.071289 0.097656
0 0.104980 0.390625 0.067383 0.082031
