0 0.646973 0.787598 0.106445 0.073242
0 0.256836 0.352539 0.126953 0.080078
0 0.687012 0.850098 0.096680 0.067383
0 0.481445 0.243652 0.121094 0.075195
0 0.497559 0.384766 0.114258 0.085938
0 0.480469 0.164062 0.113281 0.087891
0 0.464844 0.037109 0.121094 0.072266
0 0.485352 0.094727 0.097656 0.052734
0 0.490723 0.311523 0.122070 0.068359
0 0.311035 0.086426 0.073242 0.112305
0 0.480957 0.642090 0.122070 0.122070
0 0.334473 0.931641 0.174805 0.136719
0 0.311523 0.261230 0.083984 0.104492
0 0.052246 0.020996 0.100586 0.040039
0 0.242188 0.123535 0.085938 0.141602
0 0.055176 0.213867 0.108398 0.099609
0 0.372559 0.086426 0.069336 0.112305
0 0.269531 0.219238 0.048828 0.051758
0 0.037598 0.628906 0.073242 0.085938
