0 0.076660 0.891602 0.061523 0.130859
0 0.214355 0.887695 0.088867 0.125000
0 0.741211 0.405762 0.123047 0.143555
0 0.798340 0.527344 0.118164 0.095703
0 0.293945 0.046875 0.119141 0.091797
0 0.624023 0.600586 0.072266 0.105469
0 0.024902 0.899902 0.047852 0.108398
0 0.578125 0.513672 0.070312 0.093750
0 0.860840 0.763184 0.139648 0.081055
0 0.542969 0.441406 0.074219 0.076172
0 0.184570 0.730469 0.082031 0.136719
0 0.312988 0.125000 0.118164 0.085938
0 0.221680 0.544922 0.070312 0.089844
0 0.281250 0.883301 0.054688 0.100586
0 0.440430 0.889160 0.111328 0.094727
0 0.658203 0.099609 0.117188 0.123047
0 0.506836 0.099121 0.121094 0.071289
0 0.423828 0.547852 0.068359 0.070312
0 0.483398 0.033691 0.121094 0.065430
0 0.295898 0.695801 0.046875 0.098633
0 0.867188 0.837402 0.136719 0.075195
0 0.596680 0.877441 0.076172 0.075195
0 0.863281 0.396973 0.107422 0.118164
0 0.029785 0.736328 0.057617 0.105469
0 0.854492 0.694336 0.142578 0.062500
0 0.097168 0.584961 0.079102 0.095703
0 0.165527 0.573242 0.061523 0.095703
0 0.342773 0.880859 0.080078 0.101562
0 0.121094 0.738770 0.052734 0.124023
0 0.552246 0.735352 0.067383 0.068359
0 0.822754 0.615234 0.125977 0.103516
0 0.350586 0.685547 0.078125 0.091797
0 0.875488 0.937500 0.139648 0.125000
0 0.078613 0.733887 0.043945 0.108398
0 0.571777 0.802246 0.071289 0.069336
0 0.033691 0.535645 0.065430 0.153320
0 0.590820 0.195801 0.156250 0.112305
0 0.489746 0.586426 0.079102 0.081055
0 0.737305 0.059570 0.115234 0.109375
0 0.404297 0.710449 0.078125 0.073242
0 0.423340 0.812500 0.096680 0.062500
0 0.946777 0.128906 0.106445 0.164062
0 0.678711 0.855957 0.099609 0.131836
0 0.420410 0.764648 0.096680 0.058594
0 0.837402 0.040039 0.147461 0.078125
0 0.120117 0.021484 0.117188 0.041016
0 0.360352 0.534668 0.080078 0.090820
0 0.044922 0.195312 0.078125 0.177734
0 0.974121 0.249023 0.051758 0.103516
0 0.941895 0.336914 0.116211 0.105469
0 0.635254 0.983887 0.153320 0.032227
0 0.287598 0.537109 0.069336 0.093750
0 0.537598 0.666504 0.083008 0.079102
0 0.435547 0.313965 0.154297 0.188477
0 0.087891 0.071289 0.173828 0.058594
0 0.565918 0.794922 0.067383 0.066406
0 0.109863 0.171875 0.073242 0.078125
0 0.249512 0.328125 0.180664 0.130859
0 0.359375 0.190918 0.087891 0.067383
0 0.139160 0.892578 0.061523 0.130859
0 0.248535 0.715332 0.047852 0.114258
0 0.656250 0.723145 0.099609 0.131836
