0 0.721680 0.510417 0.085938 0.132812
0 0.640625 0.524740 0.085938 0.122396
0 0.914551 0.442708 0.168945 0.127604
0 0.797852 0.486979 0.089844 0.111979
0 0.548340 0.537760 0.102539 0.091146
0 0.178711 0.705078 0.085938 0.079427
0 0.541504 0.363281 0.081055 0.114583
0 0.628418 0.330078 0.104492 0.113281
0 0.811523 0.897135 0.087891 0.085938
0 0.436523 0.406250 0.132812 0.117188
0 0.260742 0.677083 0.083984 0.096354
0 0.330078 0.640625 0.066406 0.117188
0 0.329590 0.774740 0.032227 0.083333
0 0.186035 0.529948 0.067383 0.104167
0 0.262695 0.472656 0.089844 0.143229
0 0.134766 0.855469 0.101562 0.106771
0 0.723145 0.921224 0.090820 0.100260
0 0.450684 0.565755 0.104492 0.087240
0 0.894531 0.875000 0.078125 0.085938
0 0.011719 0.809245 0.021484 0.126302
0 0.643066 0.937500 0.069336 0.091146
0 0.011719 0.630859 0.021484 0.084635
0 0.108887 0.562500 0.096680 0.104167
0 0.878418 0.279948 0.233398 0.158854
0 0.040527 0.969401 0.049805 0.061198
0 0.084473 0.115234 0.166992 0.227865
0 0.020996 0.457031 0.040039 0.085938
0 0.398926 0.119792 0.069336 0.083333
0 0.448730 0.075521 0.069336 0.083333
0 0.499023 0.029948 0.074219 0.057292
0 0.728516 0.098958 0.177734 0.187500
0 0.906250 0.048828 0.158203 0.095052
0 0.557129 0.955078 0.096680 0.089844
0 0.462402 0.963542 0.098633 0.072917
0 0.968262 0.864583 0.063477 0.091146
0 0.299316 0.789062 0.032227 0.083333
0 0.273926 0.798177 0.032227 0.083333
0 0.229004 0.822917 0.059570 0.098958
0 0.089844 0.958333 0.052734 0.083333
