0 0.861979 0.255859 0.151042 0.154948
0 0.223307 0.954427 0.100260 0.085938
0 0.162109 0.595703 0.113281 0.100260
0 0.608073 0.211589 0.132812 0.126302
0 0.616536 0.662109 0.194010 0.126302
0 0.588542 0.813151 0.143229 0.074219
0 0.813802 0.845703 0.158854 0.102865
0 0.370443 0.822266 0.141927 0.131510
0 0.756510 0.683594 0.091146 0.125000
0 0.276042 0.163411 0.156250 0.152344
0 0.067708 0.186198 0.132812 0.174479
0 0.384766 0.093750 0.141927 0.140625
0 0.476562 0.038411 0.151042 0.074219
0 0.890625 0.124349 0.106771 0.108073
0 0.040365 0.736328 0.078125 0.128906
0 0.417969 0.583984 0.106771 0.095052
0 0.807943 0.927734 0.152344 0.066406
0 0.669271 0.449870 0.119792 0.162760
0 0.583333 0.884115 0.151042 0.075521
0 0.279948 0.746745 0.127604 0.113281
0 0.408203 0.696615 0.115885 0.130208
0 0.339844 0.469401 0.187500 0.175781
0 0.798828 0.977865 0.152344 0.044271
0 0.582031 0.475911 0.075521 0.102865
0 0.756510 0.462240 0.070312 0.130208
0 0.110677 0.047526 0.138021 0.079427
0 0.511719 0.492188 0.075521 0.098958
0 0.070964 0.429036 0.128906 0.144531
0 0.498698 0.312500 0.197917 0.177083
0 0.149740 0.883464 0.135417 0.134115
0 0.897786 0.030599 0.087240 0.058594
0 0.850260 0.372396 0.143229 0.075521
0 0.853516 0.470703 0.134115 0.118490
0 0.307943 0.977214 0.092448 0.045573
0 0.215495 0.541016 0.108073 0.108073
0 0.572917 0.959635 0.127604 0.080729
0 0.696615 0.132161 0.132812 0.126302
0 0.783203 0.037760 0.108073 0.072917
0 0.191406 0.290365 0.138021 0.158854
0 0.084635 0.826172 0.106771 0.089844
0 0.850260 0.664062 0.091146 0.091146
0 0.826823 0.749349 0.132812 0.089844
0 0.977865 0.962891 0.044271 0.074219
0 0.977214 0.827474 0.045573 0.196615
