0 0.894531 0.079102 0.078125 0.105469
0 0.454102 0.613770 0.113281 0.137695
0 0.815430 0.081543 0.080078 0.102539
0 0.654785 0.249023 0.088867 0.089844
0 0.733887 0.081055 0.081055 0.103516
0 0.462402 0.780273 0.129883 0.083984
0 0.414551 0.155762 0.129883 0.108398
0 0.049805 0.739746 0.097656 0.092773
0 0.688965 0.470703 0.127930 0.087891
0 0.054688 0.957520 0.107422 0.084961
0 0.967285 0.076172 0.065430 0.109375
0 0.663574 0.385742 0.092773 0.078125
0 0.429199 0.304199 0.118164 0.077148
0 0.153320 0.449219 0.119141 0.078125
0 0.653809 0.321289 0.075195 0.048828
0 0.481445 0.913086 0.111328 0.087891
0 0.128418 0.385254 0.116211 0.073242
0 0.092285 0.276855 0.116211 0.069336
0 0.740234 0.235840 0.080078 0.075195
0 0.872070 0.254883 0.083984 0.107422
0 0.309570 0.842773 0.070312 0.107422
0 0.191406 0.672852 0.087891 0.130859
0 0.028320 0.588867 0.054688 0.080078
0 0.260742 0.666504 0.078125 0.114258
0 0.386230 0.633789 0.061523 0.115234
0 0.076172 0.215332 0.126953 0.073242
0 0.330078 0.644043 0.072266 0.120117
0 0.178223 0.508789 0.145508 0.068359
0 0.634766 0.091309 0.117188 0.084961
0 0.058594 0.150391 0.113281 0.074219
0 0.045898 0.093262 0.089844 0.071289
0 0.178711 0.574219 0.113281 0.066406
0 0.107422 0.329590 0.113281 0.061523
0 0.948242 0.250000 0.072266 0.103516
0 0.040039 0.033203 0.078125 0.064453
0 0.438477 0.430176 0.138672 0.073242
0 0.396484 0.053711 0.132812 0.089844
0 0.486816 0.846680 0.094727 0.052734
0 0.983887 0.250000 0.032227 0.101562
0 0.020508 0.515625 0.039062 0.078125
0 0.250488 0.875977 0.088867 0.132812
0 0.480957 0.977539 0.118164 0.044922
0 0.431152 0.371094 0.131836 0.054688
0 0.451660 0.502930 0.118164 0.078125
0 0.970215 0.646973 0.059570 0.055664
0 0.427734 0.237305 0.117188 0.056641
0 0.042480 0.656250 0.081055 0.076172
0 0.810547 0.230469 0.060547 0.062500
0 0.939453 0.243652 0.054688 0.100586
0 0.376953 0.832031 0.085938 0.107422
0 0.294434 0.968750 0.108398 0.062500
0 0.739746 0.384766 0.059570 0.087891
0 0.605957 0.023438 0.084961 0.044922
0 0.631836 0.071777 0.126953 0.124023
0 0.693848 0.553711 0.127930 0.087891
0 0.717285 0.639160 0.168945 0.098633
