0 0.724121 0.050293 0.176758 0.088867
0 0.461914 0.280273 0.128906 0.083984
0 0.049805 0.240234 0.097656 0.093750
0 0.256348 0.602051 0.129883 0.077148
0 0.379395 0.328613 0.096680 0.112305
0 0.481934 0.493164 0.120117 0.076172
0 0.497559 0.634277 0.114258 0.086914
0 0.480957 0.413574 0.112305 0.088867
0 0.378418 0.128906 0.061523 0.115234
0 0.324219 0.142578 0.072266 0.119141
0 0.259766 0.163574 0.078125 0.114258
0 0.028320 0.088867 0.054688 0.078125
0 0.184570 0.170410 0.087891 0.131836
0 0.177246 0.072266 0.114258 0.064453
0 0.485840 0.343750 0.094727 0.052734
0 0.490723 0.561523 0.122070 0.068359
0 0.178223 0.021484 0.149414 0.041016
0 0.476562 0.885254 0.136719 0.141602
0 0.962891 0.155273 0.074219 0.072266
0 0.242676 0.373047 0.077148 0.148438
0 0.042480 0.156250 0.081055 0.076172
0 0.310547 0.338867 0.072266 0.117188
0 0.060059 0.464844 0.118164 0.099609
0 0.451660 0.021484 0.114258 0.041016
0 0.020996 0.025879 0.040039 0.049805
0 0.311523 0.503418 0.083984 0.135742
0 0.043457 0.873535 0.084961 0.086914
0 0.729004 0.126465 0.176758 0.108398
0 0.866699 0.085449 0.114258 0.168945
0 0.457520 0.109863 0.110352 0.131836
0 0.962891 0.036621 0.074219 0.071289
