0 0.644531 0.800781 0.192708 0.148438
0 0.225911 0.759277 0.154948 0.116211
0 0.190755 0.305664 0.175781 0.144531
0 0.255859 0.152832 0.207031 0.161133
0 0.396484 0.726074 0.126302 0.069336
0 0.658203 0.936523 0.121094 0.111328
0 0.531901 0.090820 0.175781 0.134766
0 0.434896 0.858398 0.143229 0.074219
0 0.830078 0.749512 0.128906 0.069336
0 0.815755 0.141602 0.128906 0.109375
0 0.839193 0.810059 0.152344 0.051758
0 0.680339 0.629395 0.170573 0.186523
0 0.769531 0.242188 0.109375 0.105469
0 0.689453 0.109375 0.102865 0.087891
0 0.705078 0.473633 0.141927 0.121094
0 0.261068 0.430176 0.105469 0.088867
0 0.137370 0.945801 0.110677 0.069336
0 0.342448 0.315430 0.127604 0.072266
0 0.427734 0.468750 0.092448 0.101562
0 0.842448 0.869141 0.156250 0.062500
0 0.275391 0.862793 0.108073 0.077148
0 0.634115 0.264648 0.117188 0.164062
0 0.383464 0.624023 0.069010 0.078125
0 0.220703 0.500488 0.097656 0.063477
0 0.838542 0.927734 0.148438 0.054688
0 0.324870 0.541016 0.095052 0.080078
0 0.740234 0.358398 0.128906 0.115234
0 0.576172 0.432129 0.102865 0.172852
0 0.507812 0.366211 0.065104 0.074219
0 0.182292 0.873535 0.083333 0.059570
0 0.354167 0.452637 0.070312 0.084961
0 0.278646 0.649902 0.132812 0.067383
0 0.178385 0.571289 0.130208 0.066406
0 0.436198 0.361816 0.078125 0.092773
0 0.438802 0.930176 0.161458 0.051758
0 0.133464 0.416504 0.082031 0.067383
0 0.831380 0.978027 0.157552 0.043945
0 0.424479 0.975586 0.161458 0.048828
0 0.315104 0.371582 0.122396 0.051758
0 0.897135 0.400879 0.125000 0.098633
0 0.089193 0.802246 0.095052 0.053711
0 0.172526 0.672363 0.069010 0.057617
0 0.092448 0.677734 0.096354 0.058594
0 0.755859 0.328613 0.113281 0.065430
0 0.170573 0.028320 0.065104 0.054688
0 0.082031 0.741699 0.111979 0.071289
0 0.111328 0.628906 0.079427 0.044922
0 0.057292 0.857422 0.054688 0.054688
0 0.916016 0.316406 0.118490 0.062500
0 0.731771 0.385742 0.117188 0.066406
0 0.945964 0.162598 0.108073 0.227539
0 0.033854 0.073730 0.065104 0.086914
0 0.032552 0.142578 0.062500 0.039062
0 0.039062 0.259766 0.075521 0.191406
0 0.046875 0.409668 0.091146 0.079102
0 0.865885 0.492676 0.119792 0.098633
0 0.891276 0.569336 0.217448 0.070312
