0 0.587240 0.085449 0.127604 0.081055
0 0.470052 0.414062 0.132812 0.087891
0 0.516276 0.282227 0.134115 0.064453
0 0.468099 0.063965 0.118490 0.086914
0 0.580078 0.708496 0.123698 0.112305
0 0.441406 0.491211 0.127604 0.076172
0 0.490234 0.341797 0.144531 0.074219
0 0.419271 0.580566 0.132812 0.104492
0 0.134115 0.360840 0.114583 0.073242
0 0.548177 0.167969 0.148438 0.089844
0 0.527344 0.230469 0.132812 0.048828
0 0.219401 0.104980 0.128906 0.090820
0 0.169271 0.291016 0.127604 0.076172
0 0.199870 0.171387 0.115885 0.053711
0 0.248698 0.033691 0.132812 0.065430
0 0.908854 0.035156 0.111979 0.068359
0 0.717448 0.333008 0.174479 0.224609
0 0.372396 0.048340 0.093750 0.081055
0 0.798177 0.020020 0.132812 0.038086
0 0.375000 0.699219 0.143229 0.142578
0 0.652995 0.513672 0.160156 0.140625
0 0.087240 0.547363 0.138021 0.061523
0 0.113932 0.423340 0.118490 0.047852
0 0.100260 0.689941 0.197917 0.086914
0 0.099609 0.480957 0.134115 0.079102
0 0.186198 0.229492 0.125000 0.058594
0 0.657552 0.856445 0.091146 0.144531
0 0.208333 0.821289 0.335938 0.117188
0 0.328125 0.140625 0.091146 0.085938
0 0.822266 0.759766 0.173177 0.060547
0 0.620443 0.614746 0.131510 0.079102
0 0.526042 0.886230 0.192708 0.225586
0 0.186198 0.903320 0.335938 0.117188
0 0.118490 0.622070 0.234375 0.089844
0 0.055339 0.032227 0.108073 0.062500
0 0.039714 0.079590 0.076823 0.059570
0 0.837891 0.707031 0.173177 0.060547
0 0.854818 0.662109 0.173177 0.060547
0 0.878255 0.607422 0.173177 0.060547
0 0.905599 0.538086 0.173177 0.060547
0 0.918620 0.476562 0.162760 0.066406
0 0.930990 0.426758 0.138021 0.060547
0 0.936849 0.366699 0.126302 0.059570
0 0.947266 0.312012 0.105469 0.057617
0 0.958984 0.257812 0.082031 0.058594
0 0.967448 0.203125 0.065104 0.054688
0 0.973958 0.147949 0.052083 0.049805
0 0.837891 0.129883 0.173177 0.072266
0 0.815755 0.199219 0.173177 0.072266
0 0.736328 0.875977 0.082031 0.138672
0 0.793620 0.883301 0.079427 0.139648
0 0.858724 0.898438 0.076823 0.140625
0 0.936198 0.910156 0.070312 0.140625
0 0.977214 0.924316 0.045573 0.149414
