0 0.928711 0.572266 0.125000 0.140625
0 0.644043 0.932617 0.127930 0.134766
0 0.537598 0.710449 0.137695 0.098633
0 0.611816 0.484375 0.155273 0.121094
0 0.479492 0.537109 0.166016 0.123047
0 0.083496 0.072266 0.106445 0.103516
0 0.890137 0.450195 0.124023 0.132812
0 0.062988 0.269531 0.114258 0.099609
0 0.156250 0.240234 0.095703 0.093750
0 0.664551 0.583008 0.118164 0.095703
0 0.374023 0.774414 0.132812 0.093750
0 0.238281 0.221680 0.089844 0.091797
0 0.836914 0.317871 0.126953 0.122070
0 0.188965 0.050293 0.129883 0.096680
0 0.710938 0.096680 0.101562 0.103516
0 0.880859 0.061035 0.107422 0.098633
0 0.683594 0.681152 0.134766 0.116211
0 0.727539 0.343750 0.115234 0.111328
0 0.477051 0.169434 0.083008 0.092773
0 0.239746 0.802246 0.075195 0.114258
0 0.788086 0.076660 0.095703 0.108398
0 0.172852 0.843750 0.083984 0.082031
0 0.961914 0.041992 0.076172 0.082031
0 0.020508 0.089844 0.039062 0.095703
0 0.429199 0.443848 0.180664 0.116211
0 0.550781 0.137695 0.095703 0.097656
0 0.020996 0.393066 0.040039 0.118164
0 0.630371 0.120117 0.088867 0.099609
0 0.495117 0.952637 0.089844 0.081055
0 0.347656 0.976562 0.119141 0.046875
0 0.940430 0.282227 0.109375 0.085938
0 0.400879 0.190918 0.083008 0.092773
0 0.319824 0.208496 0.083008 0.092773
0 0.020996 0.605957 0.040039 0.118164
