0 0.188151 0.382812 0.113281 0.078125
0 0.490885 0.827148 0.169271 0.128906
0 0.529297 0.367676 0.131510 0.086914
0 0.401693 0.759766 0.095052 0.078125
0 0.688802 0.638184 0.135417 0.098633
0 0.477214 0.288574 0.105469 0.075195
0 0.535807 0.071289 0.175781 0.111328
0 0.391276 0.419922 0.071615 0.072266
0 0.623047 0.567383 0.131510 0.089844
0 0.751302 0.729492 0.135417 0.109375
0 0.288411 0.555664 0.102865 0.048828
0 0.794922 0.814941 0.113281 0.086914
0 0.307292 0.241211 0.119792 0.078125
0 0.432943 0.228027 0.134115 0.071289
0 0.369792 0.093262 0.093750 0.061523
0 0.355469 0.637207 0.135417 0.073242
0 0.669922 0.313965 0.113281 0.083008
0 0.708984 0.103027 0.126302 0.077148
0 0.404297 0.148926 0.134115 0.086914
0 0.301432 0.841309 0.113281 0.065430
0 0.239583 0.460449 0.122396 0.092773
0 0.629557 0.248535 0.110677 0.073242
0 0.509115 0.492676 0.078125 0.059570
0 0.330729 0.911133 0.119792 0.082031
0 0.222656 0.719727 0.101562 0.054688
0 0.973958 0.412109 0.052083 0.097656
0 0.720703 0.375977 0.110677 0.076172
0 0.761068 0.035645 0.126302 0.069336
0 0.158854 0.600098 0.101562 0.049805
0 0.278646 0.791992 0.106771 0.048828
0 0.646484 0.170898 0.128906 0.078125
0 0.371745 0.527344 0.069010 0.046875
0 0.020182 0.110840 0.037760 0.063477
0 0.537109 0.938965 0.144531 0.122070
0 0.382812 0.973145 0.156250 0.053711
0 0.361979 0.704102 0.101562 0.064453
0 0.185547 0.667480 0.123698 0.081055
0 0.605469 0.013184 0.093750 0.024414
0 0.940755 0.701660 0.118490 0.092773
0 0.354167 0.043457 0.088542 0.057617
0 0.248047 0.759277 0.100260 0.047852
0 0.320312 0.013672 0.104167 0.025391
0 0.773438 0.477539 0.117188 0.126953
0 0.836589 0.429199 0.084635 0.098633
0 0.966797 0.160645 0.066406 0.069336
0 0.091797 0.524414 0.157552 0.095703
0 0.912109 0.281738 0.123698 0.083008
0 0.535807 0.635254 0.102865 0.065430
0 0.690755 0.885742 0.126302 0.101562
0 0.080729 0.637207 0.070312 0.077148
0 0.953125 0.237793 0.093750 0.083008
0 0.616536 0.476074 0.147135 0.096680
0 0.889323 0.362305 0.096354 0.095703
0 0.068359 0.163574 0.126302 0.100586
0 0.095052 0.229004 0.117188 0.040039
0 0.126302 0.282715 0.130208 0.092773
0 0.166016 0.336426 0.118490 0.038086
0 0.319661 0.445312 0.042969 0.072266
0 0.347656 0.436523 0.046875 0.074219
0 0.447266 0.403320 0.071615 0.072266
0 0.060547 0.455078 0.118490 0.078125
0 0.042969 0.398438 0.083333 0.060547
0 0.029297 0.353516 0.055990 0.048828
0 0.093750 0.984375 0.111979 0.029297
0 0.085938 0.957520 0.106771 0.047852
0 0.058594 0.921387 0.106771 0.067383
0 0.037109 0.854980 0.071615 0.069336
0 0.027344 0.792969 0.052083 0.052734
0 0.433594 0.514160 0.078125 0.059570
0 0.318359 0.585938 0.102865 0.048828
