0 0.141602 0.407552 0.128906 0.192708
0 0.504395 0.840495 0.114258 0.251302
0 0.668457 0.529948 0.100586 0.135417
0 0.576660 0.324219 0.081055 0.140625
0 0.528320 0.631510 0.105469 0.161458
0 0.648926 0.656250 0.100586 0.117188
0 0.195801 0.573568 0.079102 0.118490
0 0.611328 0.190755 0.095703 0.147135
0 0.256836 0.420573 0.093750 0.096354
0 0.322266 0.624349 0.068359 0.134115
0 0.032227 0.533854 0.062500 0.088542
0 0.689941 0.421875 0.104492 0.098958
0 0.166504 0.667318 0.073242 0.084635
0 0.475098 0.351562 0.086914 0.218750
0 0.237793 0.732422 0.071289 0.108073
0 0.209473 0.867188 0.100586 0.091146
0 0.288086 0.832031 0.050781 0.104167
0 0.516602 0.145833 0.076172 0.117188
0 0.432129 0.576172 0.077148 0.230469
0 0.380859 0.488932 0.048828 0.097656
0 0.555176 0.478516 0.096680 0.152344
0 0.265625 0.603516 0.052734 0.113281
0 0.191895 0.203776 0.155273 0.212240
0 0.098633 0.566406 0.062500 0.109375
0 0.134277 0.762370 0.096680 0.087240
0 0.327637 0.481771 0.057617 0.125000
0 0.745605 0.224609 0.143555 0.274740
0 0.401367 0.120443 0.136719 0.178385
0 0.236328 0.495443 0.091797 0.069010
0 0.128906 0.896484 0.052734 0.076823
0 0.025391 0.188802 0.048828 0.054688
0 0.066406 0.904948 0.072266 0.078125
0 0.566406 0.438802 0.083984 0.085938
0 0.083496 0.838542 0.057617 0.059896
0 0.764648 0.671875 0.060547 0.114583
0 0.297363 0.958984 0.090820 0.074219
0 0.020020 0.815755 0.038086 0.128906
0 0.548340 0.514323 0.086914 0.085938
0 0.117676 0.966146 0.182617 0.067708
0 0.022461 0.096354 0.042969 0.119792
0 0.050781 0.713542 0.050781 0.091146
0 0.026855 0.315104 0.051758 0.205729
0 0.974121 0.942708 0.051758 0.114583
0 0.800293 0.050130 0.139648 0.097656
0 0.680664 0.763021 0.191406 0.098958
0 0.623047 0.974609 0.085938 0.050781
0 0.485352 0.985026 0.138672 0.029948
0 0.985840 0.824870 0.028320 0.087240
