0 0.439941 0.447917 0.096680 0.109375
0 0.186523 0.363932 0.101562 0.115885
0 0.163574 0.475260 0.096680 0.122396
0 0.350586 0.419271 0.087891 0.111979
0 0.440918 0.227865 0.077148 0.164062
0 0.353027 0.884766 0.100586 0.110677
0 0.387207 0.708333 0.100586 0.083333
0 0.919922 0.609375 0.160156 0.101562
0 0.365234 0.219401 0.082031 0.141927
0 0.126953 0.724609 0.099609 0.105469
0 0.411133 0.557943 0.111328 0.118490
0 0.522949 0.258464 0.084961 0.178385
0 0.368164 0.782552 0.105469 0.101562
0 0.101074 0.816406 0.096680 0.109375
0 0.041504 0.331380 0.081055 0.149740
0 0.394531 0.640625 0.099609 0.065104
0 0.031250 0.442708 0.060547 0.083333
0 0.798828 0.375651 0.119141 0.141927
0 0.223633 0.185547 0.064453 0.118490
0 0.683105 0.273438 0.094727 0.072917
0 0.299805 0.165365 0.087891 0.213542
0 0.270996 0.398438 0.083008 0.127604
0 0.607422 0.595052 0.136719 0.101562
0 0.539062 0.777344 0.128906 0.294271
0 0.916992 0.402995 0.119141 0.128906
0 0.254395 0.514974 0.077148 0.118490
0 0.077637 0.957682 0.094727 0.074219
0 0.135742 0.634115 0.095703 0.072917
0 0.682129 0.352214 0.083008 0.082031
0 0.601074 0.316406 0.073242 0.104167
0 0.084961 0.897786 0.089844 0.061198
0 0.921387 0.733073 0.127930 0.083333
0 0.148926 0.565104 0.100586 0.072917
0 0.105469 0.177083 0.052734 0.070312
0 0.402832 0.062500 0.079102 0.111979
0 0.053711 0.321615 0.105469 0.171875
0 0.708496 0.899740 0.125977 0.083333
0 0.713379 0.829427 0.125977 0.083333
0 0.729980 0.761719 0.125977 0.083333
0 0.625977 0.510417 0.136719 0.101562
0 0.744629 0.690104 0.125977 0.083333
0 0.758301 0.620443 0.125977 0.084635
0 0.775879 0.551432 0.125977 0.084635
0 0.916504 0.805990 0.127930 0.083333
0 0.909180 0.925781 0.103516 0.148438
0 0.503906 0.963542 0.099609 0.072917
0 0.693848 0.957682 0.125977 0.084635
0 0.341309 0.970703 0.092773 0.058594
0 0.162109 0.192708 0.052734 0.070312
0 0.125977 0.064453 0.056641 0.115885
0 0.181641 0.086589 0.056641 0.115885
0 0.046387 0.093750 0.090820 0.184896
0 0.475098 0.085938 0.079102 0.111979
0 0.546387 0.106771 0.079102 0.111979
0 0.612793 0.139323 0.079102 0.111979
0 0.682129 0.167318 0.079102 0.113281
0 0.745605 0.200521 0.079102 0.111979
0 0.817871 0.234375 0.079102 0.111979
0 0.883301 0.259115 0.079102 0.111979
0 0.946777 0.283854 0.079102 0.111979
0 0.953613 0.076823 0.092773 0.151042
0 0.870605 0.053385 0.092773 0.104167
0 0.786133 0.034505 0.091797 0.066406
0 0.702637 0.019531 0.084961 0.036458
