0 0.910156 0.143229 0.179688 0.140625
0 0.233073 0.535807 0.106771 0.115885
0 0.132161 0.546224 0.113281 0.110677
0 0.040365 0.511719 0.078125 0.208333
0 0.339193 0.531901 0.121094 0.118490
0 0.463542 0.533854 0.132812 0.101562
0 0.067057 0.028646 0.131510 0.054688
0 0.464193 0.239583 0.126302 0.187500
0 0.023438 0.289714 0.044271 0.147135
0 0.873047 0.317057 0.170573 0.160156
0 0.715495 0.255859 0.136719 0.134115
0 0.968099 0.817057 0.063802 0.147135
0 0.170573 0.893880 0.169271 0.147135
0 0.336589 0.347005 0.141927 0.240885
0 0.020833 0.134115 0.039062 0.171875
0 0.294271 0.832682 0.145833 0.139323
0 0.584635 0.526042 0.132812 0.101562
0 0.863932 0.966797 0.160156 0.066406
