0 0.721680 0.510417 0.085938 0.132812
0 0.640625 0.524740 0.085938 0.122396
0 0.914551 0.442708 0.168945 0.127604
0 0.797852 0.486979 0.089844 0.111979
0 0.548340 0.537760 0.102539 0.091146
0 0.184082 0.714844 0.088867 0.117188
0 0.541504 0.363281 0.081055 0.114583
0 0.624512 0.328776 0.104492 0.113281
0 0.811523 0.897135 0.087891 0.085938
0 0.436523 0.406250 0.132812 0.117188
0 0.263672 0.675781 0.093750 0.111979
0 0.331055 0.648438 0.076172 0.138021
0 0.225098 0.822266 0.065430 0.095052
0 0.186523 0.531901 0.085938 0.082031
0 0.088867 0.111328 0.175781 0.220052
0 0.131836 0.858073 0.107422 0.101562
0 0.723145 0.921224 0.090820 0.100260
0 0.450684 0.565755 0.104492 0.087240
0 0.894531 0.875000 0.078125 0.085938
0 0.015137 0.800781 0.028320 0.143229
0 0.644043 0.937500 0.069336 0.091146
0 0.014648 0.624349 0.027344 0.097656
0 0.108398 0.561198 0.074219 0.080729
0 0.878418 0.279948 0.233398 0.158854
0 0.271484 0.793620 0.029297 0.074219
0 0.266602 0.472656 0.089844 0.156250
0 0.724121 0.098307 0.182617 0.194010
0 0.020020 0.449870 0.038086 0.079427
0 0.397949 0.124349 0.073242 0.100260
0 0.448730 0.074870 0.073242 0.100260
0 0.501953 0.029948 0.074219 0.057292
0 0.558105 0.962240 0.102539 0.075521
0 0.461914 0.970703 0.095703 0.058594
0 0.968262 0.855469 0.063477 0.088542
0 0.906738 0.049479 0.186523 0.096354
0 0.299316 0.785807 0.026367 0.066406
0 0.328613 0.772786 0.026367 0.066406
0 0.036133 0.970052 0.062500 0.059896
0 0.087891 0.961589 0.048828 0.076823
