0 0.246582 0.901855 0.106445 0.110352
0 0.327148 0.889160 0.062500 0.125977
0 0.462891 0.893066 0.095703 0.114258
0 0.159180 0.901855 0.068359 0.112305
0 0.098145 0.672363 0.088867 0.088867
0 0.543945 0.046387 0.119141 0.090820
0 0.104492 0.459473 0.095703 0.092773
0 0.088867 0.902344 0.070312 0.103516
0 0.252930 0.733887 0.107422 0.114258
0 0.874512 0.600586 0.075195 0.099609
0 0.832520 0.514160 0.069336 0.102539
0 0.435547 0.728516 0.083984 0.132812
0 0.568848 0.129883 0.118164 0.085938
0 0.780273 0.441406 0.070312 0.072266
0 0.052734 0.612793 0.072266 0.086914
0 0.480957 0.552734 0.073242 0.095703
0 0.160645 0.525879 0.073242 0.083008
0 0.694336 0.889160 0.111328 0.094727
0 0.536133 0.886230 0.054688 0.100586
0 0.265137 0.531738 0.108398 0.155273
0 0.733398 0.033691 0.121094 0.065430
0 0.755859 0.094727 0.123047 0.076172
0 0.352539 0.574707 0.083984 0.090820
0 0.694336 0.307617 0.142578 0.185547
0 0.679688 0.550293 0.080078 0.079102
0 0.909180 0.100098 0.117188 0.122070
0 0.545898 0.699219 0.060547 0.105469
0 0.846680 0.877441 0.076172 0.075195
0 0.967285 0.403809 0.065430 0.159180
0 0.806152 0.734375 0.075195 0.070312
0 0.416504 0.566406 0.055664 0.093750
0 0.598633 0.886719 0.080078 0.101562
0 0.019043 0.791016 0.036133 0.105469
0 0.370605 0.739258 0.047852 0.125000
0 0.027832 0.904297 0.053711 0.123047
0 0.600586 0.685547 0.078125 0.091797
0 0.821777 0.802246 0.071289 0.069336
0 0.328613 0.733887 0.043945 0.108398
0 0.752930 0.590332 0.093750 0.075195
0 0.831055 0.195312 0.164062 0.132812
0 0.044922 0.402832 0.085938 0.110352
0 0.652344 0.710449 0.078125 0.073242
0 0.679688 0.814453 0.091797 0.064453
0 0.965332 0.056641 0.069336 0.111328
0 0.930176 0.854004 0.100586 0.131836
0 0.669922 0.763672 0.087891 0.056641
0 0.369141 0.022949 0.117188 0.043945
0 0.110352 0.766113 0.062500 0.079102
0 0.618164 0.534668 0.068359 0.088867
0 0.790039 0.665527 0.087891 0.081055
0 0.892578 0.985352 0.166016 0.029297
0 0.305176 0.068848 0.241211 0.069336
0 0.012695 0.578613 0.023438 0.083008
0 0.550293 0.532227 0.065430 0.091797
0 0.011230 0.346191 0.020508 0.073242
0 0.613770 0.192871 0.083008 0.069336
0 0.297363 0.194824 0.086914 0.182617
0 0.361328 0.167480 0.068359 0.073242
0 0.496582 0.333984 0.188477 0.134766
0 0.912598 0.719238 0.100586 0.131836
0 0.163574 0.705566 0.088867 0.088867
0 0.499023 0.713867 0.046875 0.105469
0 0.384766 0.895996 0.062500 0.125977
