0 0.418620 0.504395 0.303385 0.137695
0 0.691406 0.481934 0.171875 0.118164
0 0.667318 0.222168 0.248698 0.102539
0 0.351562 0.060547 0.125000 0.085938
0 0.313151 0.326172 0.097656 0.152344
0 0.326823 0.627930 0.106771 0.064453
0 0.277995 0.195312 0.157552 0.119141
0 0.235677 0.360840 0.080729 0.092773
0 0.533854 0.601074 0.111979 0.092773
0 0.158203 0.816406 0.121094 0.150391
0 0.488281 0.713379 0.229167 0.118164
0 0.219401 0.060547 0.141927 0.070312
0 0.606771 0.342773 0.088542 0.091797
0 0.653646 0.647461 0.101562 0.203125
0 0.798177 0.059082 0.179688 0.116211
0 0.486328 0.067871 0.136719 0.116211
0 0.777995 0.325684 0.266927 0.100586
0 0.779948 0.896973 0.395833 0.184570
0 0.834635 0.184570 0.098958 0.062500
0 0.841797 0.242188 0.092448 0.052734
0 0.631510 0.068359 0.156250 0.121094
0 0.132812 0.199707 0.130208 0.129883
0 0.826823 0.473633 0.109375 0.125000
0 0.464193 0.327637 0.201823 0.143555
0 0.444010 0.198242 0.164062 0.105469
0 0.294271 0.768066 0.177083 0.118164
0 0.934245 0.550781 0.131510 0.314453
0 0.088542 0.062012 0.125000 0.049805
0 0.940104 0.047363 0.119792 0.092773
0 0.156250 0.362793 0.080729 0.092773
0 0.056641 0.345703 0.110677 0.140625
0 0.078776 0.485352 0.154948 0.076172
0 0.024089 0.562012 0.045573 0.083008
0 0.104818 0.566406 0.115885 0.093750
0 0.072266 0.670410 0.141927 0.077148
0 0.061198 0.736328 0.119792 0.064453
0 0.034505 0.201660 0.066406 0.133789
