0 0.050781 0.661133 0.095703 0.107422
0 0.640137 0.138672 0.081055 0.070312
0 0.350098 0.284180 0.065430 0.060547
0 0.067383 0.525391 0.085938 0.128906
0 0.958984 0.317383 0.082031 0.089844
0 0.366699 0.603027 0.104492 0.075195
0 0.285645 0.144531 0.081055 0.087891
0 0.862305 0.039551 0.085938 0.077148
0 0.387695 0.345215 0.089844 0.075195
0 0.507812 0.613770 0.089844 0.069336
0 0.654297 0.896484 0.107422 0.097656
0 0.536621 0.201660 0.100586 0.079102
0 0.811035 0.512207 0.090820 0.081055
0 0.892090 0.117676 0.098633 0.092773
0 0.319824 0.490723 0.090820 0.079102
0 0.866699 0.578613 0.129883 0.127930
0 0.541016 0.666504 0.087891 0.073242
0 0.458984 0.455078 0.140625 0.144531
0 0.836426 0.152344 0.043945 0.060547
0 0.288086 0.706543 0.107422 0.084961
0 0.197754 0.473145 0.106445 0.090820
0 0.962891 0.870605 0.068359 0.065430
0 0.500488 0.852051 0.098633 0.071289
0 0.250977 0.334961 0.082031 0.058594
0 0.729980 0.335449 0.079102 0.045898
0 0.458496 0.324707 0.057617 0.063477
0 0.574707 0.270996 0.094727 0.071289
0 0.603516 0.803711 0.082031 0.058594
0 0.244629 0.083984 0.061523 0.054688
0 0.289062 0.422363 0.093750 0.077148
0 0.765625 0.389648 0.101562 0.074219
0 0.466797 0.789062 0.117188 0.076172
0 0.979004 0.926270 0.041992 0.083008
0 0.216309 0.271973 0.088867 0.083008
0 0.119141 0.604980 0.072266 0.061523
0 0.680664 0.205566 0.089844 0.088867
0 0.043457 0.888672 0.084961 0.076172
0 0.618164 0.357910 0.074219 0.049805
0 0.638672 0.419922 0.082031 0.080078
0 0.692383 0.962402 0.097656 0.071289
0 0.357422 0.538086 0.068359 0.056641
0 0.334473 0.236816 0.073242 0.036133
0 0.537598 0.942383 0.100586 0.074219
0 0.207031 0.028320 0.070312 0.054688
0 0.616211 0.846191 0.068359 0.053711
0 0.666016 0.476562 0.074219 0.060547
0 0.593262 0.038574 0.077148 0.075195
0 0.725098 0.589355 0.069336 0.067383
0 0.117188 0.057617 0.044922 0.037109
0 0.192383 0.658203 0.068359 0.078125
0 0.956055 0.251465 0.087891 0.045898
0 0.836426 0.861816 0.110352 0.075195
0 0.739746 0.655762 0.116211 0.090820
0 0.769531 0.277344 0.052734 0.046875
0 0.557617 0.388672 0.062500 0.060547
0 0.706055 0.541992 0.074219 0.052734
0 0.490234 0.557129 0.091797 0.065430
0 0.812500 0.811035 0.107422 0.071289
0 0.774414 0.451660 0.076172 0.065430
0 0.823242 0.268066 0.054688 0.057617
0 0.942871 0.811523 0.069336 0.076172
0 0.973145 0.019531 0.051758 0.037109
0 0.261230 0.638184 0.081055 0.061523
0 0.979492 0.654785 0.041016 0.083008
0 0.503418 0.115234 0.079102 0.056641
0 0.511719 0.899902 0.093750 0.051758
0 0.030273 0.400391 0.058594 0.134766
0 0.500000 0.292480 0.052734 0.057617
0 0.768066 0.717285 0.098633 0.043945
0 0.691406 0.508301 0.068359 0.045898
0 0.981934 0.078125 0.036133 0.076172
0 0.522949 0.146973 0.088867 0.049805
0 0.127930 0.680176 0.058594 0.079102
0 0.392090 0.663086 0.094727 0.062500
0 0.031250 0.018555 0.060547 0.035156
0 0.114258 0.149902 0.095703 0.161133
0 0.287598 0.908203 0.198242 0.152344
0 0.558105 0.717285 0.079102 0.047852
0 0.905273 0.688477 0.123047 0.138672
0 0.735352 0.021484 0.080078 0.041016
0 0.413086 0.721191 0.105469 0.086914
0 0.702148 0.061523 0.056641 0.048828
0 0.884766 0.389648 0.076172 0.064453
0 0.886230 0.944336 0.100586 0.111328
0 0.204590 0.565918 0.045898 0.075195
0 0.974121 0.417480 0.051758 0.106445
0 0.025879 0.170410 0.049805 0.106445
0 0.796387 0.162109 0.043945 0.060547
0 0.762207 0.179688 0.043945 0.060547
0 0.735840 0.199219 0.043945 0.060547
0 0.623047 0.088379 0.076172 0.047852
0 0.327637 0.201660 0.069336 0.055664
0 0.133789 0.086914 0.044922 0.037109
0 0.152344 0.113281 0.044922 0.037109
0 0.173828 0.141602 0.044922 0.037109
0 0.580078 0.756348 0.070312 0.053711
0 0.784180 0.754395 0.093750 0.049805
0 0.719238 0.299316 0.079102 0.045898
0 0.875977 0.243652 0.054688 0.057617
0 0.939453 0.211426 0.087891 0.045898
0 0.460449 0.048340 0.127930 0.094727
0 0.065430 0.966309 0.109375 0.067383
