0 0.501953 0.399902 0.183594 0.112305
0 0.507812 0.749512 0.164062 0.108398
0 0.624349 0.687988 0.147135 0.100586
0 0.273438 0.522949 0.187500 0.112305
0 0.395833 0.466797 0.158854 0.097656
0 0.399740 0.812988 0.164062 0.106445
0 0.734375 0.635254 0.151042 0.092773
0 0.861328 0.231445 0.154948 0.101562
0 0.174479 0.226562 0.161458 0.109375
0 0.290365 0.177246 0.158854 0.100586
0 0.498047 0.978516 0.110677 0.042969
0 0.688151 0.046875 0.207031 0.091797
0 0.589844 0.953613 0.078125 0.083008
0 0.950521 0.162109 0.098958 0.097656
0 0.081380 0.291992 0.160156 0.109375
0 0.046224 0.662598 0.089844 0.124023
0 0.029297 0.913574 0.055990 0.124023
