0 0.544922 0.944336 0.157552 0.064453
0 0.179036 0.625488 0.272135 0.186523
0 0.701172 0.402344 0.110677 0.195312
0 0.875651 0.620117 0.110677 0.097656
0 0.516927 0.441895 0.242188 0.188477
0 0.810547 0.760254 0.175781 0.071289
0 0.767578 0.274902 0.084635 0.079102
0 0.225911 0.103516 0.233073 0.205078
0 0.563151 0.137207 0.149740 0.125977
0 0.020182 0.647949 0.037760 0.133789
0 0.072266 0.503418 0.141927 0.122070
0 0.348307 0.272949 0.214844 0.174805
0 0.433594 0.026855 0.213542 0.051758
0 0.040365 0.387207 0.078125 0.133789
0 0.156901 0.817383 0.139323 0.097656
0 0.610677 0.025879 0.104167 0.049805
0 0.651693 0.591309 0.178385 0.157227
0 0.967448 0.615234 0.065104 0.097656
0 0.891927 0.355469 0.166667 0.103516
0 0.779948 0.078125 0.302083 0.154297
0 0.047526 0.810059 0.092448 0.088867
0 0.180339 0.926270 0.173177 0.118164
0 0.344401 0.827637 0.222656 0.139648
0 0.531250 0.785156 0.098958 0.080078
0 0.605469 0.769531 0.080729 0.058594
0 0.686198 0.778809 0.080729 0.073242
0 0.949219 0.747559 0.101562 0.077148
0 0.906250 0.268066 0.119792 0.073242
0 0.893229 0.444824 0.171875 0.067383
