0 0.821289 0.625488 0.101562 0.112305
0 0.146973 0.537109 0.106445 0.074219
0 0.648926 0.045898 0.110352 0.089844
0 0.817871 0.157715 0.110352 0.073242
0 0.936035 0.645020 0.127930 0.139648
0 0.816895 0.083008 0.116211 0.074219
0 0.818359 0.455078 0.089844 0.064453
0 0.821289 0.394531 0.091797 0.054688
0 0.192383 0.600586 0.107422 0.066406
0 0.816895 0.292969 0.102539 0.056641
0 0.815918 0.345215 0.094727 0.055664
0 0.817871 0.229492 0.102539 0.068359
0 0.960938 0.346680 0.078125 0.134766
0 0.026855 0.137695 0.051758 0.083984
0 0.651367 0.389648 0.103516 0.111328
0 0.812988 0.022949 0.110352 0.043945
0 0.651367 0.245117 0.119141 0.072266
0 0.033691 0.905762 0.065430 0.186523
0 0.650879 0.303711 0.110352 0.054688
0 0.543945 0.686035 0.125000 0.129883
0 0.665527 0.665527 0.118164 0.125977
0 0.640137 0.958496 0.104492 0.083008
0 0.965820 0.470215 0.068359 0.116211
0 0.820312 0.537598 0.083984 0.075195
0 0.749023 0.930664 0.136719 0.125000
0 0.651367 0.113770 0.099609 0.053711
0 0.649902 0.172363 0.102539 0.057617
0 0.027344 0.056152 0.052734 0.081055
0 0.986328 0.146973 0.027344 0.079102
0 0.023926 0.390137 0.045898 0.122070
0 0.025391 0.017090 0.048828 0.032227
0 0.658203 0.482910 0.099609 0.075195
0 0.655762 0.549805 0.096680 0.062500
0 0.651855 0.146973 0.106445 0.110352
0 0.989258 0.223145 0.021484 0.065430
0 0.862793 0.887207 0.112305 0.092773
