0 0.169434 0.759277 0.114258 0.114258
0 0.483398 0.800293 0.144531 0.147461
0 0.297363 0.726074 0.094727 0.069336
0 0.622070 0.749023 0.097656 0.070312
0 0.191895 0.152344 0.155273 0.160156
0 0.629883 0.810059 0.115234 0.051758
0 0.399414 0.090820 0.132812 0.134766
0 0.142090 0.305664 0.129883 0.144531
0 0.324219 0.856934 0.109375 0.071289
0 0.493652 0.937012 0.092773 0.112305
0 0.611816 0.142578 0.096680 0.109375
0 0.576660 0.242676 0.083008 0.104492
0 0.668945 0.397949 0.099609 0.100586
0 0.632324 0.868652 0.118164 0.063477
0 0.102539 0.955078 0.082031 0.089844
0 0.195801 0.430176 0.079102 0.088867
0 0.527832 0.472168 0.106445 0.118164
0 0.320801 0.468750 0.069336 0.101562
0 0.517090 0.109863 0.077148 0.088867
0 0.629395 0.927734 0.112305 0.054688
0 0.258789 0.315430 0.095703 0.070312
0 0.207031 0.862793 0.082031 0.077148
0 0.287598 0.624023 0.051758 0.078125
0 0.166504 0.500488 0.073242 0.063477
0 0.509766 0.629395 0.128906 0.186523
0 0.242676 0.535645 0.071289 0.081055
0 0.689941 0.318359 0.104492 0.066406
0 0.475098 0.263672 0.086914 0.164062
0 0.136230 0.873535 0.061523 0.059570
0 0.742188 0.174805 0.142578 0.218750
0 0.555176 0.358887 0.096680 0.114258
0 0.208984 0.649902 0.099609 0.067383
0 0.432129 0.432617 0.077148 0.171875
0 0.022949 0.072266 0.043945 0.089844
0 0.265625 0.452637 0.052734 0.084961
0 0.380859 0.366211 0.048828 0.074219
0 0.032227 0.401367 0.062500 0.066406
0 0.025879 0.142578 0.049805 0.044922
0 0.134277 0.571777 0.096680 0.065430
0 0.327637 0.361328 0.057617 0.091797
0 0.648926 0.492676 0.100586 0.088867
0 0.096680 0.437988 0.058594 0.108398
0 0.329102 0.930176 0.121094 0.051758
0 0.318359 0.975586 0.121094 0.048828
0 0.626953 0.978027 0.123047 0.043945
0 0.026855 0.951660 0.051758 0.041992
0 0.236328 0.371582 0.091797 0.051758
0 0.066895 0.801758 0.069336 0.056641
0 0.129395 0.672363 0.051758 0.057617
0 0.061523 0.739258 0.085938 0.066406
0 0.779785 0.028320 0.100586 0.054688
0 0.041016 0.856445 0.042969 0.052734
0 0.566895 0.328613 0.084961 0.065430
0 0.076660 0.652832 0.071289 0.092773
0 0.942383 0.967285 0.087891 0.065430
0 0.145508 0.027344 0.083984 0.052734
0 0.026855 0.237793 0.051758 0.155273
0 0.548828 0.385254 0.087891 0.065430
0 0.016113 0.901367 0.030273 0.064453
0 0.050781 0.535645 0.050781 0.067383
0 0.021484 0.619629 0.041016 0.104492
0 0.690918 0.576660 0.209961 0.069336
