0 0.238932 0.721680 0.136719 0.066406
0 0.471354 0.787109 0.125000 0.105469
0 0.684896 0.692383 0.093750 0.066406
0 0.428385 0.688965 0.119792 0.098633
0 0.328125 0.950684 0.109375 0.090820
0 0.538411 0.894531 0.173177 0.117188
0 0.304036 0.860352 0.110677 0.080078
0 0.251953 0.791992 0.136719 0.080078
0 0.602214 0.658691 0.105469 0.069336
0 0.197917 0.661621 0.138021 0.073242
0 0.378255 0.536133 0.141927 0.103516
0 0.684896 0.876953 0.125000 0.089844
0 0.505208 0.597656 0.138021 0.101562
0 0.385417 0.615723 0.083333 0.055664
0 0.158203 0.963379 0.084635 0.073242
0 0.182943 0.591309 0.144531 0.077148
0 0.749349 0.730469 0.105469 0.070312
0 0.243490 0.969727 0.075521 0.060547
0 0.923828 0.508789 0.152344 0.140625
0 0.939453 0.971191 0.121094 0.057617
0 0.811849 0.869629 0.136719 0.059570
0 0.059245 0.962402 0.115885 0.075195
0 0.837240 0.791504 0.127604 0.088867
0 0.143880 0.529297 0.141927 0.082031
0 0.827474 0.983887 0.092448 0.032227
0 0.102214 0.439453 0.152344 0.126953
0 0.033854 0.378906 0.065104 0.105469
0 0.113281 0.072754 0.075521 0.088867
0 0.036458 0.039551 0.070312 0.077148
