0 0.646973 0.787598 0.106445 0.073242
0 0.256836 0.352539 0.126953 0.080078
0 0.692383 0.850098 0.107422 0.067383
0 0.481445 0.243652 0.121094 0.075195
0 0.497559 0.384766 0.114258 0.085938
0 0.480469 0.164062 0.113281 0.087891
0 0.467773 0.037109 0.119141 0.072266
0 0.485352 0.094727 0.097656 0.052734
0 0.490723 0.311523 0.122070 0.068359
0 0.309570 0.092285 0.072266 0.108398
0 0.480957 0.642090 0.122070 0.122070
0 0.337402 0.929199 0.176758 0.141602
0 0.305664 0.253906 0.091797 0.113281
0 0.052246 0.020996 0.100586 0.040039
0 0.248047 0.130371 0.089844 0.147461
0 0.056152 0.221191 0.110352 0.114258
0 0.377441 0.082031 0.075195 0.119141
0 0.034668 0.626465 0.067383 0.108398
