0 0.506836 0.497070 0.138672 0.164062
0 0.465820 0.743652 0.126953 0.118164
0 0.853516 0.916992 0.083984 0.087891
0 0.373535 0.791504 0.071289 0.100586
0 0.316406 0.827148 0.076172 0.095703
0 0.664551 0.495117 0.100586 0.111328
0 0.494141 0.840332 0.099609 0.081055
0 0.098145 0.157715 0.077148 0.102539
0 0.841309 0.714355 0.098633 0.098633
0 0.794434 0.864258 0.069336 0.083984
0 0.175293 0.652344 0.112305 0.142578
0 0.272461 0.645996 0.103516 0.137695
0 0.193848 0.918457 0.102539 0.116211
0 0.040039 0.957520 0.078125 0.084961
0 0.254395 0.864746 0.069336 0.084961
0 0.897461 0.775391 0.085938 0.105469
0 0.512207 0.925781 0.108398 0.095703
0 0.078125 0.767578 0.154297 0.103516
0 0.429688 0.574219 0.085938 0.089844
0 0.625977 0.434082 0.068359 0.079102
0 0.788574 0.648438 0.094727 0.101562
0 0.670410 0.899902 0.088867 0.094727
0 0.692383 0.971191 0.082031 0.055664
0 0.624023 0.709473 0.128906 0.135742
0 0.358887 0.609375 0.096680 0.134766
0 0.720215 0.585449 0.084961 0.116211
0 0.973633 0.307617 0.052734 0.074219
0 0.971680 0.977051 0.056641 0.045898
0 0.971680 0.766602 0.056641 0.128906
0 0.037109 0.473633 0.072266 0.085938
0 0.737305 0.821777 0.056641 0.067383
0 0.026855 0.254395 0.051758 0.083008
0 0.932129 0.085938 0.122070 0.169922
0 0.919922 0.953613 0.080078 0.092773
0 0.636719 0.823730 0.091797 0.096680
0 0.707031 0.779785 0.056641 0.067383
