0 0.123535 0.451172 0.106445 0.110677
0 0.164551 0.628255 0.104492 0.097656
0 0.512695 0.588542 0.070312 0.088542
0 0.321289 0.584635 0.089844 0.130208
0 0.355957 0.713542 0.096680 0.138021
0 0.186523 0.722005 0.117188 0.097656
0 0.144531 0.542318 0.103516 0.108073
0 0.456543 0.542318 0.077148 0.095052
0 0.283691 0.381510 0.106445 0.138021
0 0.228027 0.811849 0.081055 0.102865
0 0.385742 0.472656 0.091797 0.122396
0 0.289062 0.486328 0.062500 0.076823
0 0.022461 0.172526 0.042969 0.131510
0 0.621582 0.727865 0.106445 0.114583
0 0.514160 0.835286 0.092773 0.115885
0 0.082031 0.254557 0.115234 0.167969
0 0.401855 0.859375 0.135742 0.153646
0 0.556641 0.645182 0.074219 0.084635
0 0.108887 0.373047 0.118164 0.082031
0 0.608398 0.826172 0.101562 0.079427
0 0.798828 0.516276 0.166016 0.212240
0 0.011230 0.487630 0.020508 0.110677
0 0.871094 0.658203 0.093750 0.141927
0 0.708496 0.344401 0.129883 0.188802
0 0.247559 0.931641 0.092773 0.121094
0 0.178223 0.965495 0.047852 0.069010
0 0.116211 0.954427 0.074219 0.091146
0 0.045898 0.954427 0.074219 0.091146
0 0.723633 0.960938 0.134766 0.078125
0 0.618652 0.973307 0.073242 0.053385
