0 0.471680 0.510417 0.085938 0.132812
0 0.390625 0.524740 0.085938 0.122396
0 0.547852 0.486979 0.089844 0.111979
0 0.298828 0.539714 0.103516 0.092448
0 0.667480 0.442057 0.174805 0.123698
0 0.912109 0.782552 0.105469 0.067708
0 0.291504 0.363281 0.081055 0.114583
0 0.561523 0.897135 0.087891 0.085938
0 0.374512 0.328776 0.104492 0.113281
0 0.031250 0.472656 0.060547 0.143229
0 0.186523 0.406901 0.132812 0.118490
0 0.895020 0.456380 0.209961 0.352865
0 0.076660 0.642578 0.067383 0.121094
0 0.473145 0.921224 0.090820 0.100260
0 0.645020 0.875651 0.077148 0.087240
0 0.394043 0.937500 0.069336 0.091146
0 0.201172 0.565755 0.105469 0.087240
0 0.718750 0.858073 0.074219 0.083333
0 0.025391 0.669922 0.048828 0.089844
0 0.309570 0.958333 0.105469 0.083333
0 0.212402 0.970703 0.098633 0.055990
0 0.143555 0.126953 0.080078 0.097656
0 0.199219 0.077474 0.080078 0.097656
0 0.253418 0.035807 0.075195 0.069010
0 0.480469 0.103516 0.195312 0.186198
0 0.660645 0.042318 0.168945 0.082031
0 0.612793 0.247396 0.237305 0.205729
0 0.779297 0.207682 0.097656 0.115885
0 0.916992 0.156901 0.166016 0.178385
0 0.022949 0.796875 0.040039 0.078125
0 0.050781 0.785156 0.027344 0.075521
0 0.080078 0.768229 0.027344 0.075521
