0 0.527995 0.255859 0.152344 0.154948
0 0.421875 0.682943 0.085938 0.126302
0 0.481120 0.845703 0.154948 0.100260
0 0.287109 0.210938 0.123698 0.109375
0 0.255208 0.812500 0.143229 0.075521
0 0.803385 0.773438 0.114583 0.109375
0 0.250651 0.885417 0.149740 0.075521
0 0.555990 0.125651 0.106771 0.108073
0 0.141276 0.030599 0.141927 0.058594
0 0.944010 0.583984 0.111979 0.110677
0 0.873698 0.969401 0.111979 0.061198
0 0.417318 0.461589 0.071615 0.128906
0 0.907552 0.399089 0.184896 0.186198
0 0.845703 0.240234 0.173177 0.180990
0 0.336589 0.439453 0.110677 0.162760
0 0.052083 0.095703 0.101562 0.121094
0 0.473958 0.927083 0.153646 0.065104
0 0.465495 0.977865 0.154948 0.044271
0 0.711589 0.522786 0.139323 0.149740
0 0.247396 0.476562 0.078125 0.101562
0 0.285156 0.661458 0.187500 0.127604
0 0.682292 0.967448 0.130208 0.065104
0 0.038411 0.462891 0.074219 0.167969
0 0.819010 0.882812 0.132812 0.125000
0 0.056641 0.825521 0.110677 0.135417
0 0.679688 0.765625 0.109375 0.093750
0 0.513021 0.434896 0.143229 0.190104
0 0.177734 0.492188 0.074219 0.098958
0 0.684896 0.884766 0.135417 0.128906
0 0.073568 0.697266 0.118490 0.134115
0 0.517578 0.468750 0.134115 0.122396
0 0.798177 0.101562 0.179688 0.138021
0 0.756510 0.024089 0.169271 0.045573
0 0.513021 0.366536 0.135417 0.074219
0 0.171875 0.307292 0.156250 0.143229
0 0.983073 0.805990 0.033854 0.057292
0 0.370443 0.117839 0.136719 0.095052
0 0.729818 0.660156 0.188802 0.125000
0 0.238932 0.960286 0.131510 0.079427
0 0.445964 0.040365 0.118490 0.078125
0 0.557292 0.035156 0.109375 0.067708
0 0.973307 0.754557 0.053385 0.055990
0 0.958333 0.673828 0.083333 0.105469
0 0.944010 0.035156 0.111979 0.067708
0 0.509115 0.667318 0.096354 0.089844
0 0.492839 0.754557 0.131510 0.082031
