0 0.759766 0.617188 0.109375 0.097656
0 0.462891 0.247070 0.144531 0.099609
0 0.276367 0.562988 0.087891 0.112305
0 0.910156 0.499023 0.089844 0.097656
0 0.636230 0.249512 0.067383 0.065430
0 0.340820 0.646973 0.140625 0.135742
0 0.174805 0.467285 0.076172 0.086914
0 0.477539 0.532715 0.087891 0.096680
0 0.612793 0.385254 0.120117 0.077148
0 0.753906 0.694336 0.101562 0.056641
0 0.223145 0.503906 0.079102 0.083984
0 0.927734 0.041016 0.144531 0.080078
0 0.434082 0.707520 0.096680 0.088867
0 0.521973 0.594238 0.067383 0.079102
0 0.443848 0.358398 0.108398 0.056641
0 0.488281 0.740723 0.074219 0.094727
0 0.113770 0.195312 0.086914 0.070312
0 0.029785 0.302734 0.057617 0.097656
0 0.253906 0.108887 0.117188 0.116211
0 0.601074 0.510254 0.114258 0.079102
0 0.437988 0.414062 0.112305 0.058594
0 0.868164 0.412109 0.099609 0.093750
0 0.959473 0.895020 0.081055 0.120117
0 0.952148 0.709961 0.095703 0.097656
0 0.210938 0.307617 0.091797 0.089844
0 0.223145 0.913086 0.053711 0.068359
0 0.567383 0.260254 0.066406 0.098633
0 0.606934 0.446289 0.110352 0.048828
0 0.114258 0.410156 0.093750 0.101562
0 0.419922 0.490723 0.080078 0.084961
0 0.573242 0.972656 0.113281 0.054688
0 0.279297 0.782227 0.087891 0.074219
0 0.944824 0.602539 0.108398 0.115234
0 0.541504 0.915527 0.166992 0.067383
0 0.853516 0.332520 0.091797 0.086914
0 0.565430 0.094238 0.058594 0.098633
0 0.765625 0.791992 0.134766 0.134766
0 0.639160 0.100586 0.090820 0.093750
0 0.056641 0.070801 0.097656 0.118164
0 0.779785 0.144043 0.104492 0.110352
0 0.527344 0.772461 0.072266 0.089844
0 0.498535 0.079590 0.075195 0.124023
0 0.280762 0.367188 0.104492 0.101562
0 0.958984 0.182129 0.082031 0.106445
0 0.061035 0.747070 0.120117 0.140625
0 0.162109 0.153320 0.078125 0.074219
0 0.763184 0.472656 0.094727 0.044922
0 0.759766 0.527832 0.097656 0.067383
0 0.787109 0.242676 0.123047 0.090820
0 0.591797 0.845703 0.085938 0.087891
0 0.603027 0.662598 0.098633 0.079102
0 0.751953 0.937500 0.134766 0.125000
0 0.562988 0.810059 0.075195 0.090820
0 0.604980 0.585449 0.100586 0.071289
0 0.958984 0.185059 0.082031 0.081055
0 0.118652 0.012207 0.083008 0.022461
0 0.311523 0.186523 0.074219 0.074219
0 0.762695 0.375488 0.097656 0.151367
0 0.959473 0.792969 0.081055 0.074219
0 0.226074 0.733398 0.094727 0.080078
0 0.277832 0.876465 0.063477 0.073242
0 0.974609 0.264160 0.050781 0.073242
0 0.068359 0.601074 0.126953 0.151367
0 0.635742 0.027832 0.103516 0.053711
0 0.354980 0.018555 0.124023 0.035156
0 0.307129 0.269043 0.084961 0.100586
0 0.440430 0.104980 0.060547 0.077148
0 0.375977 0.108887 0.074219 0.075195
0 0.619629 0.311523 0.100586 0.064453
0 0.063477 0.365234 0.076172 0.058594
