0 0.660807 0.661458 0.128906 0.187500
0 0.268229 0.695312 0.132812 0.151042
0 0.050781 0.823568 0.098958 0.115885
0 0.188151 0.306641 0.128906 0.128906
0 0.420573 0.040365 0.130208 0.078125
0 0.457031 0.427083 0.151042 0.093750
0 0.654297 0.499349 0.108073 0.136719
0 0.380859 0.762370 0.149740 0.128906
0 0.313802 0.943359 0.127604 0.113281
0 0.299479 0.321615 0.122396 0.117188
0 0.474609 0.503906 0.126302 0.067708
0 0.905599 0.530599 0.128906 0.102865
0 0.155599 0.651042 0.115885 0.119792
0 0.173177 0.886719 0.179688 0.151042
0 0.044922 0.539062 0.087240 0.216146
0 0.083333 0.623047 0.067708 0.110677
0 0.469401 0.800781 0.084635 0.101562
0 0.643880 0.264974 0.173177 0.175781
0 0.531250 0.785156 0.096354 0.182292
0 0.432943 0.333333 0.183594 0.098958
0 0.925130 0.120443 0.149740 0.194010
0 0.614583 0.026042 0.143229 0.049479
0 0.705729 0.848958 0.177083 0.187500
0 0.941406 0.788411 0.117188 0.110677
0 0.151042 0.149089 0.169271 0.110677
0 0.862630 0.894531 0.160156 0.158854
0 0.414062 0.966146 0.093750 0.067708
0 0.168620 0.059245 0.154948 0.089844
0 0.972656 0.901693 0.054688 0.118490
0 0.838542 0.609375 0.171875 0.138021
0 0.840495 0.294922 0.253906 0.157552
0 0.423177 0.121094 0.164062 0.088542
0 0.103516 0.970052 0.134115 0.059896
0 0.498698 0.645182 0.119792 0.110677
0 0.792969 0.699219 0.127604 0.085938
0 0.971354 0.710938 0.057292 0.138021
0 0.067057 0.340495 0.131510 0.238281
0 0.944010 0.415365 0.111979 0.184896
0 0.488932 0.565104 0.121094 0.062500
0 0.424479 0.213542 0.164062 0.091146
0 0.179036 0.013672 0.134115 0.024740
0 0.481771 0.977865 0.083333 0.044271
0 0.684245 0.104167 0.277344 0.101562
0 0.646484 0.391276 0.118490 0.071615
