0 0.797852 0.255859 0.128906 0.167969
0 0.756836 0.126953 0.117188 0.140625
0 0.152832 0.094238 0.114258 0.145508
0 0.364258 0.782227 0.125000 0.121094
0 0.554688 0.422852 0.105469 0.146484
0 0.501465 0.270996 0.124023 0.204102
0 0.271973 0.425293 0.090820 0.131836
0 0.448242 0.123535 0.119141 0.149414
0 0.197754 0.264160 0.129883 0.147461
0 0.309570 0.563477 0.097656 0.085938
0 0.848145 0.384766 0.116211 0.130859
0 0.050293 0.268555 0.098633 0.111328
0 0.252441 0.806641 0.106445 0.093750
0 0.599609 0.557617 0.109375 0.166016
0 0.177246 0.558105 0.081055 0.094727
0 0.884766 0.485352 0.121094 0.130859
0 0.163574 0.836426 0.118164 0.084961
0 0.060059 0.860840 0.098633 0.075195
0 0.327148 0.632812 0.103516 0.070312
0 0.715820 0.039062 0.123047 0.076172
0 0.407715 0.041992 0.133789 0.082031
0 0.133301 0.456055 0.108398 0.113281
0 0.700684 0.849121 0.141602 0.182617
0 0.226562 0.642578 0.103516 0.097656
0 0.077148 0.664062 0.080078 0.054688
0 0.061523 0.609863 0.076172 0.071289
0 0.437012 0.907715 0.079102 0.081055
0 0.030273 0.507324 0.058594 0.098633
0 0.140625 0.959473 0.119141 0.081055
0 0.105957 0.709473 0.069336 0.063477
0 0.098633 0.379883 0.087891 0.060547
0 0.080566 0.338867 0.081055 0.064453
0 0.828613 0.702148 0.155273 0.078125
0 0.019531 0.149414 0.037109 0.119141
0 0.966797 0.770508 0.066406 0.244141
0 0.449219 0.969727 0.095703 0.060547
0 0.744629 0.948242 0.145508 0.103516
