0 0.234375 0.302734 0.109375 0.072266
0 0.387370 0.399414 0.095052 0.068359
0 0.297526 0.352051 0.115885 0.081055
0 0.354818 0.782227 0.246094 0.197266
0 0.504557 0.480469 0.097656 0.072266
0 0.841797 0.386230 0.123698 0.098633
0 0.218750 0.630371 0.130208 0.100586
0 0.431641 0.438965 0.100260 0.075195
0 0.238281 0.964844 0.158854 0.070312
0 0.880859 0.310059 0.123698 0.098633
0 0.774089 0.303223 0.113281 0.092773
0 0.692057 0.280273 0.123698 0.107422
0 0.628906 0.225586 0.151042 0.099609
0 0.529948 0.167969 0.151042 0.099609
0 0.622396 0.072266 0.166667 0.142578
0 0.940104 0.044922 0.119792 0.087891
0 0.552734 0.533203 0.097656 0.072266
0 0.621745 0.569336 0.097656 0.072266
0 0.694661 0.628418 0.115885 0.096680
0 0.212891 0.513672 0.149740 0.113281
0 0.069010 0.890137 0.104167 0.077148
0 0.023438 0.865723 0.044271 0.077148
0 0.063151 0.306641 0.110677 0.078125
0 0.047526 0.221680 0.092448 0.091797
0 0.083984 0.141602 0.126302 0.093750
0 0.164062 0.193848 0.091146 0.096680
0 0.026042 0.087891 0.049479 0.085938
0 0.740234 0.912109 0.207031 0.173828
0 0.887370 0.774902 0.178385 0.168945
0 0.958984 0.671875 0.082031 0.095703
