0 0.756836 0.376953 0.117188 0.140625
0 0.797852 0.505859 0.128906 0.167969
0 0.152832 0.344238 0.114258 0.145508
0 0.713867 0.255859 0.119141 0.144531
0 0.548340 0.669922 0.120117 0.150391
0 0.505371 0.511230 0.129883 0.188477
0 0.448730 0.373047 0.118164 0.150391
0 0.271973 0.675781 0.090820 0.132812
0 0.672852 0.136230 0.117188 0.131836
0 0.197266 0.514648 0.130859 0.148438
0 0.050781 0.518555 0.099609 0.111328
0 0.848145 0.634766 0.116211 0.130859
0 0.309570 0.813477 0.097656 0.085938
0 0.598633 0.802734 0.128906 0.173828
0 0.177734 0.808105 0.080078 0.094727
0 0.884766 0.735352 0.121094 0.130859
0 0.398926 0.236328 0.145508 0.205078
0 0.327148 0.882324 0.103516 0.069336
0 0.636719 0.044922 0.117188 0.087891
0 0.133789 0.706543 0.107422 0.114258
0 0.078125 0.913574 0.078125 0.055664
0 0.030273 0.757812 0.058594 0.099609
0 0.061523 0.151855 0.121094 0.075195
0 0.062012 0.860352 0.077148 0.070312
0 0.226562 0.891602 0.101562 0.095703
0 0.057129 0.075684 0.112305 0.077148
0 0.099121 0.630371 0.084961 0.059570
0 0.826172 0.957520 0.154297 0.084961
0 0.106934 0.958496 0.067383 0.059570
0 0.362793 0.980469 0.102539 0.039062
0 0.081055 0.588867 0.080078 0.064453
0 0.019531 0.398926 0.037109 0.118164
0 0.953125 0.948242 0.093750 0.101562
