0 0.880371 0.651367 0.114258 0.064453
0 0.644531 0.078613 0.078125 0.106445
0 0.565430 0.081543 0.080078 0.102539
0 0.204102 0.613770 0.113281 0.137695
0 0.404297 0.249023 0.089844 0.089844
0 0.860840 0.237305 0.124023 0.089844
0 0.726074 0.077637 0.084961 0.106445
0 0.483887 0.081055 0.081055 0.103516
0 0.217773 0.774414 0.130859 0.083984
0 0.884277 0.729492 0.110352 0.099609
0 0.164062 0.155273 0.128906 0.109375
0 0.957031 0.069824 0.085938 0.112305
0 0.877441 0.571777 0.112305 0.084961
0 0.859375 0.076172 0.097656 0.095703
0 0.776367 0.243652 0.042969 0.084961
0 0.438965 0.470703 0.127930 0.087891
0 0.179688 0.304199 0.119141 0.077148
0 0.413574 0.385742 0.092773 0.078125
0 0.872559 0.315430 0.096680 0.066406
0 0.875000 0.870117 0.128906 0.095703
0 0.403809 0.321289 0.075195 0.048828
0 0.873535 0.381836 0.102539 0.066406
0 0.231445 0.913086 0.111328 0.087891
0 0.876953 0.440918 0.101562 0.051758
0 0.622559 0.254883 0.083008 0.107422
0 0.490234 0.235840 0.080078 0.075195
0 0.882324 0.496094 0.098633 0.062500
0 0.023926 0.658691 0.045898 0.122070
0 0.128418 0.628906 0.061523 0.115234
0 0.073730 0.643066 0.073242 0.118164
0 0.889160 0.940430 0.102539 0.048828
0 0.384766 0.091309 0.117188 0.084961
0 0.235840 0.846191 0.094727 0.047852
0 0.188477 0.430664 0.138672 0.072266
0 0.697754 0.248535 0.069336 0.100586
0 0.147461 0.057129 0.130859 0.081055
0 0.736816 0.246582 0.038086 0.088867
0 0.792480 0.086426 0.049805 0.094727
0 0.020508 0.854980 0.039062 0.098633
0 0.182129 0.371582 0.133789 0.055664
0 0.230957 0.977539 0.118164 0.044922
0 0.066895 0.834473 0.067383 0.102539
0 0.209473 0.500488 0.102539 0.083008
0 0.177734 0.237305 0.117188 0.056641
0 0.728027 0.534180 0.104492 0.052734
0 0.890137 0.959961 0.102539 0.080078
0 0.560547 0.230957 0.060547 0.063477
0 0.790527 0.717773 0.075195 0.091797
0 0.436523 0.556641 0.123047 0.074219
0 0.891113 0.982422 0.102539 0.035156
0 0.132812 0.830078 0.074219 0.091797
0 0.689453 0.243652 0.054688 0.096680
0 0.493164 0.380859 0.062500 0.085938
0 0.356445 0.023438 0.085938 0.044922
0 0.710938 0.648926 0.066406 0.071289
0 0.892090 0.801758 0.100586 0.048828
0 0.020020 0.928711 0.038086 0.054688
0 0.043945 0.972168 0.085938 0.055664
0 0.472656 0.635254 0.166016 0.098633
