0 0.425293 0.399740 0.075195 0.091146
0 0.200684 0.565755 0.090820 0.121094
0 0.114746 0.518229 0.088867 0.119792
0 0.479980 0.460938 0.083008 0.111979
0 0.541504 0.531901 0.077148 0.092448
0 0.899414 0.458984 0.087891 0.183594
0 0.397461 0.680339 0.126953 0.165365
0 0.630371 0.636068 0.075195 0.092448
0 0.582031 0.601562 0.078125 0.096354
0 0.050781 0.455729 0.072266 0.101562
0 0.937988 0.959635 0.090820 0.080729
0 0.974121 0.901693 0.051758 0.126302
0 0.411133 0.826172 0.103516 0.141927
0 0.470703 0.948568 0.089844 0.102865
0 0.715332 0.758464 0.075195 0.092448
0 0.668457 0.711589 0.075195 0.092448
0 0.771973 0.838542 0.090820 0.098958
0 0.031250 0.924479 0.060547 0.111979
0 0.213867 0.371094 0.085938 0.104167
0 0.300293 0.406901 0.084961 0.123698
0 0.278809 0.287109 0.084961 0.123698
0 0.312988 0.189453 0.084961 0.123698
0 0.372559 0.251953 0.084961 0.123698
0 0.232422 0.085286 0.123047 0.167969
0 0.037598 0.060547 0.073242 0.118490
0 0.825684 0.397786 0.073242 0.123698
0 0.765137 0.363281 0.075195 0.158854
0 0.710938 0.293620 0.068359 0.128906
0 0.647949 0.225260 0.114258 0.158854
0 0.716309 0.082031 0.094727 0.161458
0 0.963379 0.053385 0.073242 0.104167
0 0.123047 0.021484 0.091797 0.040365
