0 0.422363 0.401042 0.077148 0.091146
0 0.201660 0.559896 0.096680 0.132812
0 0.111816 0.514323 0.094727 0.127604
0 0.477051 0.459635 0.079102 0.104167
0 0.539551 0.533854 0.077148 0.093750
0 0.882324 0.505859 0.094727 0.141927
0 0.399414 0.680990 0.125000 0.164062
0 0.625000 0.644531 0.074219 0.096354
0 0.577148 0.589844 0.078125 0.096354
0 0.048340 0.460286 0.088867 0.115885
0 0.718750 0.089844 0.107422 0.177083
0 0.913574 0.402995 0.094727 0.141927
0 0.829590 0.401693 0.079102 0.131510
0 0.765625 0.376302 0.083984 0.138021
0 0.732910 0.298177 0.100586 0.117188
0 0.646484 0.235677 0.128906 0.151042
0 0.035156 0.927083 0.068359 0.140625
0 0.416504 0.833984 0.116211 0.157552
0 0.476562 0.947917 0.105469 0.104167
0 0.298828 0.409505 0.080078 0.113281
0 0.214844 0.370443 0.080078 0.113281
0 0.282227 0.292318 0.080078 0.113281
0 0.316406 0.184245 0.080078 0.113281
0 0.365234 0.254557 0.080078 0.113281
0 0.228027 0.080729 0.120117 0.158854
0 0.039062 0.061849 0.076172 0.121094
0 0.666992 0.712240 0.074219 0.096354
0 0.712891 0.757812 0.074219 0.096354
0 0.776855 0.840495 0.088867 0.110677
0 0.944336 0.958984 0.083984 0.082031
0 0.977539 0.891276 0.044922 0.136719
0 0.957031 0.061198 0.085938 0.119792
