0 0.660807 0.661458 0.128906 0.187500
0 0.268229 0.695312 0.132812 0.151042
0 0.050781 0.823568 0.098958 0.115885
0 0.188802 0.308594 0.114583 0.125000
0 0.420573 0.040365 0.130208 0.078125
0 0.457031 0.427083 0.151042 0.093750
0 0.654297 0.499349 0.108073 0.136719
0 0.380859 0.762370 0.149740 0.128906
0 0.313802 0.943359 0.127604 0.113281
0 0.301432 0.324870 0.095052 0.113281
0 0.474609 0.503906 0.126302 0.067708
0 0.905599 0.530599 0.128906 0.102865
0 0.155599 0.651042 0.115885 0.119792
0 0.173177 0.886719 0.179688 0.151042
0 0.044922 0.539062 0.087240 0.216146
0 0.080729 0.619141 0.078125 0.118490
0 0.469401 0.800781 0.084635 0.101562
0 0.643880 0.264974 0.173177 0.175781
0 0.531250 0.785156 0.096354 0.182292
0 0.432943 0.333333 0.183594 0.098958
0 0.925130 0.132161 0.149740 0.194010
0 0.614583 0.026042 0.143229 0.049479
0 0.705729 0.848958 0.177083 0.187500
0 0.941406 0.788411 0.117188 0.110677
0 0.144531 0.143880 0.148438 0.092448
0 0.862630 0.894531 0.160156 0.158854
0 0.402344 0.966146 0.101562 0.067708
0 0.174479 0.063151 0.145833 0.069010
0 0.972656 0.901693 0.054688 0.118490
0 0.838542 0.609375 0.171875 0.138021
0 0.840495 0.294922 0.253906 0.157552
0 0.424479 0.214193 0.190104 0.084635
0 0.103516 0.970052 0.134115 0.059896
0 0.498698 0.645182 0.119792 0.110677
0 0.792969 0.699219 0.127604 0.085938
0 0.971354 0.710938 0.057292 0.138021
0 0.067057 0.340495 0.131510 0.238281
0 0.944010 0.427083 0.111979 0.161458
0 0.488932 0.565104 0.121094 0.062500
0 0.430339 0.119792 0.165365 0.096354
0 0.179036 0.013672 0.134115 0.024740
0 0.490885 0.974609 0.080729 0.050781
0 0.693359 0.110026 0.272135 0.115885
