0 0.300293 0.625977 0.081055 0.134766
0 0.315430 0.305664 0.089844 0.117188
0 0.433105 0.437988 0.108398 0.133789
0 0.317383 0.188477 0.087891 0.115234
0 0.441895 0.310547 0.090820 0.113281
0 0.551270 0.607422 0.170898 0.074219
0 0.150879 0.774902 0.125977 0.098633
0 0.173340 0.436523 0.112305 0.107422
0 0.322266 0.431641 0.111328 0.134766
0 0.678711 0.770020 0.353516 0.202148
0 0.826660 0.465332 0.155273 0.081055
0 0.164062 0.604492 0.109375 0.103516
0 0.583008 0.290527 0.093750 0.057617
0 0.179688 0.165039 0.103516 0.050781
0 0.686523 0.452637 0.123047 0.092773
0 0.180664 0.112793 0.107422 0.055664
0 0.808105 0.625488 0.145508 0.086914
0 0.324707 0.071777 0.092773 0.112305
0 0.069336 0.590332 0.082031 0.077148
0 0.152832 0.692871 0.125977 0.069336
0 0.170898 0.288574 0.117188 0.053711
0 0.374023 0.616211 0.064453 0.113281
0 0.448242 0.195312 0.085938 0.113281
0 0.436523 0.619141 0.062500 0.113281
0 0.186523 0.052734 0.105469 0.060547
0 0.453613 0.079102 0.090820 0.119141
0 0.174805 0.228027 0.107422 0.073242
0 0.326660 0.953125 0.165039 0.093750
0 0.119141 0.913086 0.177734 0.171875
0 0.301270 0.738770 0.083008 0.077148
0 0.171387 0.348633 0.112305 0.068359
0 0.845703 0.387207 0.123047 0.069336
0 0.580078 0.350586 0.091797 0.064453
0 0.334473 0.841309 0.174805 0.129883
0 0.604004 0.037109 0.112305 0.056641
0 0.073730 0.438965 0.079102 0.081055
0 0.490234 0.891113 0.125000 0.104492
0 0.585938 0.238770 0.093750 0.049805
0 0.724609 0.295410 0.070312 0.129883
0 0.975098 0.618164 0.049805 0.072266
0 0.969727 0.751465 0.060547 0.086914
0 0.595703 0.186523 0.107422 0.054688
0 0.862305 0.324219 0.132812 0.062500
0 0.015625 0.592285 0.029297 0.088867
0 0.971680 0.680664 0.056641 0.054688
0 0.866699 0.258789 0.131836 0.070312
0 0.882812 0.192871 0.115234 0.059570
0 0.570312 0.459473 0.099609 0.061523
0 0.889160 0.128906 0.112305 0.062500
0 0.600586 0.138672 0.115234 0.050781
0 0.602539 0.088867 0.113281 0.054688
0 0.967285 0.820312 0.065430 0.050781
0 0.017578 0.437988 0.033203 0.077148
0 0.569336 0.402344 0.078125 0.044922
0 0.981934 0.479004 0.036133 0.081055
0 0.187988 0.012695 0.100586 0.023438
0 0.967773 0.873535 0.064453 0.059570
0 0.898926 0.016113 0.116211 0.030273
0 0.985840 0.400879 0.028320 0.073242
0 0.895508 0.063965 0.115234 0.067383
0 0.861328 0.942871 0.126953 0.114258
0 0.076660 0.018066 0.073242 0.034180
0 0.758789 0.087402 0.091797 0.172852
0 0.990234 0.288086 0.019531 0.056641
0 0.989258 0.339844 0.021484 0.056641
0 0.968750 0.547852 0.062500 0.068359
0 0.462891 0.010742 0.074219 0.019531
0 0.328613 0.008301 0.081055 0.014648
0 0.992188 0.233887 0.015625 0.065430
0 0.051270 0.348145 0.100586 0.065430
