0 0.347168 0.330566 0.116211 0.127930
0 0.455566 0.329102 0.098633 0.134766
0 0.609863 0.309082 0.112305 0.094727
0 0.317383 0.687988 0.087891 0.114258
0 0.334961 0.452637 0.101562 0.112305
0 0.315918 0.805176 0.090820 0.116211
0 0.441895 0.810059 0.090820 0.112305
0 0.432129 0.933594 0.106445 0.126953
0 0.915527 0.321289 0.118164 0.128906
0 0.191406 0.327637 0.101562 0.096680
0 0.192383 0.477051 0.095703 0.086914
0 0.179688 0.665039 0.103516 0.050781
0 0.687500 0.952148 0.121094 0.091797
0 0.583008 0.790527 0.093750 0.057617
0 0.180664 0.612793 0.107422 0.055664
0 0.324219 0.570312 0.089844 0.115234
0 0.197754 0.157227 0.110352 0.103516
0 0.824219 0.303223 0.064453 0.092773
0 0.454102 0.576660 0.089844 0.120117
0 0.460938 0.456543 0.091797 0.114258
0 0.698730 0.300781 0.065430 0.091797
0 0.448242 0.694824 0.085938 0.112305
0 0.826172 0.961426 0.154297 0.075195
0 0.109375 0.157227 0.074219 0.103516
0 0.605469 0.537109 0.115234 0.056641
0 0.171387 0.788574 0.118164 0.053711
0 0.171387 0.936035 0.110352 0.106445
0 0.335449 0.159668 0.069336 0.092773
0 0.174805 0.727539 0.107422 0.072266
0 0.321289 0.931152 0.111328 0.131836
0 0.185059 0.552734 0.106445 0.064453
0 0.193359 0.404785 0.097656 0.057617
0 0.761719 0.305664 0.062500 0.089844
0 0.845703 0.887207 0.123047 0.069336
0 0.343750 0.075684 0.078125 0.065430
0 0.211914 0.062988 0.089844 0.083008
0 0.578613 0.850098 0.088867 0.065430
0 0.171387 0.848145 0.112305 0.067383
0 0.466797 0.150391 0.093750 0.115234
0 0.604004 0.387207 0.108398 0.053711
0 0.585938 0.738770 0.093750 0.049805
0 0.569824 0.961914 0.094727 0.066406
0 0.070312 0.318359 0.044922 0.080078
0 0.118164 0.316895 0.054688 0.079102
0 0.035645 0.167480 0.069336 0.086914
0 0.348145 0.022949 0.081055 0.043945
0 0.608398 0.435547 0.113281 0.048828
0 0.024414 0.317871 0.046875 0.079102
0 0.595703 0.686523 0.107422 0.054688
0 0.074219 0.939453 0.080078 0.080078
0 0.396484 0.165039 0.052734 0.085938
0 0.608398 0.482910 0.115234 0.053711
0 0.859375 0.824219 0.132812 0.064453
0 0.723633 0.795410 0.070312 0.129883
0 0.602539 0.588867 0.115234 0.054688
0 0.897949 0.482910 0.118164 0.094727
0 0.883789 0.692871 0.115234 0.059570
0 0.600586 0.638672 0.115234 0.052734
0 0.905762 0.411621 0.112305 0.049805
0 0.866211 0.758789 0.130859 0.070312
0 0.889160 0.628906 0.112305 0.062500
0 0.569336 0.901855 0.078125 0.045898
0 0.437012 0.046875 0.088867 0.091797
0 0.017578 0.937500 0.033203 0.076172
0 0.983398 0.969727 0.033203 0.060547
0 0.894531 0.563477 0.115234 0.066406
0 0.985840 0.900879 0.028320 0.073242
0 0.990234 0.788086 0.019531 0.056641
0 0.989258 0.839844 0.021484 0.056641
0 0.197754 0.010254 0.112305 0.018555
0 0.051758 0.857422 0.101562 0.070312
0 0.765137 0.555664 0.094727 0.228516
