0 0.485840 0.356120 0.174805 0.199219
0 0.607910 0.587891 0.241211 0.337240
0 0.354492 0.236979 0.154297 0.153646
0 0.063477 0.290365 0.125000 0.268229
0 0.230469 0.121094 0.162109 0.231771
0 0.106445 0.460286 0.199219 0.272135
0 0.171387 0.574219 0.225586 0.190104
0 0.222168 0.701823 0.233398 0.265625
0 0.721680 0.807292 0.189453 0.208333
0 0.816895 0.498047 0.221680 0.311198
0 0.351562 0.921875 0.212891 0.156250
0 0.286133 0.829427 0.208984 0.200521
0 0.340820 0.039062 0.115234 0.075521
0 0.481445 0.054688 0.162109 0.106771
0 0.743652 0.070312 0.110352 0.138021
0 0.799316 0.926432 0.133789 0.147135
