0 0.916016 0.707031 0.138672 0.104167
0 0.335938 0.548177 0.105469 0.169271
0 0.769531 0.503906 0.078125 0.104167
0 0.592285 0.318359 0.065430 0.115885
0 0.191406 0.568359 0.091797 0.089844
0 0.913086 0.524740 0.111328 0.104167
0 0.614258 0.692057 0.103516 0.147135
0 0.891602 0.853516 0.103516 0.069010
0 0.762695 0.701823 0.058594 0.135417
0 0.921387 0.374349 0.100586 0.069010
0 0.932129 0.244141 0.104492 0.079427
0 0.710449 0.334635 0.065430 0.114583
0 0.777832 0.335286 0.067383 0.095052
0 0.782715 0.416667 0.055664 0.070312
0 0.645996 0.483724 0.053711 0.123698
0 0.701172 0.487630 0.058594 0.118490
0 0.652344 0.324870 0.054688 0.115885
0 0.198242 0.406250 0.082031 0.080729
0 0.185547 0.651042 0.087891 0.085938
0 0.698730 0.684245 0.069336 0.110677
0 0.198730 0.483073 0.090820 0.085938
0 0.512207 0.114583 0.063477 0.125000
0 0.595215 0.474609 0.055664 0.128906
0 0.534668 0.309896 0.065430 0.119792
0 0.912598 0.440755 0.094727 0.071615
0 0.032715 0.668620 0.063477 0.152344
0 0.645996 0.134766 0.053711 0.118490
0 0.893555 0.787760 0.099609 0.067708
0 0.926758 0.313151 0.099609 0.061198
0 0.581055 0.125000 0.072266 0.119792
0 0.699219 0.139323 0.052734 0.125000
0 0.519043 0.477865 0.049805 0.111979
0 0.169434 0.872396 0.092773 0.078125
0 0.183594 0.727865 0.089844 0.072917
0 0.782227 0.149740 0.091797 0.101562
0 0.157227 0.939453 0.101562 0.066406
0 0.433105 0.406250 0.073242 0.078125
0 0.726562 0.847656 0.121094 0.153646
0 0.935059 0.170573 0.096680 0.072917
0 0.177734 0.327474 0.101562 0.100260
0 0.312012 0.927083 0.098633 0.080729
0 0.314941 0.854167 0.098633 0.072917
0 0.430176 0.901693 0.112305 0.110677
0 0.095215 0.182943 0.092773 0.102865
0 0.888184 0.924479 0.108398 0.072917
0 0.177734 0.800781 0.089844 0.072917
0 0.363281 0.317057 0.148438 0.154948
0 0.136719 0.231771 0.093750 0.093750
0 0.476562 0.449870 0.068359 0.092448
0 0.438477 0.716146 0.095703 0.138021
0 0.928223 0.096354 0.081055 0.078125
0 0.472168 0.290365 0.067383 0.091146
0 0.403320 0.636068 0.070312 0.084635
0 0.984375 0.520833 0.031250 0.114583
0 0.054199 0.128906 0.102539 0.101562
0 0.335449 0.094401 0.047852 0.126302
0 0.283691 0.087891 0.059570 0.118490
0 0.033691 0.069010 0.065430 0.111979
0 0.320312 0.777344 0.101562 0.080729
0 0.388672 0.100260 0.060547 0.122396
0 0.577148 0.908203 0.099609 0.165365
0 0.449219 0.103516 0.062500 0.128906
0 0.315918 0.684896 0.084961 0.096354
0 0.990723 0.728516 0.018555 0.141927
0 0.474121 0.313802 0.094727 0.143229
0 0.437500 0.818359 0.103516 0.061198
0 0.796875 0.068359 0.074219 0.066406
0 0.019043 0.466146 0.036133 0.145833
0 0.222656 0.067057 0.070312 0.095052
0 0.185547 0.026693 0.060547 0.050781
0 0.649902 0.970703 0.055664 0.058594
0 0.931641 0.028646 0.083984 0.054688
0 0.558105 0.479167 0.022461 0.111979
0 0.311523 0.983724 0.091797 0.032552
0 0.432129 0.978516 0.106445 0.042969
