0 0.401693 0.248047 0.214844 0.121094
0 0.654948 0.396484 0.161458 0.072266
0 0.311849 0.494629 0.147135 0.086914
0 0.868490 0.416016 0.119792 0.097656
0 0.377604 0.552246 0.140625 0.086914
0 0.612630 0.520020 0.087240 0.075195
0 0.630859 0.758301 0.123698 0.090820
0 0.774089 0.530273 0.108073 0.091797
0 0.560547 0.481934 0.084635 0.061523
0 0.771484 0.404297 0.076823 0.078125
0 0.683594 0.526855 0.080729 0.081055
0 0.250000 0.413574 0.135417 0.079102
0 0.366536 0.125488 0.092448 0.059570
0 0.689453 0.803223 0.134115 0.075195
0 0.565755 0.716309 0.154948 0.084961
0 0.681641 0.157715 0.300781 0.225586
0 0.504557 0.654785 0.147135 0.071289
0 0.126953 0.469238 0.162760 0.133789
0 0.439453 0.604492 0.157552 0.074219
0 0.481771 0.405762 0.179688 0.116211
0 0.847005 0.923828 0.121094 0.072266
0 0.791667 0.887695 0.125000 0.076172
0 0.741536 0.846191 0.128906 0.077148
0 0.915365 0.758301 0.083333 0.067383
0 0.546875 0.062500 0.156250 0.121094
0 0.880208 0.541504 0.106771 0.083008
0 0.903646 0.970703 0.151042 0.058594
0 0.079427 0.571777 0.145833 0.096680
0 0.962240 0.422852 0.072917 0.097656
0 0.966146 0.676270 0.067708 0.067383
0 0.839193 0.694824 0.191406 0.110352
0 0.550130 0.685547 0.108073 0.076172
0 0.966146 0.547852 0.067708 0.085938
0 0.897786 0.210449 0.092448 0.059570
0 0.958333 0.801270 0.083333 0.067383
0 0.052083 0.657715 0.101562 0.079102
0 0.037760 0.728516 0.072917 0.066406
0 0.026693 0.791016 0.050781 0.056641
