0 0.420410 0.759277 0.114258 0.114258
0 0.733398 0.800293 0.144531 0.147461
0 0.547363 0.726074 0.094727 0.069336
0 0.871582 0.749023 0.096680 0.070312
0 0.170410 0.753418 0.088867 0.108398
0 0.442383 0.152344 0.154297 0.160156
0 0.879395 0.810547 0.114258 0.050781
0 0.392090 0.305664 0.129883 0.144531
0 0.648926 0.091309 0.133789 0.135742
0 0.574219 0.856934 0.109375 0.071289
0 0.743652 0.937012 0.092773 0.112305
0 0.860840 0.141113 0.096680 0.108398
0 0.090332 0.419434 0.081055 0.114258
0 0.199707 0.294434 0.086914 0.110352
0 0.916992 0.397949 0.097656 0.100586
0 0.826172 0.242676 0.082031 0.104492
0 0.881836 0.869141 0.117188 0.062500
0 0.271484 0.400879 0.085938 0.065430
0 0.135742 0.850586 0.082031 0.082031
0 0.445801 0.430176 0.079102 0.088867
0 0.354004 0.946289 0.084961 0.072266
0 0.250000 0.462891 0.087891 0.062500
0 0.570801 0.468750 0.069336 0.101562
0 0.090820 0.279785 0.072266 0.075195
0 0.151367 0.924316 0.093750 0.065430
0 0.767090 0.109375 0.077148 0.087891
0 0.777832 0.472168 0.106445 0.118164
0 0.254395 0.072754 0.083008 0.094727
0 0.937988 0.312988 0.100586 0.073242
0 0.224609 0.531738 0.089844 0.075195
0 0.246582 0.637207 0.075195 0.131836
0 0.878906 0.927734 0.111328 0.054688
0 0.180664 0.594727 0.068359 0.064453
0 0.509277 0.315430 0.096680 0.070312
0 0.090820 0.747559 0.076172 0.125977
0 0.456543 0.862793 0.083008 0.077148
0 0.537598 0.624023 0.051758 0.078125
0 0.416504 0.500488 0.073242 0.063477
0 0.487793 0.549316 0.071289 0.081055
0 0.033203 0.940430 0.064453 0.082031
0 0.243652 0.900391 0.069336 0.074219
0 0.725098 0.263672 0.086914 0.164062
0 0.805176 0.358398 0.096680 0.115234
0 0.259766 0.143066 0.080078 0.043945
0 0.386230 0.873535 0.061523 0.059570
0 0.959473 0.157227 0.081055 0.185547
0 0.458984 0.649902 0.099609 0.067383
0 0.515625 0.452637 0.052734 0.084961
0 0.630859 0.366699 0.048828 0.073242
0 0.034668 0.870605 0.065430 0.055664
0 0.682129 0.432617 0.077148 0.171875
0 0.087402 0.078125 0.049805 0.039062
0 0.180176 0.128906 0.057617 0.041016
0 0.898926 0.492676 0.100586 0.088867
0 0.121094 0.125977 0.058594 0.046875
0 0.384277 0.571777 0.096680 0.065430
0 0.760254 0.629883 0.127930 0.187500
0 0.577637 0.361328 0.057617 0.091797
0 0.348145 0.424805 0.061523 0.082031
0 0.242188 0.821289 0.072266 0.078125
0 0.182129 0.185059 0.081055 0.067383
0 0.579102 0.930176 0.121094 0.051758
0 0.040039 0.378418 0.052734 0.053711
0 0.266113 0.954102 0.073242 0.041016
0 0.150879 0.977539 0.104492 0.044922
0 0.875977 0.978027 0.121094 0.043945
0 0.568359 0.975586 0.121094 0.048828
0 0.147461 0.066895 0.072266 0.067383
0 0.144043 0.647949 0.061523 0.061523
0 0.316895 0.801270 0.069336 0.057617
0 0.486328 0.371582 0.091797 0.051758
0 0.379395 0.672363 0.051758 0.057617
0 0.032227 0.044434 0.062500 0.079102
0 0.083984 0.191895 0.095703 0.088867
0 0.099609 0.528320 0.134766 0.080078
0 0.316895 0.679199 0.071289 0.059570
0 0.028320 0.131348 0.054688 0.096680
0 0.047363 0.670410 0.090820 0.049805
0 0.313477 0.743652 0.095703 0.073242
0 0.333008 0.628906 0.058594 0.044922
0 0.816406 0.328613 0.083984 0.065430
0 0.428223 0.644043 0.043945 0.057617
0 0.263672 0.229004 0.076172 0.131836
0 0.059082 0.599121 0.114258 0.090820
0 0.022461 0.277344 0.042969 0.083984
0 0.291016 0.855957 0.039062 0.051758
0 0.208008 0.715820 0.048828 0.060547
0 0.020996 0.259766 0.040039 0.048828
0 0.031250 0.055176 0.060547 0.055664
0 0.395508 0.027344 0.083984 0.052734
0 0.075195 0.123535 0.039062 0.049805
0 0.798340 0.385254 0.088867 0.065430
0 0.315430 0.511230 0.070312 0.118164
0 0.263184 0.986328 0.073242 0.027344
0 0.140625 0.052734 0.087891 0.093750
0 0.135254 0.026855 0.104492 0.051758
0 0.301270 0.535645 0.049805 0.067383
0 0.949707 0.268066 0.100586 0.040039
0 0.915039 0.576660 0.169922 0.071289
