0 0.488932 0.570801 0.113281 0.081055
0 0.581380 0.232422 0.147135 0.095703
0 0.487630 0.270996 0.128906 0.108398
0 0.790365 0.376465 0.145833 0.104492
0 0.464844 0.417969 0.109375 0.091797
0 0.695964 0.306152 0.141927 0.116211
0 0.595052 0.355469 0.119792 0.093750
0 0.699870 0.566895 0.100260 0.086914
0 0.864583 0.483887 0.091146 0.088867
0 0.094401 0.542969 0.110677 0.099609
0 0.402344 0.192383 0.135417 0.074219
0 0.410807 0.492188 0.149740 0.083984
0 0.294922 0.234863 0.152344 0.079102
0 0.554688 0.503906 0.101562 0.101562
0 0.759115 0.654785 0.122396 0.084961
0 0.235026 0.687500 0.110677 0.093750
0 0.351562 0.443359 0.096354 0.076172
0 0.557943 0.134766 0.097656 0.117188
0 0.406901 0.602051 0.108073 0.100586
0 0.822917 0.743164 0.111979 0.089844
0 0.113281 0.301758 0.098958 0.068359
0 0.755208 0.536133 0.083333 0.093750
0 0.384766 0.097656 0.092448 0.060547
0 0.620443 0.478516 0.092448 0.093750
0 0.651042 0.605469 0.098958 0.099609
0 0.475260 0.153809 0.101562 0.077148
0 0.145182 0.110352 0.110677 0.062500
0 0.703776 0.432129 0.087240 0.088867
0 0.429036 0.055176 0.089844 0.102539
0 0.811198 0.509766 0.075521 0.097656
0 0.304036 0.967285 0.199219 0.065430
0 0.287760 0.127441 0.122396 0.083008
0 0.899740 0.685059 0.088542 0.098633
0 0.895182 0.205078 0.084635 0.068359
0 0.249349 0.345215 0.089844 0.053711
0 0.831380 0.081543 0.337240 0.161133
0 0.478516 0.038086 0.087240 0.074219
0 0.779297 0.701172 0.095052 0.068359
0 0.347005 0.292969 0.097656 0.062500
0 0.181641 0.272949 0.102865 0.067383
0 0.193359 0.726562 0.084635 0.072266
0 0.197917 0.165527 0.125000 0.090820
0 0.931641 0.329590 0.082031 0.069336
0 0.116536 0.074219 0.105469 0.064453
0 0.377604 0.347656 0.085938 0.060547
0 0.665365 0.456543 0.070312 0.079102
0 0.837240 0.231445 0.070312 0.068359
0 0.109375 0.960938 0.111979 0.078125
0 0.880859 0.357910 0.082031 0.071289
0 0.369141 0.632812 0.079427 0.066406
0 0.162760 0.522461 0.070312 0.105469
0 0.180990 0.398926 0.070312 0.084961
0 0.951823 0.661621 0.080729 0.081055
0 0.053385 0.174805 0.083333 0.060547
0 0.225911 0.385742 0.074219 0.091797
0 0.042969 0.329590 0.080729 0.088867
0 0.147135 0.608398 0.104167 0.042969
0 0.936849 0.556641 0.097656 0.085938
0 0.888021 0.872070 0.106771 0.150391
0 0.556641 0.801758 0.553385 0.396484
0 0.198568 0.496094 0.066406 0.074219
0 0.083333 0.427734 0.151042 0.107422
0 0.306641 0.385742 0.076823 0.052734
0 0.089193 0.836426 0.105469 0.075195
0 0.925130 0.802734 0.076823 0.074219
0 0.244141 0.471191 0.071615 0.063477
0 0.091797 0.037598 0.100260 0.063477
0 0.298177 0.454102 0.059896 0.068359
0 0.525391 0.393066 0.082031 0.088867
0 0.805339 0.752441 0.082031 0.073242
0 0.970703 0.789062 0.032552 0.080078
0 0.196615 0.841797 0.122396 0.107422
0 0.068359 0.726562 0.134115 0.111328
0 0.311849 0.658203 0.079427 0.066406
