0 0.825195 0.727214 0.101562 0.186198
0 0.503418 0.727214 0.112305 0.170573
0 0.391602 0.645182 0.105469 0.188802
0 0.754395 0.183594 0.106445 0.208333
0 0.955078 0.500000 0.089844 0.143229
0 0.572266 0.168620 0.097656 0.144531
0 0.565918 0.878906 0.092773 0.177083
0 0.662109 0.225911 0.080078 0.095052
0 0.284668 0.257161 0.151367 0.162760
0 0.849609 0.217448 0.085938 0.117188
0 0.408203 0.216797 0.103516 0.141927
0 0.925293 0.205078 0.083008 0.115885
0 0.405273 0.047526 0.107422 0.092448
0 0.873047 0.558594 0.125000 0.148438
0 0.794434 0.851562 0.098633 0.164062
0 0.461426 0.896484 0.086914 0.149740
0 0.504883 0.572266 0.113281 0.147135
0 0.572754 0.049479 0.088867 0.096354
0 0.374512 0.895833 0.088867 0.161458
0 0.984375 0.205078 0.031250 0.121094
0 0.976074 0.072917 0.047852 0.143229
0 0.616211 0.524089 0.113281 0.147135
