0 0.597168 0.625000 0.100586 0.130208
0 0.493652 0.444010 0.096680 0.130208
0 0.046875 0.589193 0.091797 0.144531
0 0.763184 0.478516 0.100586 0.118490
0 0.150391 0.490234 0.078125 0.110677
0 0.374023 0.263021 0.083984 0.114583
0 0.347656 0.599609 0.080078 0.121094
0 0.282227 0.354167 0.070312 0.106771
0 0.436035 0.505859 0.081055 0.102865
0 0.104980 0.533203 0.083008 0.113281
0 0.327148 0.319010 0.080078 0.106771
0 0.240723 0.397135 0.073242 0.114583
0 0.867188 0.666016 0.072266 0.108073
0 0.829102 0.601562 0.074219 0.093750
0 0.196289 0.444010 0.076172 0.106771
0 0.609863 0.222005 0.114258 0.113281
0 0.163086 0.796875 0.095703 0.145833
0 0.554688 0.692057 0.072266 0.102865
0 0.949219 0.501302 0.085938 0.114583
0 0.399902 0.563802 0.063477 0.096354
0 0.137695 0.205078 0.068359 0.089844
0 0.089355 0.242839 0.075195 0.113281
0 0.047363 0.288411 0.067383 0.089844
0 0.267578 0.692057 0.074219 0.105469
0 0.791504 0.552083 0.075195 0.098958
0 0.179199 0.155599 0.075195 0.108073
0 0.509766 0.749349 0.072266 0.097656
0 0.226074 0.748047 0.073242 0.095052
0 0.307129 0.651693 0.073242 0.105469
0 0.434082 0.845052 0.067383 0.091146
0 0.472168 0.792318 0.069336 0.095052
0 0.018066 0.328776 0.034180 0.102865
0 0.561035 0.166016 0.077148 0.089844
0 0.389160 0.893229 0.077148 0.096354
0 0.984375 0.464844 0.029297 0.104167
0 0.900391 0.198568 0.097656 0.113281
0 0.231445 0.122396 0.066406 0.088542
0 0.346191 0.946615 0.077148 0.091146
0 0.642090 0.910156 0.108398 0.122396
0 0.979980 0.859375 0.040039 0.158854
0 0.514648 0.075521 0.130859 0.143229
0 0.035645 0.941406 0.069336 0.117188
0 0.834961 0.104818 0.097656 0.113281
0 0.282715 0.970703 0.079102 0.058594
0 0.273926 0.072266 0.081055 0.100260
0 0.041016 0.020182 0.072266 0.037760
0 0.572754 0.966146 0.110352 0.067708
