0 0.688151 0.289062 0.134115 0.145833
0 0.257812 0.657552 0.119792 0.122396
0 0.860026 0.516276 0.115885 0.108073
0 0.617188 0.361328 0.098958 0.097656
0 0.518229 0.081380 0.117188 0.110677
0 0.453125 0.876953 0.143229 0.118490
0 0.455078 0.144531 0.097656 0.093750
0 0.444661 0.500651 0.089844 0.118490
0 0.157552 0.369141 0.096354 0.102865
0 0.050781 0.070964 0.072917 0.105469
0 0.524740 0.815104 0.101562 0.091146
0 0.067057 0.401042 0.131510 0.174479
0 0.390625 0.544271 0.096354 0.130208
0 0.394531 0.194010 0.088542 0.085938
0 0.881510 0.134115 0.135417 0.143229
0 0.509115 0.457682 0.091146 0.100260
0 0.557943 0.408203 0.110677 0.095052
0 0.325521 0.215495 0.109375 0.128906
0 0.115885 0.041667 0.080729 0.080729
0 0.335938 0.602865 0.091146 0.104167
0 0.280599 0.281901 0.079427 0.087240
0 0.800781 0.580729 0.093750 0.088542
0 0.577474 0.770833 0.095052 0.098958
0 0.686198 0.669922 0.098958 0.097656
0 0.214193 0.320964 0.089844 0.097656
0 0.739583 0.624349 0.096354 0.100260
0 0.629557 0.722656 0.097656 0.088542
0 0.958333 0.079427 0.083333 0.091146
0 0.173177 0.016927 0.093750 0.031250
0 0.018229 0.115234 0.033854 0.079427
0 0.879557 0.854818 0.240885 0.290365
