0 0.494629 0.744629 0.094727 0.139648
0 0.201172 0.771484 0.103516 0.115234
0 0.478027 0.240723 0.151367 0.092773
0 0.296387 0.046875 0.084961 0.091797
0 0.309570 0.134277 0.093750 0.084961
0 0.490723 0.623535 0.088867 0.102539
0 0.626953 0.707520 0.128906 0.102539
0 0.284668 0.819824 0.110352 0.102539
0 0.037109 0.869629 0.072266 0.090820
0 0.649414 0.924805 0.125000 0.113281
0 0.462402 0.150391 0.139648 0.089844
0 0.342773 0.570312 0.113281 0.068359
0 0.199219 0.039551 0.099609 0.077148
0 0.118164 0.736816 0.087891 0.088867
0 0.524902 0.886719 0.125977 0.138672
0 0.638672 0.117188 0.146484 0.128906
0 0.744629 0.555664 0.143555 0.144531
0 0.139160 0.479004 0.096680 0.094727
0 0.231934 0.957031 0.100586 0.085938
0 0.317383 0.270508 0.095703 0.074219
0 0.750000 0.783203 0.093750 0.078125
0 0.131348 0.912598 0.141602 0.116211
0 0.682129 0.648438 0.098633 0.078125
0 0.711426 0.839355 0.098633 0.084961
0 0.444824 0.064453 0.125977 0.085938
0 0.358398 0.626953 0.089844 0.050781
0 0.790527 0.728516 0.098633 0.085938
0 0.225098 0.498535 0.094727 0.100586
0 0.317383 0.202637 0.085938 0.065430
0 0.032715 0.653809 0.063477 0.157227
0 0.152344 0.190918 0.101562 0.065430
0 0.060059 0.081543 0.118164 0.161133
0 0.626953 0.466309 0.193359 0.120117
0 0.328125 0.500488 0.132812 0.077148
0 0.715332 0.350586 0.153320 0.125000
0 0.353027 0.850098 0.069336 0.075195
0 0.753906 0.921875 0.087891 0.091797
0 0.837402 0.666016 0.104492 0.082031
0 0.483887 0.449219 0.135742 0.126953
0 0.898926 0.733887 0.071289 0.059570
0 0.132324 0.241699 0.083008 0.059570
0 0.058594 0.713379 0.056641 0.090820
0 0.401367 0.840332 0.074219 0.135742
0 0.054688 0.500977 0.103516 0.175781
0 0.112305 0.362793 0.126953 0.083008
0 0.597656 0.775391 0.097656 0.064453
0 0.306152 0.973633 0.077148 0.052734
0 0.921875 0.697266 0.066406 0.052734
0 0.972656 0.838867 0.054688 0.064453
0 0.963867 0.906250 0.070312 0.074219
0 0.981934 0.772949 0.036133 0.081055
0 0.079590 0.979004 0.112305 0.041992
0 0.125000 0.299316 0.113281 0.063477
0 0.364746 0.674316 0.094727 0.047852
0 0.176270 0.138672 0.112305 0.066406
0 0.865234 0.810059 0.128906 0.112305
0 0.317383 0.340820 0.109375 0.072266
0 0.879395 0.312500 0.135742 0.154297
0 0.960449 0.968262 0.079102 0.059570
0 0.839355 0.922852 0.096680 0.091797
0 0.181641 0.093262 0.103516 0.067383
0 0.310547 0.375488 0.142578 0.133789
0 0.373535 0.731445 0.084961 0.080078
0 0.443848 0.012207 0.112305 0.022461
0 0.767578 0.204102 0.144531 0.119141
0 0.819824 0.433105 0.104492 0.083008
0 0.484863 0.543945 0.092773 0.054688
0 0.371582 0.984863 0.063477 0.030273
0 0.939941 0.581543 0.120117 0.100586
0 0.519043 0.332520 0.192383 0.084961
