0 0.116211 0.074219 0.185547 0.117188
0 0.091309 0.507812 0.180664 0.195312
0 0.826172 0.532715 0.107422 0.120117
0 0.957520 0.035645 0.084961 0.069336
0 0.829590 0.662598 0.116211 0.129883
0 0.212891 0.319824 0.197266 0.112305
0 0.776367 0.408691 0.091797 0.131836
0 0.847168 0.067871 0.172852 0.112305
0 0.937012 0.759277 0.124023 0.094727
0 0.075684 0.945801 0.149414 0.108398
0 0.956543 0.967285 0.086914 0.065430
0 0.484375 0.216797 0.177734 0.099609
0 0.363281 0.540527 0.169922 0.288086
0 0.967285 0.466309 0.065430 0.129883
0 0.505859 0.410645 0.101562 0.174805
0 0.627441 0.148926 0.184570 0.106445
0 0.732422 0.949219 0.103516 0.101562
0 0.520996 0.910645 0.102539 0.170898
0 0.106445 0.736328 0.210938 0.222656
0 0.858398 0.977539 0.101562 0.044922
0 0.723633 0.294434 0.091797 0.131836
0 0.928711 0.357422 0.089844 0.148438
0 0.882812 0.238281 0.089844 0.148438
0 0.457520 0.764160 0.102539 0.170898
0 0.565430 0.565430 0.101562 0.175781
0 0.620117 0.695801 0.101562 0.174805
0 0.679688 0.826660 0.101562 0.174805
