0 0.495117 0.494629 0.093750 0.139648
0 0.187988 0.522949 0.092773 0.098633
0 0.049316 0.796387 0.096680 0.090820
0 0.524902 0.637207 0.125977 0.139648
0 0.235840 0.712891 0.092773 0.097656
0 0.648926 0.674316 0.125977 0.114258
0 0.490723 0.373047 0.088867 0.101562
0 0.037109 0.620117 0.072266 0.091797
0 0.277832 0.569824 0.110352 0.102539
0 0.129395 0.664551 0.141602 0.122070
0 0.626953 0.457520 0.128906 0.102539
0 0.293457 0.745605 0.090820 0.114258
0 0.342773 0.320312 0.113281 0.068359
0 0.118164 0.486816 0.087891 0.088867
0 0.466797 0.927246 0.103516 0.094727
0 0.139160 0.229004 0.096680 0.094727
0 0.157227 0.832520 0.078125 0.075195
0 0.657715 0.875977 0.118164 0.119141
0 0.744629 0.305176 0.143555 0.143555
0 0.315918 0.028809 0.098633 0.055664
0 0.750000 0.533203 0.093750 0.078125
0 0.711914 0.589355 0.097656 0.084961
0 0.682129 0.398438 0.098633 0.078125
0 0.225098 0.248535 0.094727 0.100586
0 0.790527 0.478516 0.098633 0.085938
0 0.358398 0.376953 0.089844 0.050781
0 0.032715 0.404297 0.063477 0.156250
0 0.626953 0.216309 0.193359 0.120117
0 0.328125 0.250000 0.132812 0.076172
0 0.753418 0.671875 0.086914 0.091797
0 0.339355 0.604492 0.067383 0.072266
0 0.085938 0.941406 0.068359 0.052734
0 0.712891 0.094727 0.136719 0.138672
0 0.483398 0.199219 0.134766 0.126953
0 0.701172 0.955566 0.097656 0.088867
0 0.836914 0.416016 0.103516 0.082031
0 0.898926 0.483887 0.071289 0.059570
0 0.404297 0.834961 0.087891 0.091797
0 0.462891 0.020996 0.113281 0.040039
0 0.834961 0.923340 0.140625 0.122070
0 0.117188 0.895508 0.080078 0.056641
0 0.058594 0.463379 0.056641 0.090820
0 0.054688 0.250977 0.103516 0.175781
0 0.229004 0.967773 0.131836 0.064453
0 0.093262 0.736328 0.079102 0.058594
0 0.396973 0.596191 0.073242 0.145508
0 0.112793 0.113281 0.127930 0.082031
0 0.597656 0.525391 0.097656 0.064453
0 0.921875 0.447266 0.066406 0.052734
0 0.972656 0.588867 0.054688 0.064453
0 0.335449 0.770996 0.081055 0.077148
0 0.128906 0.049316 0.115234 0.069336
0 0.976074 0.521484 0.047852 0.083984
0 0.417969 0.972168 0.066406 0.045898
0 0.364746 0.424316 0.094727 0.047852
0 0.326172 0.920410 0.107422 0.100586
0 0.064453 0.976562 0.101562 0.046875
0 0.962402 0.963867 0.075195 0.072266
0 0.373047 0.483887 0.091797 0.071289
0 0.963867 0.656738 0.070312 0.075195
0 0.317383 0.089844 0.111328 0.074219
0 0.865234 0.563965 0.132812 0.114258
0 0.316406 0.155762 0.144531 0.057617
0 0.928711 0.825684 0.142578 0.155273
0 0.839355 0.672852 0.096680 0.093750
0 0.878906 0.066406 0.169922 0.128906
0 0.016602 0.045410 0.031250 0.088867
0 0.131348 0.010254 0.092773 0.018555
0 0.517578 0.082520 0.208984 0.094727
0 0.480469 0.293945 0.089844 0.066406
0 0.958008 0.724121 0.070312 0.075195
0 0.196289 0.788086 0.062500 0.056641
0 0.514648 0.982422 0.078125 0.035156
