0 0.116211 0.074219 0.185547 0.117188
0 0.093750 0.503906 0.185547 0.203125
0 0.827637 0.535645 0.071289 0.112305
0 0.957520 0.035645 0.084961 0.069336
0 0.831543 0.669434 0.081055 0.135742
0 0.217773 0.326660 0.197266 0.112305
0 0.847168 0.067871 0.172852 0.112305
0 0.936035 0.754395 0.122070 0.084961
0 0.075684 0.945801 0.149414 0.108398
0 0.951172 0.966309 0.097656 0.067383
0 0.392578 0.624512 0.099609 0.174805
0 0.118164 0.756836 0.234375 0.230469
0 0.770996 0.416016 0.079102 0.121094
0 0.724609 0.295410 0.083984 0.124023
0 0.451172 0.761230 0.099609 0.174805
0 0.515625 0.907715 0.099609 0.174805
0 0.333008 0.479980 0.099609 0.174805
0 0.505859 0.405762 0.099609 0.174805
0 0.565430 0.562988 0.099609 0.174805
0 0.620117 0.697754 0.099609 0.174805
0 0.676758 0.830566 0.099609 0.174805
0 0.728516 0.949707 0.089844 0.100586
0 0.846191 0.981934 0.118164 0.036133
0 0.878906 0.238770 0.082031 0.143555
0 0.927246 0.338379 0.092773 0.153320
0 0.968262 0.457520 0.063477 0.147461
0 0.466797 0.215332 0.197266 0.112305
0 0.624023 0.157715 0.197266 0.112305
