0 0.762370 0.282227 0.110677 0.121094
0 0.776042 0.401855 0.117188 0.125977
0 0.388021 0.817871 0.169271 0.163086
0 0.449219 0.946289 0.143229 0.107422
0 0.044271 0.052246 0.085938 0.098633
0 0.340495 0.155273 0.131510 0.177734
0 0.691406 0.163574 0.119792 0.127930
0 0.635417 0.056152 0.114583 0.110352
0 0.960286 0.231445 0.079427 0.115234
0 0.911458 0.127441 0.119792 0.127930
0 0.861979 0.040039 0.101562 0.078125
0 0.418620 0.302734 0.131510 0.177734
0 0.486328 0.443359 0.131510 0.177734
0 0.565755 0.579102 0.131510 0.177734
0 0.634766 0.717773 0.131510 0.177734
0 0.791667 0.769531 0.187500 0.085938
0 0.927734 0.720703 0.141927 0.080078
0 0.354818 0.659180 0.123698 0.150391
0 0.279297 0.534180 0.123698 0.150391
0 0.200521 0.380371 0.138021 0.165039
0 0.104167 0.228027 0.138021 0.165039
0 0.873698 0.917969 0.187500 0.085938
0 0.910807 0.506836 0.178385 0.097656
