0 0.768880 0.281738 0.147135 0.122070
0 0.696615 0.159668 0.125000 0.131836
0 0.341797 0.159668 0.139323 0.166992
0 0.771484 0.412109 0.154948 0.130859
0 0.371745 0.818359 0.136719 0.162109
0 0.460286 0.945801 0.165365 0.108398
0 0.117188 0.219238 0.132812 0.178711
0 0.044271 0.052246 0.085938 0.098633
0 0.506510 0.467773 0.156250 0.179688
0 0.417318 0.297363 0.139323 0.166992
0 0.569010 0.595703 0.156250 0.179688
0 0.643880 0.723633 0.147135 0.144531
0 0.791667 0.759277 0.169271 0.120117
0 0.936198 0.722656 0.127604 0.105469
0 0.631510 0.055176 0.125000 0.108398
0 0.958984 0.218750 0.082031 0.136719
0 0.899089 0.104980 0.115885 0.133789
0 0.194010 0.363770 0.132812 0.178711
0 0.274740 0.507812 0.132812 0.179688
0 0.363281 0.659668 0.132812 0.178711
0 0.899089 0.918945 0.201823 0.097656
0 0.916667 0.506348 0.166667 0.065430
