0 0.749023 0.730469 0.193359 0.103516
0 0.521973 0.573242 0.127930 0.197266
0 0.594727 0.722168 0.134766 0.133789
0 0.842773 0.489258 0.148438 0.087891
0 0.730469 0.392578 0.097656 0.126953
0 0.922363 0.704102 0.155273 0.097656
0 0.780273 0.931641 0.156250 0.136719
0 0.400391 0.833984 0.123047 0.158203
0 0.206543 0.619141 0.172852 0.105469
0 0.254883 0.488281 0.121094 0.150391
0 0.532715 0.122070 0.141602 0.093750
0 0.053711 0.074219 0.105469 0.146484
0 0.097656 0.228516 0.123047 0.169922
0 0.679199 0.282227 0.084961 0.130859
0 0.943359 0.272461 0.113281 0.111328
0 0.904785 0.077637 0.190430 0.131836
0 0.367676 0.296387 0.125977 0.145508
0 0.961426 0.960938 0.077148 0.078125
0 0.152832 0.370605 0.106445 0.147461
0 0.264648 0.765625 0.156250 0.136719
0 0.138672 0.829102 0.156250 0.136719
0 0.269043 0.931641 0.176758 0.136719
0 0.414551 0.167969 0.141602 0.093750
0 0.418457 0.437012 0.125977 0.145508
0 0.639160 0.169922 0.084961 0.130859
0 0.346680 0.030762 0.128906 0.059570
0 0.227539 0.030273 0.093750 0.058594
