0 0.778320 0.743490 0.080078 0.104167
0 0.661133 0.365885 0.123047 0.114583
0 0.763184 0.031901 0.096680 0.061198
0 0.406738 0.813151 0.092773 0.097656
0 0.452148 0.417318 0.101562 0.089844
0 0.543457 0.632161 0.090820 0.097656
0 0.978516 0.601562 0.042969 0.104167
0 0.620117 0.307943 0.078125 0.092448
0 0.478027 0.492839 0.092773 0.095052
0 0.641113 0.852214 0.129883 0.121094
0 0.305176 0.609375 0.077148 0.093750
0 0.677246 0.455078 0.077148 0.102865
0 0.587402 0.236979 0.081055 0.083333
0 0.360840 0.751302 0.077148 0.088542
0 0.695312 0.522135 0.074219 0.065104
0 0.756348 0.671224 0.061523 0.087240
0 0.392090 0.189453 0.120117 0.089844
0 0.049316 0.748698 0.096680 0.320312
0 0.914062 0.378255 0.083984 0.069010
0 0.510742 0.555339 0.078125 0.076823
0 0.566406 0.701823 0.080078 0.106771
0 0.203125 0.312500 0.103516 0.117188
0 0.744629 0.598958 0.092773 0.096354
0 0.963379 0.510417 0.073242 0.085938
0 0.337891 0.682943 0.074219 0.084635
0 0.053223 0.097005 0.079102 0.110677
0 0.440918 0.885417 0.106445 0.101562
0 0.907227 0.951172 0.107422 0.097656
0 0.121582 0.055990 0.079102 0.109375
0 0.229492 0.397135 0.109375 0.088542
0 0.254883 0.464844 0.109375 0.088542
0 0.287109 0.535156 0.109375 0.088542
0 0.458008 0.957682 0.099609 0.084635
0 0.401855 0.264974 0.090820 0.087240
0 0.427734 0.326172 0.113281 0.100260
0 0.595703 0.772135 0.080078 0.106771
0 0.573242 0.164062 0.093750 0.080729
0 0.534180 0.085938 0.093750 0.080729
0 0.794922 0.096354 0.083984 0.072917
0 0.824219 0.168620 0.083984 0.074219
0 0.851562 0.240234 0.083984 0.074219
0 0.878906 0.306641 0.083984 0.074219
0 0.931641 0.447266 0.083984 0.069010
