0 0.880859 0.390625 0.108073 0.111979
0 0.865885 0.223307 0.119792 0.131510
0 0.652344 0.195312 0.169271 0.098958
0 0.771484 0.203125 0.076823 0.104167
0 0.961589 0.234375 0.076823 0.135417
0 0.072917 0.437500 0.143229 0.130208
0 0.966797 0.394531 0.066406 0.117188
0 0.774740 0.378255 0.109375 0.123698
0 0.630859 0.677083 0.128906 0.122396
0 0.914062 0.674479 0.091146 0.088542
0 0.308594 0.326172 0.145833 0.115885
0 0.246745 0.215495 0.136719 0.102865
0 0.380208 0.404297 0.135417 0.113281
0 0.057292 0.546224 0.111979 0.100260
0 0.559245 0.309245 0.087240 0.079427
0 0.679036 0.369141 0.079427 0.108073
0 0.835938 0.581380 0.192708 0.136719
0 0.965495 0.574219 0.069010 0.098958
0 0.610026 0.358724 0.089844 0.100260
0 0.688151 0.742839 0.131510 0.100260
0 0.500000 0.541016 0.143229 0.097656
0 0.897786 0.964193 0.139323 0.071615
0 0.740885 0.799479 0.125000 0.104167
0 0.439453 0.472656 0.149740 0.098958
0 0.794271 0.847005 0.122396 0.097656
0 0.555990 0.608073 0.148438 0.111979
0 0.848307 0.897786 0.128906 0.087240
0 0.478516 0.195964 0.173177 0.131510
0 0.135417 0.298177 0.156250 0.164062
0 0.958984 0.739583 0.082031 0.111979
0 0.037760 0.718750 0.072917 0.075521
0 0.409505 0.038411 0.225260 0.074219
0 0.037760 0.638672 0.072917 0.087240
0 0.022786 0.796224 0.042969 0.076823
