0 0.547363 0.929688 0.118164 0.125000
0 0.671875 0.869629 0.078125 0.084961
0 0.632812 0.639160 0.107422 0.069336
0 0.059570 0.066895 0.080078 0.084961
0 0.923828 0.961426 0.072266 0.075195
0 0.783691 0.560547 0.081055 0.078125
0 0.389160 0.616211 0.075195 0.066406
0 0.626465 0.909180 0.071289 0.076172
0 0.124512 0.036621 0.088867 0.071289
0 0.967773 0.934570 0.064453 0.078125
0 0.864746 0.766602 0.075195 0.072266
0 0.913086 0.727539 0.085938 0.070312
0 0.766113 0.814453 0.069336 0.085938
0 0.538574 0.475098 0.077148 0.057617
0 0.618652 0.222656 0.059570 0.060547
0 0.977051 0.458496 0.045898 0.071289
0 0.718262 0.846191 0.071289 0.075195
0 0.357910 0.565918 0.079102 0.065430
0 0.595703 0.171875 0.068359 0.060547
0 0.309082 0.458008 0.077148 0.070312
0 0.662598 0.270020 0.124023 0.073242
0 0.773438 0.021973 0.095703 0.041992
0 0.458984 0.321289 0.097656 0.080078
0 0.811523 0.792969 0.072266 0.072266
0 0.604004 0.579590 0.073242 0.059570
0 0.693848 0.396973 0.071289 0.053711
0 0.856445 0.181152 0.082031 0.063477
0 0.191406 0.863770 0.234375 0.272461
0 0.489258 0.373535 0.097656 0.063477
0 0.862305 0.977539 0.052734 0.044922
0 0.942871 0.338867 0.083008 0.058594
0 0.040039 0.562988 0.078125 0.237305
0 0.441895 0.660156 0.118164 0.080078
0 0.752930 0.503906 0.080078 0.056641
0 0.670410 0.339355 0.079102 0.075195
0 0.507812 0.431152 0.082031 0.065430
0 0.529785 0.068848 0.071289 0.071289
0 0.970703 0.393555 0.058594 0.082031
0 0.295410 0.395508 0.096680 0.087891
0 0.827637 0.127930 0.077148 0.064453
0 0.806641 0.072754 0.097656 0.063477
0 0.421875 0.262695 0.083984 0.064453
0 0.887695 0.236328 0.068359 0.064453
0 0.556641 0.535645 0.074219 0.065430
0 0.340332 0.506348 0.065430 0.073242
0 0.253906 0.350098 0.089844 0.073242
0 0.202148 0.234863 0.093750 0.073242
0 0.562012 0.125488 0.071289 0.071289
0 0.739746 0.437500 0.086914 0.064453
0 0.907715 0.285156 0.083008 0.058594
0 0.405273 0.207031 0.083984 0.064453
0 0.380371 0.140625 0.124023 0.078125
0 0.221191 0.297363 0.079102 0.063477
0 0.454102 0.731445 0.107422 0.070312
