0 0.833984 0.270182 0.105469 0.131510
0 0.927083 0.269531 0.088542 0.117188
0 0.548177 0.061198 0.104167 0.111979
0 0.736328 0.069661 0.108073 0.118490
0 0.641927 0.064453 0.083333 0.118490
0 0.297526 0.343750 0.131510 0.117188
0 0.444010 0.054036 0.119792 0.105469
0 0.057292 0.069010 0.111979 0.117188
0 0.589193 0.898438 0.123698 0.088542
0 0.710938 0.422526 0.078125 0.118490
0 0.597656 0.736979 0.106771 0.078125
0 0.843099 0.083333 0.102865 0.122396
0 0.781250 0.876302 0.145833 0.166667
0 0.503255 0.247396 0.196615 0.140625
0 0.782552 0.429036 0.067708 0.121094
0 0.733724 0.251302 0.102865 0.104167
0 0.584635 0.344401 0.088542 0.087240
0 0.904297 0.734375 0.089844 0.093750
0 0.347656 0.046224 0.080729 0.089844
0 0.977865 0.079427 0.044271 0.127604
0 0.597656 0.813802 0.117188 0.075521
0 0.407552 0.466797 0.119792 0.100260
0 0.957682 0.776042 0.079427 0.088542
0 0.356120 0.409505 0.131510 0.100260
0 0.576172 0.971354 0.126302 0.057292
0 0.642578 0.237630 0.089844 0.089844
0 0.924479 0.086589 0.059896 0.123698
0 0.515625 0.561198 0.125000 0.088542
0 0.276042 0.037109 0.091146 0.071615
0 0.567057 0.652344 0.134115 0.114583
0 0.166667 0.208333 0.140625 0.098958
0 0.460286 0.515625 0.121094 0.098958
0 0.233073 0.287109 0.151042 0.105469
0 0.983073 0.279948 0.033854 0.114583
0 0.343099 0.964193 0.154948 0.071615
0 0.987630 0.445312 0.024740 0.117188
0 0.108724 0.139323 0.152344 0.088542
0 0.119792 0.687500 0.171875 0.132812
0 0.962891 0.622396 0.074219 0.088542
0 0.631510 0.416016 0.096354 0.121094
0 0.932292 0.439453 0.085938 0.123698
0 0.792969 0.645182 0.109375 0.144531
0 0.891927 0.432943 0.171875 0.134115
0 0.852214 0.435547 0.079427 0.128906
0 0.223958 0.012370 0.114583 0.022135
0 0.277995 0.843099 0.209635 0.214844
0 0.869141 0.432292 0.115885 0.132812
0 0.865234 0.966146 0.097656 0.067708
0 0.879557 0.609375 0.095052 0.067708
0 0.025391 0.750000 0.048177 0.117188
