0 0.626953 0.250000 0.146484 0.132812
0 0.874023 0.267578 0.080078 0.128906
0 0.944336 0.268229 0.064453 0.109375
0 0.473145 0.345703 0.096680 0.121094
0 0.785156 0.421875 0.060547 0.117188
0 0.043945 0.207031 0.085938 0.117188
0 0.698730 0.814453 0.088867 0.082031
0 0.697754 0.739583 0.081055 0.078125
0 0.517090 0.404948 0.102539 0.096354
0 0.028320 0.341146 0.054688 0.140625
0 0.688965 0.343099 0.067383 0.092448
0 0.677246 0.660156 0.102539 0.098958
0 0.424316 0.287760 0.118164 0.111979
0 0.835449 0.430339 0.043945 0.115885
0 0.933105 0.738281 0.073242 0.078125
0 0.377930 0.206380 0.111328 0.097656
0 0.558105 0.464844 0.092773 0.101562
0 0.971191 0.783854 0.057617 0.093750
0 0.153809 0.816406 0.116211 0.161458
0 0.691895 0.899740 0.092773 0.088542
0 0.638184 0.564453 0.090820 0.089844
0 0.597168 0.517578 0.092773 0.100260
0 0.734375 0.250651 0.068359 0.110677
0 0.801758 0.260417 0.072266 0.122396
0 0.907715 0.604818 0.067383 0.053385
0 0.985840 0.283203 0.028320 0.115885
0 0.835938 0.876302 0.105469 0.174479
0 0.971680 0.624349 0.056641 0.095052
0 0.330078 0.139974 0.115234 0.097656
0 0.888672 0.434896 0.060547 0.119792
0 0.990234 0.445964 0.019531 0.126302
0 0.948730 0.437500 0.063477 0.125000
0 0.050293 0.091146 0.098633 0.114583
0 0.336914 0.697917 0.144531 0.143229
0 0.018066 0.709635 0.034180 0.088542
0 0.723633 0.412109 0.070312 0.118490
0 0.012695 0.465495 0.023438 0.082031
0 0.224121 0.738932 0.114258 0.167969
0 0.879883 0.080729 0.083984 0.125000
0 0.082031 0.025391 0.078125 0.048177
0 0.223145 0.035807 0.112305 0.069010
0 0.280762 0.069010 0.110352 0.119792
0 0.507324 0.958984 0.106445 0.082031
0 0.943848 0.083333 0.047852 0.122396
0 0.452148 0.822917 0.162109 0.252604
0 0.030762 0.787109 0.059570 0.092448
0 0.905762 0.958984 0.073242 0.082031
0 0.841309 0.649089 0.094727 0.173177
0 0.073242 0.919271 0.144531 0.151042
0 0.799316 0.076172 0.077148 0.118490
0 0.734375 0.066406 0.068359 0.114583
0 0.660156 0.058594 0.083984 0.098958
0 0.579102 0.050130 0.083984 0.097656
0 0.512207 0.046875 0.049805 0.091146
0 0.456055 0.035807 0.062500 0.069010
0 0.983887 0.086589 0.032227 0.128906
