0 0.655599 0.146484 0.160156 0.072266
0 0.311849 0.244141 0.147135 0.087891
0 0.868490 0.166016 0.119792 0.097656
0 0.377604 0.302246 0.143229 0.086914
0 0.774740 0.280762 0.109375 0.090820
0 0.612630 0.270020 0.087240 0.075195
0 0.619141 0.502441 0.123698 0.090820
0 0.770833 0.155273 0.078125 0.078125
0 0.560547 0.231934 0.084635 0.061523
0 0.683594 0.276855 0.080729 0.081055
0 0.250000 0.163086 0.135417 0.080078
0 0.673828 0.554199 0.134115 0.075195
0 0.575521 0.460938 0.111979 0.056641
0 0.443359 0.356934 0.131510 0.083008
0 0.481120 0.150879 0.180990 0.106445
0 0.504557 0.404785 0.147135 0.071289
0 0.126953 0.218750 0.162760 0.134766
0 0.406901 0.030762 0.217448 0.059570
0 0.786458 0.638672 0.125000 0.076172
0 0.843099 0.674316 0.121094 0.071289
0 0.729818 0.596191 0.128906 0.077148
0 0.211589 0.852051 0.154948 0.118164
0 0.675781 0.971191 0.161458 0.057617
0 0.896484 0.740723 0.136719 0.086914
0 0.916016 0.507812 0.084635 0.068359
0 0.445312 0.774902 0.195312 0.108398
0 0.928385 0.862305 0.114583 0.062500
0 0.911458 0.977539 0.132812 0.044922
0 0.929036 0.804688 0.105469 0.060547
0 0.880208 0.291504 0.106771 0.083008
0 0.623047 0.881348 0.194010 0.161133
0 0.317057 0.806152 0.152344 0.118164
0 0.080078 0.321289 0.147135 0.095703
0 0.839193 0.444336 0.191406 0.109375
0 0.921875 0.924316 0.119792 0.063477
0 0.966146 0.426270 0.067708 0.067383
0 0.962240 0.172852 0.072917 0.097656
0 0.966146 0.297852 0.067708 0.085938
0 0.550130 0.435547 0.108073 0.074219
0 0.103516 0.936523 0.201823 0.123047
0 0.050130 0.409180 0.097656 0.083984
0 0.037760 0.477539 0.072917 0.068359
0 0.026042 0.540527 0.049479 0.059570
0 0.026042 0.604980 0.049479 0.059570
0 0.026042 0.773926 0.049479 0.059570
0 0.043620 0.838379 0.084635 0.067383
0 0.962240 0.555176 0.075521 0.088867
