0 0.651367 0.166016 0.089844 0.097656
0 0.801270 0.303223 0.081055 0.088867
0 0.874023 0.452637 0.080078 0.098633
0 0.659180 0.291992 0.080078 0.083984
0 0.849609 0.038086 0.087891 0.074219
0 0.491211 0.146484 0.121094 0.072266
0 0.233398 0.245117 0.111328 0.085938
0 0.731934 0.298340 0.063477 0.086914
0 0.059570 0.321777 0.117188 0.092773
0 0.626953 0.438477 0.148438 0.099609
0 0.580566 0.283203 0.083008 0.091797
0 0.880371 0.309570 0.077148 0.089844
0 0.844238 0.181641 0.063477 0.093750
0 0.964355 0.178223 0.071289 0.086914
0 0.786133 0.179199 0.062500 0.098633
0 0.283203 0.302246 0.105469 0.086914
0 0.972656 0.035156 0.054688 0.068359
0 0.901367 0.182617 0.058594 0.085938
0 0.577637 0.154785 0.057617 0.081055
0 0.473145 0.508789 0.092773 0.091797
0 0.727051 0.175781 0.067383 0.099609
0 0.943848 0.312988 0.049805 0.094727
0 0.943848 0.456543 0.065430 0.090820
0 0.835938 0.909668 0.105469 0.131836
0 0.784668 0.565918 0.059570 0.088867
0 0.420898 0.231934 0.062500 0.061523
0 0.512207 0.551270 0.100586 0.073242
0 0.459961 0.270020 0.066406 0.075195
0 0.187500 0.163086 0.103516 0.080078
0 0.697754 0.805176 0.079102 0.059570
0 0.512207 0.276855 0.059570 0.081055
0 0.920410 0.038086 0.057617 0.074219
0 0.094238 0.218750 0.124023 0.134766
0 0.982910 0.309570 0.034180 0.095703
0 0.043945 0.404785 0.085938 0.086914
0 0.424805 0.466309 0.117188 0.083008
0 0.688477 0.507324 0.066406 0.069336
0 0.697266 0.861816 0.087891 0.061523
0 0.932617 0.803223 0.072266 0.059570
0 0.029785 0.476562 0.057617 0.070312
0 0.733398 0.428711 0.068359 0.062500
0 0.633789 0.670898 0.091797 0.068359
0 0.837891 0.570801 0.048828 0.090820
0 0.378418 0.404785 0.110352 0.071289
0 0.161133 0.849121 0.117188 0.124023
0 0.329102 0.354492 0.119141 0.072266
0 0.675781 0.736816 0.103516 0.069336
0 0.543457 0.597656 0.094727 0.066406
0 0.360352 0.150391 0.136719 0.105469
0 0.971191 0.836426 0.057617 0.071289
0 0.801758 0.435547 0.072266 0.070312
0 0.585449 0.631836 0.084961 0.064453
0 0.986816 0.462402 0.026367 0.086914
0 0.948730 0.578613 0.063477 0.092773
0 0.888672 0.576172 0.060547 0.089844
0 0.969238 0.717285 0.061523 0.069336
0 0.030273 0.840332 0.058594 0.069336
0 0.990723 0.584961 0.018555 0.093750
0 0.691406 0.925293 0.091797 0.065430
0 0.306152 0.029785 0.163086 0.057617
0 0.083496 0.940430 0.147461 0.117188
0 0.683105 0.977539 0.100586 0.044922
0 0.021484 0.539551 0.041016 0.063477
0 0.723145 0.555176 0.069336 0.086914
0 0.465820 0.861328 0.158203 0.181641
0 0.244141 0.800781 0.115234 0.113281
0 0.021484 0.774902 0.041016 0.063477
0 0.339355 0.773438 0.135742 0.107422
0 0.832520 0.737305 0.090820 0.121094
0 0.496582 0.973145 0.110352 0.053711
0 0.906250 0.703613 0.074219 0.045898
0 0.906738 0.971191 0.065430 0.057617
