0 0.901367 0.220703 0.089844 0.128906
0 0.876465 0.582682 0.147461 0.128906
0 0.909668 0.389974 0.081055 0.113281
0 0.298828 0.436849 0.095703 0.126302
0 0.829102 0.377604 0.083984 0.122396
0 0.482422 0.324870 0.113281 0.118490
0 0.346680 0.298177 0.121094 0.182292
0 0.532227 0.402995 0.109375 0.115885
0 0.970703 0.231771 0.058594 0.130208
0 0.713867 0.658854 0.093750 0.119792
0 0.828125 0.206380 0.058594 0.108073
0 0.741699 0.195312 0.120117 0.096354
0 0.285645 0.550130 0.092773 0.105469
0 0.750488 0.735026 0.100586 0.097656
0 0.438477 0.216797 0.101562 0.105469
0 0.670898 0.308594 0.064453 0.083333
0 0.709473 0.361328 0.065430 0.100260
0 0.762207 0.369141 0.059570 0.108073
0 0.975586 0.397135 0.048828 0.117188
0 0.661621 0.612630 0.118164 0.110677
0 0.184082 0.220703 0.176758 0.225260
0 0.938965 0.676432 0.067383 0.092448
0 0.579590 0.471354 0.118164 0.098958
0 0.629395 0.539062 0.110352 0.093750
0 0.800781 0.790365 0.093750 0.101562
0 0.975098 0.576172 0.049805 0.097656
0 0.874023 0.901042 0.099609 0.093750
0 0.609863 0.209635 0.135742 0.161458
0 0.218750 0.791016 0.117188 0.087240
0 0.214355 0.885417 0.106445 0.085938
0 0.839355 0.847005 0.094727 0.100260
0 0.969727 0.739583 0.060547 0.106771
0 0.078125 0.632161 0.083984 0.152344
0 0.231445 0.707682 0.117188 0.082031
0 0.251465 0.626953 0.096680 0.079427
0 0.555176 0.039714 0.165039 0.076823
0 0.128418 0.397786 0.102539 0.105469
0 0.924316 0.963542 0.112305 0.072917
0 0.215332 0.964844 0.106445 0.070312
0 0.060059 0.063802 0.118164 0.125000
0 0.175293 0.056641 0.077148 0.110677
0 0.053223 0.791016 0.065430 0.113281
