0 0.305176 0.410807 0.092773 0.126302
0 0.668457 0.570964 0.086914 0.097656
0 0.605957 0.507161 0.084961 0.100260
0 0.112305 0.705078 0.078125 0.126302
0 0.723145 0.619792 0.067383 0.093750
0 0.402832 0.523438 0.096680 0.125000
0 0.963379 0.244792 0.073242 0.111979
0 0.791504 0.500000 0.069336 0.096354
0 0.145996 0.791016 0.067383 0.092448
0 0.748535 0.449870 0.071289 0.087240
0 0.172363 0.388021 0.092773 0.101562
0 0.739746 0.192708 0.081055 0.109375
0 0.889160 0.876302 0.106445 0.143229
0 0.598633 0.283854 0.132812 0.143229
0 0.050781 0.572266 0.060547 0.084635
0 0.232910 0.328125 0.112305 0.117188
0 0.948730 0.417318 0.075195 0.102865
0 0.855469 0.549479 0.089844 0.106771
0 0.793945 0.247396 0.066406 0.096354
0 0.901367 0.367188 0.064453 0.093750
0 0.061523 0.266276 0.115234 0.118490
0 0.904785 0.192708 0.067383 0.098958
0 0.536133 0.404948 0.099609 0.161458
0 0.829102 0.290365 0.066406 0.101562
0 0.611816 0.751302 0.071289 0.106771
0 0.909180 0.615885 0.083984 0.101562
0 0.394531 0.264974 0.105469 0.115885
0 0.356445 0.459635 0.058594 0.088542
0 0.865723 0.331380 0.057617 0.102865
0 0.784180 0.703125 0.125000 0.119792
0 0.713379 0.397786 0.075195 0.089844
0 0.661133 0.798177 0.056641 0.085938
0 0.186523 0.848307 0.076172 0.076823
0 0.839355 0.670573 0.083008 0.088542
0 0.984375 0.464844 0.031250 0.093750
0 0.332520 0.143229 0.116211 0.161458
0 0.704102 0.856771 0.093750 0.119792
0 0.668945 0.104818 0.093750 0.128906
0 0.201660 0.917969 0.061523 0.059896
0 0.955566 0.786458 0.069336 0.096354
0 0.490234 0.626302 0.123047 0.130208
0 0.467773 0.147786 0.111328 0.136719
0 0.145020 0.186198 0.063477 0.093750
0 0.670410 0.360026 0.063477 0.097656
0 0.020508 0.504557 0.039062 0.121094
0 0.416504 0.923177 0.092773 0.119792
0 0.849609 0.126953 0.074219 0.095052
0 0.076172 0.616536 0.082031 0.089844
0 0.984863 0.706380 0.030273 0.087240
0 0.249512 0.953776 0.098633 0.092448
0 0.971191 0.957031 0.057617 0.085938
0 0.395020 0.046875 0.088867 0.085938
0 0.537598 0.043620 0.088867 0.084635
0 0.085938 0.124349 0.074219 0.079427
0 0.037598 0.064453 0.073242 0.079427
0 0.194824 0.070312 0.098633 0.098958
0 0.257324 0.021484 0.059570 0.040365
0 0.137207 0.021484 0.059570 0.040365
0 0.560547 0.688802 0.087891 0.104167
0 0.617676 0.935547 0.075195 0.102865
0 0.496094 0.936198 0.072266 0.114583
0 0.558594 0.939453 0.048828 0.115885
0 0.336426 0.942057 0.067383 0.115885
0 0.052246 0.938802 0.077148 0.072917
0 0.081543 0.977865 0.073242 0.044271
0 0.803711 0.957682 0.132812 0.084635
0 0.729980 0.026693 0.088867 0.050781
0 0.791016 0.070964 0.074219 0.095052
0 0.225586 0.775391 0.074219 0.097656
