0 0.813477 0.804688 0.105469 0.095703
0 0.474609 0.497070 0.083984 0.076172
0 0.194824 0.566895 0.116211 0.094727
0 0.311035 0.656250 0.088867 0.074219
0 0.373047 0.696289 0.105469 0.078125
0 0.129395 0.522461 0.092773 0.076172
0 0.063477 0.140625 0.085938 0.076172
0 0.448242 0.343750 0.083984 0.072266
0 0.125488 0.190430 0.081055 0.078125
0 0.179688 0.116699 0.076172 0.077148
0 0.237793 0.168457 0.090820 0.079102
0 0.180176 0.254395 0.086914 0.094727
0 0.119141 0.067383 0.082031 0.076172
0 0.359863 0.268555 0.092773 0.082031
0 0.707520 0.288086 0.088867 0.083984
0 0.289551 0.095215 0.079102 0.079102
0 0.536133 0.541992 0.076172 0.070312
0 0.296387 0.217285 0.084961 0.073242
0 0.624512 0.494629 0.083008 0.071289
0 0.513184 0.397461 0.090820 0.076172
0 0.418457 0.745117 0.088867 0.078125
0 0.568359 0.446289 0.078125 0.070312
0 0.699219 0.054199 0.099609 0.104492
0 0.506836 0.878418 0.082031 0.075195
0 0.408691 0.198730 0.096680 0.086914
0 0.452637 0.072754 0.073242 0.073242
0 0.398926 0.037109 0.088867 0.072266
0 0.495117 0.123535 0.076172 0.079102
0 0.056641 0.027344 0.087891 0.052734
0 0.358887 0.391113 0.075195 0.073242
0 0.733887 0.732910 0.114258 0.088867
0 0.623047 0.392090 0.099609 0.086914
0 0.629395 0.225098 0.135742 0.110352
0 0.458496 0.777344 0.084961 0.076172
0 0.773438 0.116699 0.070312 0.075195
0 0.677246 0.788574 0.124023 0.086914
0 0.566895 0.695312 0.125977 0.093750
0 0.473633 0.821777 0.074219 0.081055
0 0.414062 0.445801 0.078125 0.073242
0 0.251953 0.615234 0.111328 0.085938
0 0.832031 0.604004 0.115234 0.122070
0 0.040527 0.469238 0.075195 0.063477
0 0.227539 0.042969 0.082031 0.076172
0 0.240234 0.293945 0.076172 0.078125
0 0.810547 0.362793 0.166016 0.165039
0 0.022949 0.436523 0.043945 0.064453
0 0.701660 0.548828 0.100586 0.087891
0 0.300293 0.338867 0.086914 0.072266
0 0.952148 0.609375 0.095703 0.125000
0 0.964355 0.439453 0.071289 0.083984
0 0.580078 0.961914 0.085938 0.072266
0 0.907227 0.510742 0.105469 0.117188
0 0.100098 0.971191 0.081055 0.055664
0 0.894531 0.698730 0.126953 0.096680
0 0.904297 0.897949 0.101562 0.086914
0 0.862793 0.852051 0.073242 0.069336
0 0.075684 0.679199 0.079102 0.084961
0 0.755371 0.491699 0.094727 0.084961
0 0.341797 0.013184 0.111328 0.024414
0 0.737305 0.084961 0.068359 0.066406
0 0.018066 0.593750 0.034180 0.078125
0 0.805664 0.155762 0.068359 0.057617
0 0.597656 0.596191 0.076172 0.069336
0 0.088867 0.486328 0.082031 0.074219
0 0.648438 0.641602 0.072266 0.070312
0 0.125488 0.702637 0.075195 0.055664
0 0.664551 0.023438 0.079102 0.044922
0 0.341309 0.142578 0.065430 0.066406
0 0.891113 0.049316 0.086914 0.075195
0 0.163086 0.015137 0.066406 0.028320
0 0.018555 0.083008 0.035156 0.080078
0 0.577637 0.344727 0.051758 0.052734
0 0.983398 0.797363 0.033203 0.155273
0 0.167480 0.745605 0.063477 0.073242
0 0.553223 0.325684 0.059570 0.065430
0 0.195801 0.877930 0.069336 0.060547
0 0.141602 0.933594 0.070312 0.062500
0 0.641602 0.012695 0.111328 0.023438
0 0.683594 0.441406 0.072266 0.064453
0 0.534180 0.057129 0.076172 0.079102
0 0.261719 0.810547 0.085938 0.080078
0 0.351074 0.931641 0.108398 0.121094
0 0.271484 0.946777 0.064453 0.065430
0 0.495117 0.279297 0.083984 0.072266
0 0.959473 0.088867 0.081055 0.087891
0 0.852539 0.197754 0.068359 0.057617
0 0.902832 0.235352 0.055664 0.050781
0 0.952637 0.270020 0.069336 0.063477
0 0.545410 0.927246 0.069336 0.053711
0 0.034668 0.639648 0.067383 0.066406
0 0.130371 0.394531 0.104492 0.087891
0 0.214844 0.770996 0.056641 0.061523
