0 0.276367 0.623047 0.179688 0.138672
0 0.248047 0.779297 0.138672 0.177734
0 0.478027 0.610352 0.165039 0.169922
0 0.381348 0.896973 0.116211 0.124023
0 0.060059 0.568848 0.118164 0.114258
0 0.056641 0.678711 0.111328 0.107422
0 0.938477 0.624023 0.123047 0.132812
0 0.454102 0.938965 0.101562 0.108398
0 0.081055 0.379883 0.130859 0.212891
0 0.622559 0.811523 0.137695 0.148438
0 0.305176 0.861816 0.118164 0.141602
0 0.534180 0.465820 0.156250 0.142578
0 0.055664 0.799316 0.109375 0.135742
0 0.541992 0.942871 0.126953 0.112305
0 0.209961 0.976562 0.183594 0.046875
