0 0.901855 0.416016 0.090820 0.097656
0 0.910156 0.541992 0.082031 0.083984
0 0.550781 0.248535 0.162109 0.122070
0 0.741211 0.396484 0.121094 0.072266
0 0.876465 0.688477 0.147461 0.099609
0 0.482910 0.495117 0.112305 0.085938
0 0.830566 0.533203 0.083008 0.091797
0 0.347168 0.469727 0.124023 0.134766
0 0.184570 0.417480 0.181641 0.165039
0 0.437500 0.413086 0.103516 0.080078
0 0.533203 0.552246 0.105469 0.086914
0 0.828613 0.404785 0.059570 0.079102
0 0.760742 0.158203 0.226562 0.224609
0 0.971680 0.424805 0.056641 0.099609
0 0.304688 0.572754 0.125000 0.092773
0 0.729980 0.763672 0.092773 0.091797
0 0.670898 0.481445 0.062500 0.062500
0 0.771973 0.804199 0.100586 0.073242
0 0.709961 0.520020 0.066406 0.075195
0 0.765625 0.529297 0.050781 0.082031
0 0.277344 0.657715 0.091797 0.075195
0 0.231934 0.779785 0.127930 0.061523
0 0.678223 0.716309 0.116211 0.084961
0 0.975586 0.547852 0.048828 0.087891
0 0.938965 0.757324 0.067383 0.069336
0 0.217773 0.973633 0.113281 0.052734
0 0.882812 0.935547 0.093750 0.070312
0 0.628418 0.654785 0.110352 0.071289
0 0.524414 0.125488 0.068359 0.059570
0 0.579590 0.604492 0.118164 0.072266
0 0.812012 0.853516 0.096680 0.076172
0 0.610840 0.405762 0.135742 0.116211
0 0.979980 0.230469 0.040039 0.080078
0 0.849609 0.899902 0.093750 0.075195
0 0.927734 0.218262 0.062500 0.067383
0 0.212891 0.914551 0.095703 0.069336
0 0.216309 0.848145 0.108398 0.065430
0 0.975098 0.683594 0.049805 0.076172
0 0.969727 0.804688 0.060547 0.085938
0 0.172363 0.289062 0.081055 0.095703
0 0.103516 0.043457 0.177734 0.084961
0 0.926758 0.977539 0.093750 0.044922
0 0.660156 0.062500 0.117188 0.121094
0 0.255371 0.723633 0.084961 0.062500
0 0.531738 0.038086 0.131836 0.074219
0 0.081543 0.729492 0.084961 0.144531
0 0.062988 0.223633 0.124023 0.287109
0 0.055664 0.848145 0.070312 0.079102
0 0.132324 0.550781 0.112305 0.085938
