0 0.312988 0.304688 0.104492 0.095703
0 0.672852 0.424316 0.097656 0.084961
0 0.896973 0.653320 0.086914 0.111328
0 0.614258 0.376953 0.101562 0.087891
0 0.965332 0.176270 0.069336 0.071289
0 0.744629 0.142090 0.071289 0.073242
0 0.849609 0.098633 0.082031 0.083984
0 0.903320 0.149414 0.068359 0.066406
0 0.722656 0.464355 0.083984 0.088867
0 0.250977 0.729492 0.107422 0.080078
0 0.077148 0.467285 0.087891 0.083008
0 0.110352 0.529297 0.082031 0.097656
0 0.748535 0.335449 0.086914 0.079102
0 0.791992 0.373535 0.082031 0.081055
0 0.673340 0.074219 0.083008 0.109375
0 0.945312 0.311523 0.085938 0.085938
0 0.296387 0.837891 0.098633 0.099609
0 0.038574 0.041992 0.075195 0.072266
0 0.084473 0.750488 0.081055 0.063477
0 0.233398 0.235840 0.115234 0.092773
0 0.900391 0.270996 0.062500 0.075195
0 0.866211 0.796387 0.095703 0.086914
0 0.796875 0.183105 0.058594 0.069336
0 0.827148 0.210938 0.060547 0.072266
0 0.177246 0.289062 0.125977 0.087891
0 0.026367 0.379883 0.050781 0.097656
0 0.596191 0.211914 0.137695 0.107422
0 0.964355 0.911133 0.071289 0.076172
0 0.066406 0.195801 0.125000 0.094727
0 0.391113 0.960938 0.086914 0.050781
0 0.409668 0.398438 0.110352 0.107422
0 0.208008 0.957031 0.091797 0.076172
0 0.395508 0.199219 0.128906 0.097656
0 0.328613 0.105469 0.116211 0.123047
0 0.661133 0.965332 0.089844 0.069336
0 0.718750 0.833496 0.074219 0.073242
0 0.865723 0.242188 0.065430 0.070312
0 0.978027 0.959473 0.043945 0.067383
0 0.533203 0.035156 0.097656 0.068359
0 0.466797 0.104980 0.126953 0.116211
0 0.047363 0.711426 0.069336 0.057617
0 0.525879 0.302246 0.125977 0.108398
0 0.789551 0.058105 0.079102 0.071289
0 0.788086 0.527832 0.126953 0.116211
0 0.850098 0.962402 0.084961 0.059570
0 0.555176 0.876953 0.127930 0.083984
0 0.146973 0.587402 0.077148 0.071289
0 0.427246 0.696289 0.100586 0.095703
0 0.667480 0.606445 0.065430 0.070312
0 0.201660 0.688965 0.061523 0.061523
0 0.706543 0.649414 0.098633 0.083984
0 0.362793 0.352051 0.073242 0.069336
0 0.708984 0.297363 0.078125 0.077148
0 0.397461 0.815430 0.107422 0.050781
0 0.847656 0.415039 0.099609 0.087891
0 0.616211 0.571777 0.087891 0.075195
0 0.907715 0.462402 0.083008 0.077148
0 0.110352 0.802734 0.083984 0.060547
0 0.983887 0.349609 0.032227 0.074219
0 0.084473 0.914551 0.083008 0.077148
0 0.841309 0.500488 0.086914 0.077148
0 0.954102 0.587891 0.072266 0.072266
0 0.202148 0.047852 0.099609 0.091797
0 0.235840 0.585938 0.075195 0.064453
0 0.340820 0.711426 0.070312 0.063477
0 0.802734 0.917969 0.066406 0.070312
0 0.770508 0.890137 0.060547 0.055664
0 0.567871 0.324707 0.077148 0.069336
0 0.128906 0.014648 0.109375 0.027344
0 0.148438 0.141602 0.070312 0.070312
0 0.735352 0.867188 0.062500 0.058594
0 0.728027 0.019043 0.090820 0.036133
0 0.766602 0.520020 0.083984 0.092773
0 0.972168 0.716309 0.045898 0.059570
0 0.985352 0.532715 0.029297 0.065430
0 0.097168 0.095703 0.075195 0.066406
0 0.178711 0.874512 0.060547 0.067383
0 0.983887 0.091797 0.032227 0.068359
0 0.986328 0.752930 0.027344 0.068359
0 0.503906 0.837402 0.121094 0.063477
0 0.967773 0.014648 0.064453 0.027344
0 0.354492 0.897949 0.080078 0.043945
0 0.406738 0.034180 0.112305 0.066406
0 0.864258 0.017090 0.087891 0.032227
0 0.044434 0.432617 0.069336 0.056641
0 0.180664 0.637207 0.080078 0.067383
0 0.498535 0.709961 0.059570 0.064453
0 0.558105 0.708008 0.059570 0.064453
0 0.622559 0.704102 0.059570 0.064453
0 0.568359 0.523926 0.087891 0.075195
0 0.492188 0.474609 0.117188 0.113281
0 0.360352 0.927246 0.080078 0.043945
0 0.918945 0.858887 0.095703 0.086914
0 0.800293 0.746582 0.118164 0.094727
0 0.702637 0.791992 0.094727 0.074219
0 0.665039 0.268555 0.064453 0.072266
