0 0.102214 0.621745 0.118490 0.113281
0 0.895833 0.573568 0.111979 0.097656
0 0.800781 0.506510 0.106771 0.104167
0 0.227865 0.384115 0.119792 0.104167
0 0.417318 0.404948 0.144531 0.135417
0 0.960938 0.615234 0.078125 0.102865
0 0.195312 0.793620 0.104167 0.097656
0 0.029948 0.503906 0.057292 0.109375
0 0.433594 0.134766 0.156250 0.160156
0 0.147135 0.710938 0.117188 0.114583
0 0.521484 0.265625 0.167969 0.132812
0 0.333333 0.959635 0.143229 0.080729
0 0.194010 0.197917 0.085938 0.091146
0 0.053385 0.069661 0.104167 0.102865
0 0.882161 0.802083 0.095052 0.093750
0 0.477214 0.466146 0.095052 0.085938
0 0.788411 0.279297 0.175781 0.128906
0 0.968099 0.186849 0.063802 0.108073
0 0.711589 0.049479 0.134115 0.096354
0 0.975260 0.458984 0.049479 0.108073
0 0.832682 0.760417 0.115885 0.104167
0 0.618490 0.150391 0.164062 0.154948
0 0.085286 0.268229 0.147135 0.119792
0 0.537109 0.534505 0.149740 0.139323
0 0.307943 0.315104 0.152344 0.130208
0 0.649089 0.636719 0.157552 0.145833
0 0.268880 0.919922 0.074219 0.063802
0 0.706380 0.399740 0.144531 0.132812
0 0.944010 0.401693 0.111979 0.100260
0 0.065104 0.942057 0.109375 0.069010
0 0.305990 0.778646 0.093750 0.088542
0 0.455078 0.935547 0.092448 0.082031
0 0.257161 0.070312 0.121094 0.117188
0 0.936198 0.869141 0.122396 0.102865
0 0.118490 0.145833 0.104167 0.098958
0 0.059245 0.568359 0.097656 0.079427
0 0.539062 0.042969 0.138021 0.083333
0 0.898438 0.108073 0.119792 0.125000
0 0.337240 0.022786 0.083333 0.042969
0 0.167969 0.022786 0.083333 0.042969
0 0.242188 0.848307 0.104167 0.097656
0 0.104818 0.977214 0.105469 0.045573
0 0.566406 0.923828 0.127604 0.121094
0 0.658203 0.947266 0.087240 0.079427
0 0.740234 0.943359 0.087240 0.079427
0 0.829427 0.938802 0.096354 0.098958
0 0.744792 0.697266 0.132812 0.126302
0 0.947917 0.026693 0.104167 0.050781
0 0.891927 0.361328 0.091146 0.100260
