0 0.562988 0.554688 0.104492 0.095703
0 0.183594 0.867676 0.123047 0.116211
0 0.224609 0.247070 0.083984 0.076172
0 0.923340 0.674316 0.098633 0.084961
0 0.121582 0.446777 0.104492 0.077148
0 0.916504 0.103027 0.094727 0.086914
0 0.864258 0.626953 0.101562 0.087891
0 0.190918 0.096680 0.096680 0.085938
0 0.722168 0.190918 0.088867 0.084961
0 0.060059 0.405762 0.090820 0.075195
0 0.326172 0.719727 0.087891 0.083984
0 0.783203 0.278809 0.099609 0.081055
0 0.377930 0.249512 0.083984 0.071289
0 0.264160 0.157715 0.090820 0.077148
0 0.285645 0.291992 0.077148 0.070312
0 0.256836 0.635254 0.091797 0.086914
0 0.561523 0.110840 0.152344 0.145508
0 0.965332 0.711426 0.069336 0.088867
0 0.168457 0.495117 0.088867 0.078125
0 0.318359 0.201172 0.078125 0.070312
0 0.483398 0.485840 0.115234 0.092773
0 0.427734 0.539551 0.125000 0.088867
0 0.360840 0.781250 0.081055 0.093750
0 0.109375 0.141602 0.074219 0.074219
0 0.366699 0.128906 0.100586 0.083984
0 0.315918 0.445801 0.125977 0.094727
0 0.223633 0.571777 0.072266 0.081055
0 0.208008 0.527344 0.083984 0.076172
0 0.458984 0.045898 0.089844 0.080078
0 0.164062 0.195801 0.078125 0.073242
0 0.579102 0.355957 0.117188 0.122070
0 0.645508 0.448730 0.128906 0.098633
0 0.716797 0.354980 0.126953 0.116211
0 0.450195 0.298828 0.099609 0.087891
0 0.656250 0.260742 0.105469 0.117188
0 0.968750 0.258301 0.062500 0.069336
0 0.840332 0.469238 0.127930 0.092773
0 0.784180 0.113770 0.123047 0.106445
0 0.979492 0.396973 0.041016 0.063477
0 0.050293 0.088867 0.086914 0.072266
0 0.881348 0.158691 0.065430 0.059570
0 0.659668 0.648926 0.110352 0.106445
0 0.781738 0.546387 0.124023 0.114258
0 0.405273 0.843750 0.095703 0.091797
0 0.504395 0.241211 0.092773 0.085938
0 0.958496 0.549316 0.067383 0.077148
0 0.612793 0.602051 0.073242 0.069336
0 0.499023 0.967773 0.101562 0.064453
0 0.291992 0.948730 0.085938 0.047852
0 0.111328 0.020020 0.099609 0.038086
0 0.915039 0.521973 0.054688 0.077148
0 0.158691 0.757812 0.084961 0.064453
0 0.428711 0.890625 0.078125 0.076172
0 0.919922 0.338867 0.105469 0.087891
0 0.905762 0.849121 0.065430 0.069336
0 0.347656 0.346191 0.076172 0.069336
0 0.389648 0.394043 0.072266 0.071289
0 0.958496 0.038574 0.083008 0.075195
0 0.864746 0.812500 0.083008 0.076172
0 0.392090 0.015625 0.077148 0.029297
0 0.016113 0.848633 0.030273 0.070312
0 0.448242 0.935547 0.060547 0.060547
0 0.109863 0.677246 0.118164 0.141602
0 0.483887 0.835449 0.067383 0.063477
0 0.697754 0.030273 0.081055 0.058594
0 0.836914 0.202637 0.105469 0.104492
0 0.028320 0.367676 0.054688 0.079102
0 0.330566 0.983887 0.079102 0.032227
0 0.737793 0.731934 0.124023 0.112305
0 0.326660 0.093262 0.051758 0.051758
0 0.015625 0.048340 0.029297 0.077148
0 0.026855 0.694824 0.051758 0.088867
0 0.302734 0.075195 0.058594 0.064453
0 0.983887 0.591797 0.032227 0.080078
0 0.240723 0.032227 0.102539 0.062500
0 0.436035 0.184082 0.073242 0.067383
0 0.294922 0.673828 0.082031 0.060547
0 0.808105 0.765625 0.083008 0.076172
0 0.952637 0.905762 0.094727 0.102539
0 0.868652 0.953613 0.071289 0.061523
0 0.809570 0.953613 0.054688 0.061523
0 0.751953 0.958984 0.064453 0.056641
0 0.671875 0.943848 0.107422 0.088867
0 0.588379 0.958496 0.057617 0.071289
