0 0.649902 0.538411 0.077148 0.139323
0 0.870117 0.257161 0.087891 0.105469
0 0.422852 0.233073 0.097656 0.114583
0 0.619141 0.729167 0.080078 0.101562
0 0.175781 0.585286 0.095703 0.126302
0 0.472656 0.295573 0.074219 0.088542
0 0.763184 0.369792 0.083008 0.091146
0 0.045410 0.779297 0.088867 0.123698
0 0.874512 0.820312 0.083008 0.132812
0 0.362793 0.417969 0.086914 0.104167
0 0.362305 0.170573 0.083984 0.098958
0 0.809570 0.319661 0.070312 0.092448
0 0.531250 0.387370 0.125000 0.126302
0 0.766602 0.690104 0.097656 0.093750
0 0.158203 0.193359 0.087891 0.128906
0 0.923340 0.184896 0.071289 0.088542
0 0.146973 0.754557 0.108398 0.069010
0 0.456055 0.507812 0.097656 0.111979
0 0.441895 0.714193 0.088867 0.100260
0 0.405273 0.460286 0.066406 0.095052
0 0.919922 0.485677 0.093750 0.101562
0 0.969238 0.432943 0.057617 0.082031
0 0.829590 0.598958 0.071289 0.098958
0 0.593262 0.214844 0.086914 0.093750
0 0.659668 0.281250 0.084961 0.104167
0 0.586426 0.335938 0.084961 0.104167
0 0.723633 0.427734 0.046875 0.063802
0 0.962891 0.113281 0.074219 0.114583
0 0.090820 0.605469 0.070312 0.085938
0 0.303711 0.837891 0.103516 0.089844
0 0.110352 0.138672 0.058594 0.079427
0 0.056152 0.080729 0.090820 0.109375
0 0.942871 0.727214 0.063477 0.071615
0 0.970703 0.677083 0.054688 0.106771
0 0.750977 0.927734 0.072266 0.092448
0 0.821777 0.651042 0.051758 0.080729
0 0.720703 0.878255 0.066406 0.079427
0 0.460938 0.770182 0.070312 0.079427
0 0.241699 0.292318 0.108398 0.144531
0 0.547363 0.152344 0.067383 0.091146
0 0.410645 0.953776 0.094727 0.089844
0 0.378418 0.603516 0.071289 0.092448
0 0.722656 0.623047 0.060547 0.074219
0 0.027344 0.631510 0.052734 0.114583
0 0.697754 0.083333 0.071289 0.098958
0 0.282227 0.068359 0.113281 0.134115
0 0.511719 0.104167 0.068359 0.096354
0 0.256348 0.764974 0.110352 0.082031
0 0.459961 0.064453 0.064453 0.100260
0 0.306152 0.359375 0.086914 0.104167
0 0.312500 0.602865 0.062500 0.088542
0 0.252930 0.606771 0.062500 0.088542
0 0.097168 0.850260 0.083008 0.070312
0 0.119629 0.901042 0.083008 0.070312
0 0.139648 0.956380 0.087891 0.087240
0 0.540039 0.654297 0.107422 0.121094
0 0.489258 0.815755 0.070312 0.079427
0 0.514648 0.853516 0.070312 0.079427
0 0.545898 0.900391 0.070312 0.079427
0 0.584961 0.947917 0.070312 0.080729
0 0.672852 0.822917 0.080078 0.101562
0 0.748535 0.143229 0.071289 0.098958
0 0.834961 0.037760 0.093750 0.072917
0 0.653320 0.040365 0.076172 0.078125
0 0.913086 0.903646 0.056641 0.072917
0 0.962891 0.953125 0.072266 0.093750
0 0.792480 0.967448 0.077148 0.065104
0 0.692383 0.459635 0.058594 0.088542
0 0.873535 0.546875 0.071289 0.098958
0 0.411621 0.033203 0.061523 0.063802
