0 0.880859 0.390625 0.108073 0.111979
0 0.865885 0.223307 0.119792 0.131510
0 0.652344 0.195312 0.169271 0.098958
0 0.771484 0.203125 0.076823 0.104167
0 0.961589 0.234375 0.076823 0.135417
0 0.080729 0.427083 0.158854 0.132812
0 0.966797 0.394531 0.066406 0.117188
0 0.774740 0.378255 0.109375 0.123698
0 0.633464 0.680990 0.128906 0.122396
0 0.914062 0.674479 0.091146 0.088542
0 0.322917 0.337891 0.145833 0.115885
0 0.272135 0.218099 0.151042 0.110677
0 0.386719 0.416016 0.135417 0.113281
0 0.061849 0.549479 0.115885 0.117188
0 0.555339 0.305339 0.087240 0.079427
0 0.685547 0.365234 0.066406 0.100260
0 0.835938 0.581380 0.192708 0.136719
0 0.965495 0.576823 0.069010 0.098958
0 0.611979 0.359375 0.083333 0.075521
0 0.692057 0.755859 0.131510 0.100260
0 0.501302 0.552734 0.143229 0.097656
0 0.897786 0.964193 0.139323 0.071615
0 0.743490 0.808594 0.125000 0.104167
0 0.456380 0.479167 0.149740 0.098958
0 0.791667 0.865234 0.122396 0.097656
0 0.565104 0.628906 0.148438 0.111979
0 0.844401 0.912109 0.128906 0.087240
0 0.478516 0.195964 0.173177 0.131510
0 0.136719 0.294271 0.156250 0.164062
0 0.958984 0.739583 0.082031 0.111979
0 0.031250 0.723307 0.059896 0.074219
0 0.409505 0.038411 0.225260 0.074219
0 0.037760 0.645182 0.072917 0.087240
0 0.022786 0.796224 0.042969 0.076823
