0 0.157227 0.622070 0.130859 0.091797
0 0.195312 0.485352 0.140625 0.166016
0 0.407715 0.887207 0.127930 0.098633
0 0.375000 0.760742 0.101562 0.080078
0 0.479004 0.723633 0.096680 0.082031
0 0.249023 0.954590 0.101562 0.090820
0 0.684570 0.786621 0.087891 0.088867
0 0.293457 0.780762 0.081055 0.086914
0 0.297852 0.527344 0.070312 0.078125
0 0.416016 0.972656 0.083984 0.054688
0 0.215820 0.805176 0.080078 0.086914
0 0.498535 0.854004 0.071289 0.090820
0 0.344727 0.665527 0.060547 0.067383
0 0.804199 0.129883 0.315430 0.257812
0 0.516113 0.263184 0.323242 0.317383
0 0.958496 0.976074 0.083008 0.047852
0 0.763672 0.761230 0.095703 0.088867
0 0.611816 0.673828 0.090820 0.062500
0 0.950195 0.675293 0.099609 0.073242
0 0.230469 0.156250 0.138672 0.291016
0 0.830566 0.735840 0.075195 0.102539
0 0.073242 0.976562 0.099609 0.046875
0 0.409668 0.682617 0.067383 0.068359
0 0.692383 0.650879 0.068359 0.057617
0 0.431152 0.560547 0.069336 0.068359
0 0.934570 0.552734 0.130859 0.093750
0 0.635742 0.891113 0.103516 0.077148
0 0.045898 0.602051 0.087891 0.059570
0 0.499512 0.583496 0.077148 0.067383
0 0.540527 0.976562 0.053711 0.046875
0 0.724609 0.860352 0.076172 0.056641
0 0.363770 0.544434 0.065430 0.069336
0 0.051758 0.861328 0.085938 0.117188
0 0.379883 0.033203 0.082031 0.064453
0 0.140137 0.831055 0.088867 0.107422
0 0.268066 0.648438 0.104492 0.087891
0 0.764648 0.607422 0.093750 0.097656
0 0.935547 0.317871 0.128906 0.127930
0 0.772461 0.847168 0.033203 0.057617
0 0.800781 0.837402 0.033203 0.057617
0 0.831055 0.827637 0.033203 0.057617
0 0.588379 0.969238 0.043945 0.061523
0 0.162598 0.961914 0.077148 0.076172
