0 0.186849 0.858724 0.113281 0.121094
0 0.291667 0.843099 0.114583 0.134115
0 0.395833 0.819010 0.119792 0.109375
0 0.555990 0.772786 0.239583 0.121094
0 0.166016 0.663411 0.136719 0.113281
0 0.056641 0.699219 0.108073 0.114583
0 0.067708 0.873047 0.132812 0.097656
0 0.617839 0.266927 0.352865 0.234375
0 0.197917 0.132161 0.083333 0.092448
0 0.860026 0.795573 0.277344 0.367188
0 0.103516 0.273438 0.082031 0.075521
0 0.889323 0.498698 0.221354 0.122396
0 0.308594 0.434245 0.236979 0.186198
0 0.709635 0.544271 0.148438 0.111979
0 0.020182 0.350260 0.037760 0.088542
0 0.889323 0.119141 0.221354 0.149740
0 0.160156 0.207031 0.083333 0.093750
0 0.056641 0.317708 0.082031 0.075521
0 0.566406 0.587240 0.148438 0.111979
0 0.416667 0.618490 0.148438 0.111979
0 0.693359 0.130208 0.136719 0.135417
