0 0.421054 0.609505 0.640611 0.439053 0.528114 0.294147 0.308557 0.464599
0 0.200914 0.309459 0.445657 0.128040 0.327184 0.000000 0.082440 0.149632
0 0.666664 0.280614 0.809649 0.203834 0.672186 0.000000 0.529202 0.024620
0 0.769826 0.353262 0.914827 0.241838 0.840765 0.145459 0.695765 0.256883
0 0.538113 0.865151 0.797711 0.675073 0.694397 0.533972 0.434798 0.724050
0 0.091081 1.000000 0.345477 0.804996 0.231413 0.657862 0.000000 0.855079
0 0.305240 0.466188 0.548389 0.300488 0.427891 0.123667 0.184741 0.289367
0 0.728293 1.000000 0.972095 0.916872 0.882595 0.783161 0.638793 0.946351
0 0.861944 0.065215 0.862863 0.000000 0.742990 0.000000 0.742071 0.063551
0 1.000000 0.092459 1.000000 0.000102 0.853845 0.000000 0.851773 0.089072
0 0.471589 0.686537 0.710557 0.539638 0.652466 0.445139 0.413498 0.592038
0 0.005432 0.840656 0.223286 0.685804 0.163061 0.601076 0.000000 0.755927
0 0.026655 0.701820 0.224881 0.536606 0.091215 0.376233 0.000000 0.541447
0 0.624908 0.980332 0.882025 0.785768 0.786986 0.660174 0.529869 0.854738
0 0.974697 0.490666 1.000000 0.404356 0.981145 0.231410 0.855703 0.317719
0 0.350415 1.000000 0.437968 0.970540 0.286987 0.836580 0.199434 0.935257
0 0.047540 0.462696 0.121714 0.347050 0.000000 0.265753 0.000000 0.381399
0 0.796201 0.063515 0.796237 0.002611 0.711194 0.002561 0.711158 0.063464
0 0.855041 0.998428 0.995104 0.998336 0.995064 0.936880 0.855001 0.936972
0 0.236699 0.578289 0.297532 0.537713 0.186704 0.371559 0.125871 0.412135