0 0.508606 0.929651 0.515276 0.799433 0.402617 0.793663 0.395948 0.923881
0 0.618777 0.680810 0.711701 0.679824 0.710779 0.592971 0.617855 0.593957
0 0.696389 0.549750 0.698210 0.455659 0.611811 0.453986 0.609989 0.548077
0 0.466878 0.468155 0.476378 0.350602 0.356237 0.340893 0.346737 0.458446
0 0.778585 0.528798 0.781844 0.452652 0.699402 0.449123 0.696142 0.525269
0 0.244267 0.975131 0.305710 0.957744 0.275008 0.849246 0.213564 0.866634
0 0.109544 0.811300 0.249166 0.788999 0.238008 0.719145 0.098387 0.741446
0 0.928675 0.872000 0.930700 0.734509 0.803254 0.732631 0.801228 0.870122
0 0.688704 0.390253 0.693415 0.291066 0.583745 0.285857 0.579034 0.385044
0 0.171840 0.997562 0.242900 0.977401 0.205361 0.845088 0.134301 0.865249
0 0.292404 0.224072 0.403648 0.176615 0.368362 0.093900 0.257118 0.141357
0 0.307518 0.961683 0.368486 0.943762 0.335126 0.830270 0.274158 0.848192
0 0.095126 0.744557 0.223283 0.721896 0.211387 0.654620 0.083230 0.677281
0 0.070462 0.683977 0.195280 0.659713 0.182265 0.592761 0.057447 0.617026
0 1.000000 0.375717 1.000000 0.274095 0.934795 0.272096 0.931899 0.373718
0 0.772814 0.380176 0.774909 0.283450 0.697044 0.281763 0.694949 0.378489
0 0.004684 0.442879 0.122311 0.427346 0.114361 0.367148 0.000000 0.382682
0 0.633086 0.850740 0.717261 0.849350 0.715868 0.765009 0.631693 0.766400
0 0.367664 0.593859 0.494106 0.590848 0.492171 0.509582 0.365729 0.512593
0 0.998546 0.767557 1.000000 0.658401 0.918292 0.656959 0.916377 0.766116
0 0.370834 0.939323 0.422499 0.922823 0.389023 0.818005 0.337358 0.834505
0 0.766486 0.728255 0.915656 0.726208 0.914825 0.665640 0.765655 0.667687
0 0.339567 0.355747 0.455550 0.325244 0.436562 0.253045 0.320579 0.283548
0 0.126254 0.863739 0.240948 0.850289 0.233507 0.786837 0.118813 0.800288
0 0.025129 0.509750 0.150026 0.483929 0.136330 0.417680 0.011433 0.443501
0 0.849953 0.373713 0.851174 0.286164 0.774662 0.285098 0.773442 0.372647
0 0.998867 0.933319 0.999103 0.869402 0.925876 0.869132 0.925640 0.933049
0 0.356644 0.298297 0.435808 0.238182 0.382243 0.167644 0.303080 0.227758
0 0.004700 0.385230 0.096030 0.370550 0.085272 0.303621 0.000000 0.318301
0 0.022150 0.085861 0.135830 0.055162 0.113696 0.000000 0.000016 0.003901
0 0.643328 0.251452 0.646593 0.155191 0.550029 0.151916 0.546764 0.248178
0 0.051846 0.618871 0.170655 0.600053 0.161234 0.540568 0.042424 0.559386
0 0.724900 0.771822 0.726988 0.677670 0.631436 0.675552 0.629349 0.769703
0 0.642106 0.300813 0.644680 0.237911 0.575817 0.235094 0.573244 0.297996
0 0.929905 0.373176 0.930651 0.286118 0.855233 0.285472 0.854487 0.372530
0 0.042523 0.564304 0.155032 0.543454 0.144285 0.485463 0.031776 0.506314
0 0.265875 0.076605 0.325031 0.024375 0.276288 0.000000 0.217132 0.021399
0 0.684314 0.598080 0.684960 0.544793 0.617588 0.543977 0.616942 0.597263
0 0.054301 0.182231 0.057988 0.124587 0.001197 0.120954 0.000000 0.178599
0 0.500657 0.744395 0.501855 0.641236 0.382941 0.639854 0.381742 0.743013
0 0.057936 0.330562 0.080917 0.262931 0.014632 0.240408 0.000000 0.308039
0 0.766670 0.656343 0.767465 0.588173 0.710505 0.587510 0.709711 0.655679
0 0.011196 1.000000 0.094225 0.996565 0.085093 0.939200 0.002064 0.952417
0 0.912997 0.564658 0.915495 0.458027 0.852548 0.456552 0.850050 0.563183
0 0.916555 0.551435 0.969826 0.550682 0.968393 0.449229 0.915122 0.449981
0 1.000000 0.540231 1.000000 0.455467 0.968978 0.455263 0.968465 0.540027
0 0.069482 0.256035 0.070597 0.181051 0.000000 0.179978 0.000000 0.254962
0 0.056089 0.885015 0.058427 0.800499 0.000000 0.798670 0.000000 0.883186
0 0.704017 0.216926 0.801014 0.202239 0.779134 0.057735 0.682136 0.072423
0 0.501715 0.784231 0.504089 0.713630 0.386864 0.709688 0.384490 0.780289
0 0.245752 0.144659 0.359926 0.093411 0.334660 0.037124 0.220487 0.088372
0 0.494181 0.649916 0.494830 0.594870 0.372519 0.593426 0.371869 0.648472
0 0.637999 1.000000 0.748882 1.000000 0.748519 0.937707 0.637636 0.938290
0 0.000000 0.805252 0.043761 0.803425 0.040668 0.723474 0.000000 0.725300
0 0.166230 0.037162 0.226107 0.019043 0.215307 0.000000 0.155429 0.001468
0 0.420940 1.000000 0.519247 1.000000 0.517032 0.976741 0.418725 0.985906
0 0.986112 0.132045 0.989425 0.000000 0.802683 0.000000 0.799369 0.127416
0 0.796263 0.949431 0.801891 0.830152 0.639356 0.822483 0.633728 0.941762
0 0.076019 0.955420 0.085407 0.877646 0.006123 0.868076 0.000000 0.945850
0 0.262721 0.404238 0.321556 0.388152 0.313095 0.357203 0.254259 0.373290
0 0.996235 0.808482 0.997005 0.759725 0.933443 0.758723 0.932674 0.807479
0 0.630315 0.221481 0.679034 0.202895 0.654614 0.138881 0.605894 0.157468
0 0.817711 0.918106 0.895918 0.915699 0.894347 0.864681 0.816140 0.867089
0 0.676706 0.212417 0.715918 0.203065 0.692829 0.106246 0.653617 0.115598
0 0.000000 0.730071 0.031840 0.728721 0.029927 0.679498 0.000000 0.680849
0 0.000340 0.076939 0.018513 0.076658 0.017485 0.010290 0.000000 0.010571
0 0.012403 0.958177 0.086541 0.949813 0.081027 0.900939 0.006889 0.909303
0 0.657490 0.227294 0.675174 0.155935 0.595172 0.136109 0.577488 0.207468