0 0.542390 0.961829 0.548835 0.856087 0.443958 0.849694 0.437513 0.955436
0 0.373573 0.732281 0.410412 0.642287 0.331024 0.609789 0.294184 0.699784
0 0.759530 0.953125 0.763081 0.840092 0.663934 0.836978 0.660384 0.950011
0 0.101498 0.549975 0.192477 0.511383 0.131655 0.367998 0.040676 0.406590
0 0.222028 0.990289 0.321770 0.964457 0.286747 0.829224 0.187005 0.855056
0 0.660676 0.808260 0.752302 0.781129 0.717246 0.662737 0.625620 0.689868
0 0.641892 0.627003 0.644565 0.538660 0.562594 0.536180 0.559922 0.624523
0 0.859918 0.190428 0.874321 0.085766 0.764100 0.070598 0.749697 0.175260
0 0.884846 0.581729 0.900109 0.499066 0.838261 0.487645 0.822997 0.570308
0 0.374795 0.812566 0.400635 0.742240 0.345653 0.722038 0.319813 0.792363
0 0.828680 0.582426 0.832137 0.500618 0.757468 0.497463 0.754011 0.579271
0 0.107492 0.883098 0.114783 0.782540 0.015262 0.775324 0.007971 0.875882
0 0.702223 0.601225 0.763290 0.587749 0.742939 0.495522 0.681872 0.508997
0 0.758982 0.113202 0.862965 0.072599 0.829722 0.000000 0.725739 0.028069
0 0.407319 0.579378 0.457870 0.497148 0.402239 0.462948 0.351687 0.545178
0 0.654671 0.266463 0.689796 0.137259 0.560947 0.102231 0.525822 0.231435
0 0.815553 0.397943 0.821387 0.266714 0.679807 0.260420 0.673973 0.391650
0 0.563436 0.796027 0.569537 0.709562 0.449627 0.701101 0.443527 0.787567
0 0.974045 0.849783 0.976270 0.740293 0.867900 0.738091 0.865675 0.847581
0 0.379337 0.961853 0.442860 0.959470 0.438718 0.849085 0.375195 0.851468
0 0.811699 0.938888 0.872796 0.935191 0.866698 0.834406 0.805600 0.838103
0 0.647223 0.615497 0.701998 0.604332 0.683153 0.511881 0.628377 0.523046
0 0.301406 0.952732 0.378705 0.952311 0.378171 0.854145 0.300872 0.854566
0 0.776147 0.750938 0.824911 0.742926 0.808944 0.645753 0.760181 0.653765
0 0.217270 0.703328 0.220863 0.610072 0.129131 0.606538 0.125539 0.699794
0 0.340864 0.537621 0.423423 0.449613 0.356463 0.386800 0.273904 0.474808
0 0.146905 1.000000 0.154651 0.895336 0.046815 0.887499 0.039070 0.994080
0 0.473266 0.588596 0.494521 0.515747 0.445375 0.501407 0.424120 0.574257
0 1.000000 0.938192 1.000000 0.847904 0.916527 0.843820 0.912382 0.934108
0 0.670453 0.101778 0.674599 0.042895 0.448926 0.027004 0.444779 0.085887
0 0.549775 0.964141 0.664170 0.945671 0.643684 0.818780 0.529288 0.837249
0 0.324227 0.668090 0.345540 0.588770 0.260827 0.566007 0.239514 0.645327
0 0.178218 0.337110 0.251033 0.228923 0.161547 0.168694 0.088732 0.276880
0 0.189716 0.867669 0.299526 0.828299 0.266803 0.737029 0.156993 0.776399
0 0.760655 0.935702 0.813896 0.932171 0.807419 0.834502 0.754178 0.838033
0 0.002656 0.732693 0.074471 0.719193 0.054563 0.613286 0.000000 0.626785
0 0.055256 0.994927 0.055622 0.929845 0.000000 0.929531 0.000000 0.994614
0 0.877575 0.733972 0.885025 0.641000 0.811427 0.635102 0.803976 0.728074
0 0.552944 0.613512 0.564788 0.536093 0.483290 0.523625 0.471446 0.601044
0 0.675594 0.056080 0.682505 0.005139 0.571841 0.000000 0.564930 0.041066
0 0.996821 0.074427 0.996928 0.003990 0.923064 0.003877 0.922957 0.074314
0 1.000000 0.162991 1.000000 0.072016 0.936164 0.071316 0.935227 0.162290
0 0.183549 0.788271 0.249991 0.737291 0.204029 0.677390 0.137588 0.728369
0 0.027986 0.623822 0.059661 0.576681 0.007068 0.541343 0.000000 0.588484
0 0.876033 0.774907 0.959491 0.706662 0.924391 0.663737 0.840933 0.731982
0 0.981582 0.648224 1.000000 0.570535 0.975514 0.525560 0.919359 0.603248
0 0.080620 0.786208 0.083852 0.718307 0.001819 0.714402 0.000000 0.782303
0 0.833537 0.239167 0.914237 0.199773 0.889501 0.149100 0.808801 0.188495
0 0.000000 0.360872 0.085564 0.333752 0.036488 0.160355 0.000000 0.187475
0 0.175994 0.826813 0.283639 0.797422 0.268983 0.743745 0.161338 0.773136
0 0.558103 0.780335 0.598581 0.778719 0.594940 0.687495 0.554462 0.689110
0 0.600019 0.805231 0.651402 0.802118 0.644236 0.683852 0.592853 0.686965
0 0.000967 0.561183 0.032264 0.557066 0.016161 0.434656 0.000000 0.438774
0 0.506217 0.268025 0.558425 0.266756 0.554964 0.124336 0.502756 0.125604
0 0.964587 0.670365 1.000000 0.669108 1.000000 0.616694 0.962929 0.617950
0 0.000000 0.143377 0.061184 0.135901 0.045580 0.003339 0.000000 0.010814
0 0.186066 0.382007 0.277528 0.290265 0.239009 0.251864 0.147548 0.343606
0 0.215490 0.403456 0.294045 0.323476 0.258996 0.289051 0.180441 0.369030
0 0.143431 0.239662 0.163636 0.156599 0.095103 0.139929 0.074898 0.222992
0 0.939576 0.434509 1.000000 0.359393 0.927514 0.261712 0.847674 0.336828
0 0.285483 0.472884 0.358259 0.381357 0.298880 0.334143 0.226104 0.425671
0 0.000000 0.365187 0.076923 0.364547 0.075338 0.171145 0.000000 0.171785
0 0.748217 0.059050 0.751177 0.000000 0.656983 0.000000 0.654022 0.054553
0 0.875637 0.812370 0.971082 0.783443 0.955512 0.732070 0.860068 0.760997
0 0.973541 0.479512 1.000000 0.479111 0.999220 0.415721 0.972587 0.416122
0 0.952381 1.000000 0.952398 0.987193 0.859044 0.987074 0.859027 1.000000
0 0.997432 1.000000 0.997753 0.980718 0.938513 0.979738 0.938191 0.999158