0 0.423124 0.940262 0.493986 0.860534 0.402289 0.715643 0.331426 0.795370
0 0.129597 0.607713 0.181938 0.509131 0.013875 0.350497 0.000000 0.449078
0 0.433834 0.460161 0.481232 0.362365 0.427046 0.315677 0.379648 0.413473
0 0.991129 0.130832 0.997801 0.000000 0.898030 0.000000 0.891358 0.122347
0 0.500483 1.000000 0.558367 0.984695 0.457323 0.868039 0.399440 0.957172
0 0.219313 0.651972 0.259006 0.551453 0.175634 0.492924 0.135941 0.593442
0 0.038269 0.996135 0.078627 0.926075 0.005434 0.851121 0.000000 0.921181
0 0.244640 0.186314 0.305826 0.109242 0.200950 0.000000 0.139763 0.038296
0 0.705298 0.799067 0.750586 0.736725 0.662568 0.623051 0.617279 0.685393
0 0.378907 0.790725 0.484957 0.664519 0.433297 0.587347 0.327247 0.713554
0 0.304343 0.488596 0.333807 0.392547 0.188722 0.313425 0.159258 0.409474
0 0.608076 0.690173 0.657617 0.624159 0.576644 0.516128 0.527103 0.582142
0 0.779270 0.913624 0.824581 0.854128 0.728396 0.723897 0.683084 0.783392
0 0.706381 0.271995 0.725138 0.176278 0.647041 0.149070 0.628284 0.244787
0 0.996985 0.969247 1.000000 0.859227 0.976835 0.817665 0.935203 0.927685
0 0.515928 0.582038 0.566197 0.517645 0.468072 0.381461 0.417802 0.445854
0 0.967454 1.000000 0.992432 0.948634 0.920810 0.911145 0.895832 0.995980
0 0.097743 0.147063 0.097957 0.004878 0.003022 0.004624 0.002809 0.146810
0 0.118147 1.000000 0.141172 0.976395 0.058470 0.927471 0.035444 0.996668
0 0.707051 0.035833 0.710199 0.000000 0.643960 0.000000 0.640812 0.026412
0 0.643367 0.721133 0.681337 0.646371 0.622680 0.593410 0.584710 0.668173