0 0.389739 0.961691 0.398319 0.856436 0.259054 0.850050 0.250474 0.955305
0 0.164908 0.732679 0.214117 0.642572 0.108142 0.610017 0.058933 0.700124
0 0.679368 0.953123 0.684114 0.840097 0.551919 0.836974 0.547173 0.950001
0 0.547533 0.808247 0.669705 0.781158 0.623030 0.662748 0.500858 0.689837
0 0.522547 0.627034 0.526130 0.538743 0.416936 0.536250 0.413354 0.624541
0 0.813195 0.190432 0.832422 0.085774 0.685485 0.070589 0.666257 0.175248
0 0.846464 0.581728 0.866814 0.499065 0.784347 0.487645 0.763996 0.570308
0 0.166236 0.812631 0.200370 0.741799 0.127559 0.722063 0.093425 0.792894
0 0.771570 0.582431 0.776185 0.500619 0.676628 0.497461 0.672014 0.579272
0 0.209977 0.579050 0.276923 0.496967 0.203434 0.463253 0.136489 0.545336
0 0.602961 0.601209 0.684380 0.587732 0.657247 0.495529 0.575828 0.509006
0 0.678649 0.113206 0.817288 0.072595 0.772955 0.000000 0.634316 0.028074
0 0.537110 0.267633 0.588198 0.139226 0.417145 0.100945 0.366057 0.229352
0 0.754079 0.397895 0.761833 0.266724 0.573188 0.260451 0.565434 0.391622
0 0.416601 0.795477 0.425124 0.710499 0.267001 0.701577 0.258477 0.786556
0 0.172493 0.960989 0.257229 0.958448 0.251427 0.849611 0.166691 0.852152
0 0.071078 0.951049 0.170674 0.950397 0.169547 0.853557 0.069951 0.854209
0 0.965403 0.849789 0.968369 0.740292 0.823867 0.738091 0.820902 0.847588
0 0.748927 0.938888 0.830400 0.935190 0.822268 0.834411 0.740796 0.838108
0 0.529641 0.615515 0.602690 0.604337 0.577547 0.511908 0.504498 0.523085
0 0.117370 0.538106 0.232461 0.450471 0.144467 0.385466 0.029375 0.473101
0 0.701538 0.750938 0.766552 0.742924 0.745256 0.645751 0.680242 0.653766
0 0.297450 0.588465 0.325707 0.515805 0.260355 0.501509 0.232098 0.574169
0 1.000000 0.938197 1.000000 0.847906 0.888703 0.843820 0.883173 0.934111
0 0.560068 0.101852 0.565628 0.043077 0.264649 0.027060 0.259088 0.085835
0 0.398815 0.963384 0.551260 0.946470 0.526165 0.819240 0.373720 0.836153
0 0.680876 0.935702 0.751861 0.932171 0.743225 0.834502 0.672240 0.838032
0 0.098643 0.668356 0.126997 0.590504 0.016595 0.567887 0.000000 0.645738
0 0.836759 0.733971 0.846700 0.641002 0.748572 0.635100 0.738631 0.728069
0 0.403828 0.613656 0.420041 0.536042 0.311434 0.523281 0.295221 0.600894
0 0.567660 0.056109 0.576895 0.005073 0.428997 0.000000 0.419762 0.041056
0 0.995762 0.074427 0.995905 0.003989 0.897414 0.003876 0.897270 0.074314
0 1.000000 0.162990 1.000000 0.072016 0.914891 0.071315 0.913641 0.162290
0 0.834710 0.774899 0.945983 0.706654 0.899185 0.663734 0.787913 0.731979
0 0.975453 0.648232 1.000000 0.570541 0.967347 0.525563 0.892478 0.603254
0 0.778050 0.239166 0.885650 0.199770 0.852669 0.149100 0.745069 0.188496
0 0.000000 0.983474 0.083993 0.974082 0.055115 0.825628 0.000000 0.835021
0 0.410606 0.780188 0.464689 0.778595 0.459923 0.687541 0.405840 0.689133
0 0.343213 0.268794 0.411292 0.267394 0.406022 0.123228 0.337943 0.124627
0 0.466717 0.805136 0.535204 0.802034 0.525696 0.683962 0.457209 0.687064
0 0.952783 0.670364 1.000000 0.669107 1.000000 0.616692 0.950572 0.617949
0 0.053073 0.473805 0.151815 0.363970 0.037847 0.306338 0.000000 0.416172
0 0.919428 0.434511 1.000000 0.359393 0.903369 0.261711 0.796903 0.336830
0 0.000000 0.844067 0.050048 0.836161 0.023829 0.740584 0.000000 0.748490
0 0.000554 0.604146 0.043511 0.603310 0.040959 0.529603 0.000000 0.530440
0 0.664352 0.059026 0.668277 0.000000 0.542065 0.000000 0.538140 0.054532
0 0.834183 0.812371 0.961446 0.783445 0.940688 0.732072 0.813425 0.760998
0 0.964723 0.479499 1.000000 0.479098 0.998958 0.415723 0.963450 0.416124
0 0.000121 0.385934 0.077883 0.385174 0.075679 0.258475 0.000000 0.259236
0 0.032446 0.370765 0.057543 0.299263 0.000000 0.285814 0.000000 0.357316
0 0.936511 1.000000 0.936533 0.987193 0.812052 0.987074 0.812030 1.000000
0 0.996576 1.000000 0.997004 0.980717 0.918016 0.979737 0.917588 0.999158