0 0.446151 0.963405 0.448629 0.848123 0.344254 0.845879 0.341776 0.961162
0 0.453408 0.848622 0.459237 0.711806 0.335154 0.706520 0.329326 0.843336
0 0.513025 0.183637 0.515183 0.055763 0.375846 0.053412 0.373688 0.181286
0 0.865797 0.524093 0.947712 0.497238 0.900772 0.354054 0.818857 0.380908
0 0.786148 0.758674 0.786411 0.637281 0.670882 0.637030 0.670618 0.758423
0 0.337638 0.247914 0.339126 0.150133 0.237567 0.148587 0.236079 0.246368
0 0.455232 0.673321 0.574631 0.672553 0.573926 0.562962 0.454527 0.563730
0 0.822762 0.865839 0.826358 0.745379 0.734802 0.742646 0.731207 0.863106
0 0.146340 0.222820 0.149533 0.106870 0.050220 0.104135 0.047027 0.220085
0 0.695708 0.664380 0.699581 0.555882 0.580089 0.551617 0.576216 0.660114
0 0.778329 1.000000 0.780603 0.861217 0.665624 0.859347 0.663349 0.999131
0 0.230830 0.430098 0.231754 0.360141 0.139942 0.358928 0.139019 0.428885
0 0.002301 0.305047 0.067362 0.303118 0.062988 0.155541 0.000000 0.157470
0 0.463372 0.307290 0.465400 0.175171 0.338724 0.173226 0.336696 0.305345
0 0.140920 0.437431 0.141016 0.367822 0.061507 0.367711 0.061411 0.437321
0 0.031886 0.675802 0.032498 0.586133 0.000000 0.585905 0.000000 0.675574
0 0.685918 0.081101 0.688747 0.005397 0.549898 0.000208 0.547069 0.075912
0 0.806294 0.383636 0.886223 0.378974 0.874477 0.177568 0.794549 0.182230
0 0.002579 0.450805 0.051070 0.450440 0.050479 0.371990 0.001989 0.372355
0 0.077683 0.998220 0.078713 0.925744 0.004764 0.924692 0.003733 0.997168
0 0.329140 1.000000 0.437113 1.000000 0.436036 0.963541 0.328063 0.966409
0 0.986580 0.321025 1.000000 0.222365 0.909921 0.132584 0.846629 0.231245
0 1.000000 0.405636 1.000000 0.349525 0.974811 0.348250 0.972354 0.404361
0 0.045021 0.430154 0.046822 0.299297 0.000895 0.298665 0.000000 0.429522
0 0.560270 0.036538 0.561108 0.001273 0.515712 0.000194 0.514875 0.035460
0 0.586538 0.018619 0.679514 0.015431 0.678897 0.000000 0.585922 0.000644
0 0.678311 0.067681 0.680179 0.013685 0.624515 0.011759 0.622647 0.065755