0 0.508606 0.906202 0.515276 0.732586 0.402619 0.724891 0.395948 0.898507
0 0.618777 0.574355 0.711699 0.573066 0.710796 0.457232 0.617874 0.458521
0 0.696507 0.401688 0.698291 0.274497 0.611742 0.272340 0.609958 0.399530
0 0.778610 0.374106 0.781977 0.270470 0.699343 0.265697 0.695976 0.369332
0 0.456964 0.299002 0.480165 0.144306 0.363492 0.113198 0.340291 0.267894
0 0.244268 0.966844 0.305713 0.943660 0.275009 0.798993 0.213564 0.822177
0 0.109554 0.748398 0.249162 0.718662 0.238003 0.625522 0.098395 0.655258
0 0.928679 0.829322 0.930707 0.646014 0.803254 0.643506 0.801226 0.826814
0 0.171844 0.996750 0.242901 0.969869 0.205360 0.793452 0.134304 0.820332
0 0.692205 0.187427 0.695371 0.057271 0.580068 0.052285 0.576901 0.182440
0 0.307522 0.948915 0.368492 0.925018 0.335129 0.773695 0.274159 0.797593
0 0.004845 0.257437 0.122877 0.236602 0.114859 0.155844 0.000000 0.176679
0 0.929976 0.166258 0.932070 0.038861 0.857063 0.036670 0.854969 0.164067
0 0.095126 0.659409 0.223284 0.629201 0.211392 0.539510 0.083234 0.569718
0 0.070470 0.578607 0.195285 0.546296 0.182284 0.457014 0.057469 0.489325
0 0.633087 0.800990 0.717259 0.799138 0.715868 0.686681 0.631695 0.688533
0 0.772669 0.173156 0.775479 0.043788 0.697298 0.040770 0.694489 0.170138
0 1.000000 0.167899 1.000000 0.028868 0.934831 0.025851 0.931481 0.164882
0 0.367495 0.458379 0.494114 0.454651 0.492319 0.346279 0.365700 0.350006
0 0.998557 0.690041 1.000000 0.544556 0.918293 0.542634 0.916378 0.688119
0 0.370832 0.919096 0.422496 0.897097 0.389024 0.757343 0.337359 0.779342
0 0.766480 0.637665 0.915688 0.634934 0.914856 0.554182 0.765648 0.556913
0 0.025048 0.346191 0.150412 0.311559 0.136770 0.223766 0.011406 0.258398
0 0.126261 0.818316 0.240944 0.800390 0.233506 0.715789 0.118823 0.733715
0 0.998866 0.911088 0.999101 0.825865 0.925877 0.825506 0.925642 0.910729
0 0.724926 0.695772 0.727015 0.570215 0.631435 0.567388 0.629346 0.692945
0 0.051877 0.491895 0.170706 0.466767 0.161233 0.387122 0.042404 0.412249
0 0.337063 0.143262 0.455773 0.102402 0.436206 0.001336 0.317496 0.042196
0 0.008315 0.185367 0.098258 0.162419 0.084773 0.068456 0.000000 0.091403
0 0.850819 0.165399 0.852709 0.042346 0.776966 0.040279 0.775077 0.163332
0 0.042464 0.419021 0.155025 0.391212 0.144280 0.313892 0.031718 0.341702
0 0.500593 0.659253 0.501813 0.521542 0.382858 0.519668 0.381638 0.657380
0 0.684137 0.463902 0.684839 0.393488 0.617895 0.392302 0.617194 0.462716
0 0.766808 0.541714 0.767520 0.450460 0.710424 0.449668 0.709712 0.540921
0 0.001680 0.092426 0.084792 0.090308 0.083497 0.000000 0.000384 0.002056
0 0.011202 1.000000 0.094225 0.995423 0.085093 0.918934 0.002070 0.936555
0 0.913372 0.419628 0.915637 0.277492 0.852187 0.275695 0.849923 0.417831
0 0.967138 0.396954 0.968670 0.273543 0.912886 0.272312 0.911354 0.395723
0 1.000000 0.387181 1.000000 0.274088 0.969126 0.273736 0.968458 0.386829
0 0.056089 0.846684 0.058425 0.733994 0.000000 0.731557 0.000000 0.844248
0 0.573049 0.074815 0.689214 0.053423 0.681925 0.000000 0.565761 0.004452
0 0.501710 0.712298 0.504083 0.618200 0.386881 0.612945 0.384508 0.707044
0 0.637993 1.000000 0.748902 1.000000 0.748539 0.916950 0.637631 0.917727
0 0.494268 0.533173 0.494893 0.459839 0.372714 0.457989 0.372089 0.531323
0 0.000000 0.740333 0.043768 0.737896 0.040673 0.631303 0.000000 0.633741
0 0.262527 0.205629 0.320831 0.184239 0.312399 0.143381 0.254095 0.164770
0 0.420942 1.000000 0.519248 1.000000 0.517033 0.968988 0.418726 0.981207
0 0.796264 0.932580 0.801895 0.773542 0.639356 0.763311 0.633725 0.922349
0 0.076019 0.940563 0.085412 0.836857 0.006127 0.824090 0.000000 0.927796
0 0.996234 0.744642 0.997003 0.679632 0.933441 0.678295 0.932672 0.743305
0 0.817711 0.890809 0.895917 0.887597 0.894345 0.819573 0.816139 0.822785
0 0.000000 0.640087 0.031838 0.638287 0.029925 0.572638 0.000000 0.574438
0 0.012403 0.944237 0.086542 0.933082 0.081027 0.867920 0.006888 0.879075
0 0.330452 0.042506 0.432292 0.013726 0.425742 0.000000 0.323902 0.001299