0 0.747015 0.998918 0.747210 0.930956 0.623266 0.930601 0.623072 0.998564
0 0.551795 0.907364 0.553365 0.791270 0.415028 0.789400 0.413458 0.905494
0 0.593444 0.341320 0.598131 0.179460 0.453050 0.175260 0.448363 0.337119
0 0.124463 0.763631 0.128560 0.630785 0.016863 0.627341 0.012766 0.760187
0 0.734850 0.935394 0.737554 0.820764 0.624069 0.818087 0.621365 0.932717
0 0.309085 1.000000 0.314602 0.917356 0.179205 0.909260 0.173688 1.000000
0 0.660193 0.617586 0.773825 0.597163 0.745377 0.438881 0.631745 0.459304
0 0.284101 0.520302 0.284587 0.432768 0.213544 0.432373 0.213057 0.519907
0 0.050409 0.176222 0.137443 0.089368 0.054603 0.006358 0.000000 0.093212
0 0.936687 0.665152 1.000000 0.587276 0.981702 0.495804 0.871845 0.573680
0 0.453942 0.521033 0.458615 0.402145 0.388027 0.399370 0.383354 0.518259
0 0.091153 0.898255 0.115204 0.766712 0.000000 0.743996 0.000000 0.875539
0 0.317914 0.919128 0.320812 0.848715 0.191752 0.843402 0.188853 0.913815
0 0.285936 0.296025 0.360370 0.195823 0.271491 0.129800 0.197057 0.230001
0 0.144043 0.420944 0.277829 0.278948 0.191947 0.198032 0.058161 0.340028
0 0.571441 0.526824 0.580401 0.343219 0.443244 0.336525 0.434284 0.520131
0 0.463891 0.761006 0.468490 0.623735 0.379187 0.620743 0.374587 0.758013
0 0.886697 0.349073 0.948359 0.194723 0.798138 0.134711 0.736476 0.289061
0 0.388600 0.513023 0.392908 0.364875 0.286913 0.361793 0.282604 0.509941
0 0.723370 0.826132 0.727610 0.715756 0.634611 0.712184 0.630371 0.822560
0 0.374601 0.736546 0.381467 0.603148 0.194093 0.593504 0.187227 0.726902
0 0.007028 0.581970 0.139335 0.479294 0.029869 0.338239 0.000000 0.440915
0 0.588351 0.074297 0.618203 0.010217 0.541575 0.000000 0.511723 0.038600
0 0.849398 0.834737 0.855389 0.721919 0.746451 0.716134 0.740460 0.828951
0 0.312613 0.864558 0.325443 0.782098 0.206234 0.763551 0.193404 0.846011
0 0.552860 0.795781 0.554869 0.684897 0.443177 0.682873 0.441168 0.793757
0 0.129495 0.097881 0.235779 0.007934 0.162952 0.000000 0.056669 0.011826
0 0.594792 0.184928 0.605168 0.075548 0.508287 0.066357 0.497911 0.175738
0 1.000000 0.744814 1.000000 0.650278 0.936435 0.626074 0.912651 0.720610
0 1.000000 0.834927 1.000000 0.778335 0.958659 0.777706 0.957946 0.834298
0 0.999693 0.783409 1.000000 0.733787 0.955200 0.727381 0.948937 0.777002
0 0.535478 1.000000 0.536221 0.960077 0.399367 0.957713 0.398624 1.000000
0 0.863312 0.959684 0.898993 0.831537 0.779245 0.798194 0.743563 0.926341
0 0.803123 1.000000 0.936275 0.996288 0.911490 0.922608 0.778339 0.967397
0 0.563800 0.959115 0.563993 0.892300 0.412236 0.891863 0.412043 0.958679
0 0.748898 0.197774 0.858088 0.159676 0.810231 0.022520 0.701041 0.060618
0 0.378486 0.204952 0.435148 0.084542 0.337699 0.038685 0.281037 0.159095
0 0.826701 0.734861 0.834535 0.585763 0.640481 0.575567 0.632647 0.724665
0 0.846105 0.047814 0.847437 0.000000 0.693001 0.000000 0.691670 0.043817
0 0.564987 0.795209 0.573892 0.630944 0.462293 0.624894 0.453388 0.789158
0 1.000000 0.907075 1.000000 0.834738 0.978071 0.834717 0.978002 0.907054
0 0.381915 0.877307 0.383696 0.818361 0.324259 0.816565 0.322478 0.875511
0 0.563485 0.738891 0.568828 0.622225 0.474643 0.617912 0.469301 0.734578
0 0.954110 0.100185 1.000000 0.021529 0.931232 0.000000 0.874581 0.042904
0 0.001217 1.000000 0.042586 1.000000 0.041997 0.960454 0.000628 0.961058
0 0.000000 0.194799 0.040962 0.194647 0.040650 0.109291 0.000000 0.109443
0 0.061195 0.041880 0.061288 0.000723 0.000000 0.000584 0.000000 0.041741
0 0.839120 0.477753 1.000000 0.404006 0.982768 0.282540 0.792131 0.356286
0 0.466573 1.000000 0.546746 0.989346 0.507630 0.921199 0.427457 0.967217
0 0.997818 0.381202 1.000000 0.334892 0.974605 0.277140 0.933210 0.323449