0 0.451779 0.790079 0.454238 0.656017 0.366951 0.653172 0.364492 0.787233
0 0.259547 0.603190 0.263003 0.452713 0.164460 0.448689 0.161004 0.599166
0 0.200171 0.819974 0.204737 0.674710 0.115201 0.669707 0.110635 0.814971
0 0.829044 0.895395 0.925933 0.895388 0.925928 0.765866 0.829039 0.765873
0 0.160769 0.410198 0.251753 0.374246 0.217005 0.217915 0.126021 0.253867
0 0.889750 0.237660 0.900541 0.078911 0.771475 0.063313 0.760684 0.222063
0 0.217061 0.928133 0.217833 0.821339 0.118324 0.820060 0.117552 0.926854
0 0.455670 0.790905 0.527305 0.782266 0.517777 0.641803 0.446143 0.650441
0 0.610417 0.230431 0.676313 0.195981 0.634915 0.055205 0.569019 0.089655
0 0.142098 0.169617 0.144647 0.052482 0.063176 0.049330 0.060628 0.166465
0 0.925950 0.405602 0.926161 0.297151 0.793380 0.296693 0.793169 0.405143
0 0.938116 0.676009 0.939234 0.513909 0.813281 0.512364 0.812163 0.674464
0 0.727977 0.846630 0.728450 0.667319 0.598242 0.666710 0.597770 0.846020
0 0.271942 0.798043 0.273227 0.669364 0.193752 0.667952 0.192466 0.796631
0 0.475759 0.465853 0.476573 0.319801 0.367538 0.318721 0.366724 0.464773
0 0.201850 0.138621 0.263467 0.121919 0.243959 0.000000 0.182341 0.010674
0 0.941804 1.000000 0.942769 0.890365 0.840956 0.888781 0.839991 0.999024
0 0.586295 0.576148 0.645831 0.540166 0.607916 0.428636 0.548380 0.464618
0 0.055300 0.150119 0.058329 0.027969 0.000000 0.025272 0.000000 0.147422
0 0.501189 0.583751 0.508594 0.464797 0.419859 0.454977 0.412454 0.573931
0 0.057590 0.627060 0.169517 0.584944 0.135015 0.421938 0.023088 0.464054
0 0.935676 0.510949 0.935891 0.399521 0.803210 0.399065 0.802994 0.510492
0 0.380402 0.112849 0.400897 0.002143 0.341378 0.000000 0.320883 0.093259
0 0.276394 0.334719 0.325217 0.323871 0.309066 0.194642 0.260243 0.205490
0 0.311923 0.584991 0.373485 0.580127 0.367515 0.445789 0.305952 0.450653
0 0.148885 0.157486 0.204355 0.141931 0.183523 0.009857 0.128052 0.025412
0 0.789885 0.305223 0.922524 0.300444 0.920690 0.209974 0.788052 0.214752
0 0.043498 0.800486 0.045564 0.700630 0.000000 0.698882 0.000000 0.798738
0 0.638308 0.576217 0.726713 0.567146 0.715466 0.372275 0.627061 0.381346
0 0.351991 0.806640 0.376531 0.678459 0.285032 0.647318 0.260493 0.775499
0 0.000000 0.606313 0.051343 0.601406 0.044185 0.467374 0.000000 0.472281
0 0.322806 0.111830 0.326010 0.007438 0.254084 0.003514 0.250880 0.107906
0 0.509489 0.283148 0.599011 0.223677 0.574046 0.156867 0.484523 0.216338
0 0.260779 0.580965 0.314085 0.576352 0.307753 0.446273 0.254446 0.450886
0 0.545051 0.449159 0.607944 0.428604 0.589537 0.328478 0.526644 0.349032
0 0.535642 0.376523 0.593113 0.329649 0.556605 0.250072 0.499134 0.296946
0 0.378670 0.311642 0.385194 0.186957 0.311110 0.180065 0.304585 0.304750
0 0.000000 0.985225 0.054473 0.984277 0.052606 0.783810 0.000000 0.784758
0 0.785034 0.126747 0.876692 0.046046 0.825849 0.000000 0.734191 0.024087
0 0.597092 0.101899 0.640775 0.018178 0.570969 0.000000 0.527285 0.037148
0 0.000434 0.378014 0.090727 0.376942 0.089832 0.242927 0.000000 0.243999
0 0.839480 0.754764 0.953692 0.745246 0.950158 0.669861 0.835946 0.679379
0 0.212033 1.000000 0.212992 0.926065 0.116138 0.923934 0.115179 1.000000
0 0.474185 1.000000 0.575468 1.000000 0.566580 0.936708 0.465297 0.960478
0 0.698354 0.390098 0.705975 0.257183 0.616481 0.248059 0.608860 0.380975
0 0.375980 0.366820 0.460265 0.275425 0.425267 0.218047 0.340982 0.309442
0 0.099964 0.406530 0.151215 0.402297 0.143923 0.245339 0.092672 0.249572
0 0.966703 0.077586 1.000000 0.077198 1.000000 0.005129 0.966254 0.005517
0 0.918469 0.216924 0.997503 0.215613 0.996855 0.146201 0.917821 0.147512
0 0.941039 0.940613 0.995025 0.924794 0.965008 0.742670 0.911021 0.758489
0 0.521155 0.776703 0.563428 0.773385 0.557603 0.641446 0.515329 0.644765
0 0.001547 0.997958 0.050690 0.997908 0.050673 0.967828 0.001530 0.967877
0 0.858852 0.037791 0.961759 0.024597 0.959048 0.000000 0.856142 0.000205
0 0.053453 0.369991 0.100413 0.366134 0.094951 0.247912 0.047991 0.251769
0 0.049259 0.040078 0.049598 0.000000 0.001903 0.000000 0.001564 0.039391
0 0.066376 0.374278 0.067486 0.279373 0.000000 0.277938 0.000000 0.372844
0 0.462322 0.187739 0.536857 0.095645 0.491777 0.030783 0.417242 0.122877