0 0.460238 0.625073 0.505393 0.517323 0.441106 0.469429 0.395951 0.577179
0 0.345820 0.810168 0.421783 0.737026 0.360416 0.623721 0.284453 0.696863
0 0.308171 0.677370 0.381507 0.636805 0.340033 0.503511 0.266698 0.544076
0 0.138722 0.787979 0.250731 0.756553 0.236176 0.664329 0.124167 0.695756
0 0.119070 0.703111 0.235660 0.671769 0.221694 0.579413 0.105105 0.610755
0 0.083812 0.523993 0.189829 0.487841 0.172076 0.395286 0.066059 0.431439
0 0.477051 0.905924 0.559686 0.873727 0.532797 0.751040 0.450162 0.783237
0 0.101247 0.615967 0.209151 0.586636 0.194635 0.491696 0.086730 0.521028
0 0.160760 1.000000 0.295550 0.981226 0.270890 0.869022 0.136099 0.921689
0 0.387396 0.970570 0.475715 0.884566 0.403920 0.753495 0.315601 0.839499
0 0.053818 0.429636 0.168699 0.399189 0.157576 0.324575 0.042695 0.355022
0 0.263458 0.872703 0.266375 0.765651 0.188264 0.761867 0.185347 0.868918
0 0.265269 0.511863 0.353110 0.472900 0.305030 0.280202 0.217189 0.319165
0 0.504965 0.661485 0.560394 0.575063 0.513191 0.521241 0.457762 0.607662
0 0.017378 1.000000 0.150222 0.992695 0.135805 0.891632 0.002961 0.925321
0 0.526472 0.734235 0.606336 0.647416 0.565516 0.580660 0.485651 0.667479
0 0.000932 0.826040 0.053851 0.807013 0.032581 0.701848 0.000000 0.720876
0 0.070163 0.381230 0.161882 0.292071 0.081862 0.145729 0.000000 0.234888
0 0.586520 1.000000 0.666714 0.997620 0.656354 0.936492 0.576160 0.960656
0 0.734955 1.000000 0.789829 0.948635 0.708509 0.881389 0.653635 0.999363
0 0.557623 0.877647 0.692760 0.832572 0.675767 0.741997 0.540629 0.787072
0 0.431286 0.931317 0.482147 0.908532 0.456184 0.805498 0.405323 0.828283
0 0.657737 1.000000 0.790978 1.000000 0.790938 0.922151 0.657698 0.922269
0 0.006902 0.635960 0.050344 0.617655 0.027810 0.522581 0.000000 0.540886
0 0.036492 0.264546 0.064830 0.108832 0.000000 0.083612 0.000000 0.239326
0 0.047972 1.000000 0.126509 0.935077 0.073665 0.859699 0.000000 0.957582
0 0.000000 0.544738 0.030870 0.544468 0.030380 0.440096 0.000000 0.440366
0 0.400274 0.543248 0.443445 0.467533 0.352655 0.375504 0.309484 0.451219
0 0.509081 1.000000 0.590038 0.998869 0.587277 0.968240 0.506319 0.981217
0 0.000000 1.000000 0.018212 1.000000 0.017100 0.950970 0.000000 0.951678
0 0.642135 0.848689 0.700496 0.787403 0.608927 0.632385 0.550566 0.693671
0 0.000669 0.260021 0.063682 0.258646 0.061408 0.073429 0.000000 0.074804