0 0.948851 0.256443 0.949862 0.134283 0.838764 0.133364 0.837753 0.255524
0 0.920908 0.598718 0.924847 0.465556 0.789754 0.461560 0.785816 0.594722
0 0.797624 0.800725 0.899537 0.800526 0.899372 0.715730 0.797459 0.715928
0 0.913258 0.677798 0.914368 0.592530 0.811780 0.591195 0.810671 0.676463
0 0.299761 0.223871 0.372551 0.134797 0.259768 0.042633 0.186978 0.131707
0 0.594804 0.570399 0.594993 0.476494 0.515339 0.476333 0.515150 0.570239
0 0.928464 0.395982 0.935704 0.252670 0.830104 0.247335 0.822864 0.390647
0 0.789449 0.391033 0.793400 0.266873 0.717966 0.264473 0.714015 0.388633
0 0.780419 0.550540 0.783364 0.443811 0.644672 0.439984 0.641727 0.546713
0 0.355407 0.736850 0.428299 0.652079 0.360116 0.593451 0.287224 0.678222
0 0.451841 0.830796 0.534599 0.751016 0.483282 0.697783 0.400524 0.777563
0 0.112463 0.790000 0.122924 0.704068 0.039901 0.693961 0.029440 0.779894
0 0.609224 0.319032 0.713048 0.214528 0.648900 0.150797 0.545075 0.255301
0 0.735020 0.689481 0.736452 0.633645 0.644384 0.631286 0.642953 0.687121
0 0.899725 0.868424 0.900559 0.795226 0.804435 0.794132 0.803601 0.867329
0 0.668312 1.000000 0.753667 0.935151 0.707735 0.887678 0.622380 0.970262
0 0.508740 0.899968 0.590240 0.795959 0.527309 0.746648 0.445810 0.850657
0 0.127189 0.371848 0.182734 0.317885 0.092620 0.225129 0.037075 0.279092
0 0.946438 0.137384 0.952474 0.058249 0.878758 0.052627 0.872722 0.131762
0 0.900906 0.724376 0.902607 0.672306 0.804714 0.669107 0.803013 0.721177
0 0.742880 0.635379 0.743410 0.580893 0.643607 0.579924 0.643077 0.634409
0 0.712823 0.798004 0.730310 0.689077 0.641779 0.674865 0.624292 0.783792
0 0.311009 0.936638 0.365466 0.853696 0.293465 0.806423 0.239008 0.889364
0 0.380927 0.498636 0.420140 0.439725 0.355757 0.396870 0.316544 0.455780
0 0.548597 0.443556 0.586642 0.311492 0.472977 0.278746 0.434932 0.410810
0 0.037681 0.925830 0.113399 0.882740 0.084300 0.831607 0.008582 0.874697
0 0.626648 0.997343 0.710433 0.893319 0.589650 0.796036 0.505865 0.900060
0 0.563624 0.669823 0.584367 0.581883 0.490819 0.559817 0.470076 0.647757
0 0.897020 0.946087 0.902667 0.870534 0.806586 0.863352 0.800938 0.938905
0 0.532670 0.133835 0.605577 0.068829 0.549350 0.005768 0.476443 0.070774
0 0.999663 0.701533 1.000000 0.615416 0.968483 0.613998 0.964965 0.700115
0 0.599028 0.074511 0.672080 0.008310 0.619131 0.000000 0.546079 0.016082
0 0.716051 0.395418 0.716570 0.322008 0.659331 0.321603 0.658812 0.395013
0 1.000000 0.805268 1.000000 0.722635 0.960846 0.722100 0.959769 0.804733
0 0.142961 0.546244 0.178976 0.460568 0.094789 0.425179 0.058774 0.510855
0 0.841834 0.390814 0.846388 0.299158 0.791284 0.296419 0.786730 0.388076
0 0.259868 0.617592 0.315595 0.567449 0.255056 0.500168 0.199328 0.550311
0 0.942686 0.050326 0.959698 0.001690 0.900261 0.000000 0.883248 0.029535
0 1.000000 0.915297 1.000000 0.807734 0.957311 0.807114 0.955854 0.914677
0 0.999283 0.978387 0.999575 0.917425 0.954445 0.917209 0.954153 0.978171
0 0.426397 0.220227 0.526793 0.117737 0.473636 0.065665 0.373239 0.168155
0 0.724081 0.848224 0.795933 0.759995 0.739583 0.714106 0.667732 0.802335
0 0.512742 1.000000 0.553153 0.991906 0.454658 0.929258 0.414247 0.992791
0 0.357275 0.286823 0.423848 0.215789 0.383495 0.177970 0.316922 0.249004
0 1.000000 0.617093 1.000000 0.561329 0.973400 0.559019 0.969605 0.614783
0 0.044851 0.425770 0.120538 0.361344 0.041014 0.267922 0.000000 0.332349
0 0.726176 1.000000 0.795070 0.972675 0.746474 0.927656 0.677580 1.000000
0 0.022289 0.607511 0.069418 0.569744 0.013199 0.499588 0.000000 0.537356
0 0.840761 0.569786 0.845565 0.471729 0.785421 0.468783 0.780618 0.566841
0 0.731300 0.223022 0.772114 0.139574 0.687751 0.098313 0.646937 0.181761
0 0.999674 0.464410 1.000000 0.352095 0.980855 0.351796 0.979214 0.464111
0 0.201218 0.669491 0.260042 0.633327 0.207188 0.547354 0.148363 0.583518
0 0.996884 0.998492 0.997195 0.973708 0.954330 0.973170 0.954019 0.997955
0 0.358935 0.287472 0.493459 0.137809 0.453566 0.101951 0.319042 0.251614
0 0.410365 0.061429 0.466007 0.008244 0.416717 0.000000 0.361074 0.009861
0 0.434241 0.475778 0.477420 0.441818 0.413164 0.360118 0.369985 0.394078
0 0.000000 0.996798 0.051326 0.996560 0.051001 0.924795 0.000000 0.925033
0 0.413601 0.788082 0.482682 0.705535 0.425085 0.657334 0.356005 0.739881
0 0.464939 0.065821 0.546828 0.000000 0.515034 0.000000 0.433145 0.026510
0 0.820226 1.000000 0.821472 0.973748 0.766715 0.971838 0.765469 1.000000
0 0.999275 0.434483 1.000000 0.342283 0.986363 0.341951 0.984322 0.434152
0 0.505550 0.051728 0.554460 0.005052 0.520002 0.000000 0.471092 0.015621
0 0.003346 0.046779 0.031358 0.046685 0.031211 0.002652 0.003199 0.002746
0 0.000000 0.435895 0.059294 0.435467 0.058272 0.291388 0.000000 0.291816
0 1.000000 0.439656 1.000000 0.366146 0.977970 0.359251 0.965783 0.432761
0 0.009935 1.000000 0.054956 1.000000 0.053052 0.976217 0.008031 0.979809
0 0.173698 0.703435 0.231973 0.651255 0.165400 0.576906 0.107125 0.629087
0 0.123483 0.730161 0.159120 0.701841 0.100689 0.628314 0.065052 0.656633
0 0.005627 0.882437 0.064150 0.851008 0.007111 0.744796 0.000000 0.776225
0 0.004651 0.435281 0.065888 0.395279 0.012879 0.314129 0.000000 0.354130
0 0.015609 0.491623 0.060752 0.432098 0.020400 0.401496 0.000000 0.461022
0 1.000000 0.738983 1.000000 0.697436 0.964739 0.696905 0.964169 0.738452
0 0.999744 0.550563 1.000000 0.446201 0.980496 0.445840 0.978706 0.550202
0 0.010759 0.677935 0.126782 0.584519 0.091858 0.541144 0.000000 0.634561