0 0.850571 0.310369 0.863425 0.202902 0.725928 0.193651 0.713074 0.301118
0 0.746967 0.822834 0.748767 0.733187 0.622145 0.731757 0.620345 0.821404
0 0.449705 0.884778 0.571863 0.866726 0.536063 0.730449 0.413904 0.748501
0 0.201964 0.529920 0.210030 0.437586 0.088645 0.431622 0.080579 0.523955
0 0.386770 0.266107 0.391300 0.166902 0.255085 0.163403 0.250555 0.262608
0 0.899821 0.130042 0.998177 0.129129 0.996950 0.054730 0.898594 0.055643
0 0.172203 0.798514 0.294565 0.782766 0.278575 0.712882 0.156213 0.728631
0 0.810148 0.719030 0.917117 0.681900 0.849057 0.571604 0.742087 0.608733
0 0.146527 0.726272 0.277906 0.716044 0.269142 0.652725 0.137764 0.662954
0 0.760217 0.439881 0.766385 0.351876 0.653829 0.347439 0.647661 0.435444
0 0.584919 0.302742 0.590359 0.210210 0.468479 0.206179 0.463038 0.298711
0 0.342498 0.963090 0.357286 0.852668 0.214420 0.841906 0.199632 0.952328
0 0.460179 0.224219 0.607478 0.193526 0.579188 0.117157 0.431889 0.147851
0 0.881001 0.798470 0.955752 0.763038 0.900238 0.697160 0.825487 0.732593
0 0.665623 0.603860 0.667189 0.507264 0.550359 0.506198 0.548792 0.602795
0 0.128420 0.313674 0.131286 0.223166 0.019620 0.221178 0.016755 0.311685
0 0.880818 0.569284 1.000000 0.536565 0.976300 0.462465 0.847383 0.495184
0 0.359134 0.628030 0.503408 0.609307 0.483142 0.521461 0.338868 0.540183
0 0.901830 0.246081 0.997012 0.244986 0.994647 0.129294 0.899465 0.130388
0 0.994068 0.059838 0.994091 0.007562 0.896868 0.007539 0.896845 0.059814
0 0.462175 0.977789 0.608870 0.936975 0.568091 0.854529 0.421395 0.895343
0 0.335329 0.545488 0.476011 0.526143 0.456009 0.444318 0.315326 0.463663
0 0.067610 0.445003 0.185500 0.430830 0.172240 0.368789 0.054349 0.382963
0 0.943906 0.765520 1.000000 0.746972 0.956723 0.667050 0.898580 0.685598
0 0.369511 0.704518 0.513838 0.685185 0.494682 0.604742 0.350355 0.624075
0 0.827236 0.831217 0.877307 0.770346 0.800864 0.734975 0.750792 0.795847
0 0.831222 0.614206 0.851157 0.481405 0.683055 0.467210 0.663119 0.600012
0 0.296299 0.339756 0.415095 0.325484 0.400313 0.256270 0.281516 0.270542
0 0.162841 0.064233 0.322823 0.044539 0.310188 0.000000 0.150206 0.006499
0 0.538967 0.509263 0.650820 0.501392 0.644522 0.451053 0.532670 0.458924
0 0.506057 0.073581 0.672216 0.045035 0.651033 0.000000 0.484873 0.004222
0 0.193287 0.863360 0.319722 0.845396 0.302574 0.777506 0.176139 0.795471
0 0.429550 0.469372 0.447539 0.373987 0.323069 0.360783 0.305080 0.456167
0 0.407249 0.753098 0.523122 0.745261 0.515893 0.685137 0.400020 0.692973
0 0.301968 0.386385 0.405110 0.374364 0.394344 0.322402 0.291202 0.334423
0 0.491808 0.362328 0.615792 0.351218 0.606135 0.290600 0.482152 0.301709
0 0.601711 0.189796 0.658073 0.178102 0.632068 0.107599 0.575706 0.119293
0 0.146055 0.294955 0.226972 0.271671 0.187120 0.193770 0.106203 0.217054
0 0.822074 0.445304 0.951754 0.381708 0.883198 0.303073 0.753517 0.366670
0 0.624865 0.460910 0.626068 0.390499 0.523713 0.389516 0.522511 0.459927
0 0.608140 0.743953 0.697695 0.732959 0.672595 0.617950 0.583040 0.628943
0 0.213288 0.272044 0.272992 0.258063 0.242022 0.183668 0.182318 0.197649
0 0.003505 0.065265 0.070563 0.064022 0.068497 0.001311 0.001438 0.002554
0 0.134678 0.665400 0.254495 0.656653 0.247117 0.599807 0.127300 0.608554
0 0.854926 1.000000 0.973810 0.990317 0.915648 0.920508 0.796764 0.976222
0 0.155420 0.377364 0.159317 0.303950 0.054239 0.300812 0.050342 0.374226
0 0.660810 0.047837 0.749733 0.027279 0.731219 0.000000 0.642296 0.002792
0 0.005182 0.863039 0.105071 0.848705 0.068645 0.705921 0.000000 0.720254
0 0.111423 0.601250 0.231533 0.584033 0.214459 0.517031 0.094349 0.534248
0 0.513827 0.399551 0.624837 0.385063 0.613277 0.335239 0.502266 0.349727
0 0.586766 0.246012 0.694469 0.227585 0.677599 0.172121 0.569895 0.190548
0 0.001035 0.725846 0.060630 0.722263 0.047500 0.599439 0.000000 0.603022
0 0.005097 0.113892 0.095635 0.103721 0.085845 0.054703 0.000000 0.064874
0 0.807651 0.211040 0.820501 0.086087 0.648618 0.076144 0.635768 0.201097
0 0.976795 0.361409 1.000000 0.333317 0.984224 0.276410 0.927070 0.304502
0 0.965408 0.416570 1.000000 0.415304 1.000000 0.352041 0.962205 0.353307
0 0.992754 0.734508 1.000000 0.711537 0.988826 0.647090 0.939451 0.670061
0 0.730107 1.000000 0.813834 1.000000 0.811930 0.968826 0.728203 0.971475
0 0.917749 0.644134 1.000000 0.611146 0.988075 0.549388 0.883211 0.582377
0 0.734395 0.029744 0.844268 0.027176 0.843009 0.000000 0.733135 0.000000
0 0.000000 0.602174 0.041934 0.602059 0.041663 0.536510 0.000000 0.536626
0 0.719130 0.355037 0.720401 0.310855 0.652740 0.309760 0.651469 0.353943
0 0.125629 0.632949 0.244567 0.626176 0.239779 0.578878 0.120841 0.585651
0 0.431541 1.000000 0.472542 0.927653 0.343098 0.894600 0.302097 0.984922
0 0.691218 0.282835 0.695056 0.216575 0.596823 0.213375 0.592985 0.279634
0 0.971653 0.529718 1.000000 0.528738 1.000000 0.459830 0.967938 0.460810
0 0.155881 0.106985 0.161281 0.041591 0.066360 0.037181 0.060959 0.102575
0 0.713737 0.750752 0.812500 0.647463 0.682934 0.577776 0.584171 0.681065
0 0.791461 0.336139 0.886729 0.316334 0.874433 0.283062 0.779164 0.302867
0 0.840929 0.504121 0.967356 0.462281 0.926438 0.392733 0.800012 0.434572