0 0.076976 0.601861 0.186848 0.600863 0.185864 0.492520 0.075993 0.493518
0 0.522362 0.290140 0.528565 0.153615 0.400897 0.147814 0.394695 0.284340
0 0.233340 0.970273 0.241052 0.830536 0.097093 0.822591 0.089381 0.962327
0 0.777074 0.321671 0.784241 0.197745 0.651401 0.190063 0.644234 0.313989
0 0.280429 0.598041 0.284495 0.485346 0.184237 0.481729 0.180171 0.594424
0 0.932522 1.000000 0.936053 0.949522 0.783704 0.940661 0.780173 1.000000
0 0.371412 0.911360 0.377156 0.763748 0.221670 0.757696 0.215925 0.905309
0 0.408713 0.398386 0.418059 0.240315 0.267288 0.231402 0.257943 0.389473
0 0.989792 0.225283 0.995106 0.084847 0.837492 0.078883 0.832178 0.219319
0 0.639016 0.578205 0.642183 0.477361 0.518177 0.473467 0.515010 0.574311
0 0.937430 0.889966 1.000000 0.887909 1.000000 0.757571 0.933419 0.759627
0 0.520698 0.583606 0.521299 0.488990 0.422394 0.488362 0.421793 0.582978
0 0.082112 0.612193 0.082966 0.521299 0.003309 0.520550 0.002454 0.611445
0 0.129211 0.068604 0.129686 0.001250 0.000000 0.000325 0.000000 0.067680
0 0.410609 0.570764 0.411078 0.364150 0.280544 0.363853 0.280075 0.570468
0 0.941207 0.382405 0.946459 0.243144 0.789243 0.237215 0.783991 0.376476
0 0.051929 0.538505 0.052665 0.417457 0.000000 0.417128 0.000000 0.538177
0 0.159955 1.000000 0.160641 0.976230 0.024519 0.972832 0.023833 1.000000
0 0.035522 0.355964 0.036636 0.218732 0.000648 0.218440 0.000000 0.355672
0 0.032621 0.213556 0.033777 0.075173 0.000000 0.074863 0.000000 0.213246
0 0.416763 0.336305 0.521924 0.335135 0.521353 0.283801 0.416192 0.284970
0 0.399206 0.568779 0.446518 0.567737 0.444766 0.488191 0.397454 0.489233
0 0.171704 1.000000 0.172199 0.975162 0.094099 0.973653 0.093604 0.999273
0 0.357765 0.584659 0.359036 0.529043 0.298096 0.527650 0.296825 0.583266
0 0.027879 0.999295 0.102409 0.998937 0.102315 0.979439 0.027785 0.979798