0 0.487504 0.615945 0.590595 0.573932 0.525157 0.413362 0.422067 0.455374
0 0.269381 0.730449 0.362218 0.681532 0.289202 0.542958 0.196365 0.591874
0 0.872277 0.982241 0.909866 0.892667 0.831197 0.859654 0.793608 0.949228
0 0.312763 0.894106 0.373304 0.862602 0.324180 0.768201 0.263639 0.799705
0 0.558754 0.980982 0.572918 0.881827 0.471641 0.867360 0.457477 0.966515
0 0.258931 0.935810 0.317358 0.906758 0.265776 0.803018 0.207349 0.832070
0 0.164799 0.752101 0.255195 0.714931 0.193013 0.563706 0.102617 0.600876
0 0.177866 1.000000 0.268300 0.962858 0.213360 0.837244 0.122926 0.876797
0 0.603116 0.798042 0.691954 0.759074 0.630121 0.618107 0.541282 0.657075
0 0.132460 0.204528 0.135169 0.111594 0.051104 0.109143 0.048394 0.202078
0 0.718702 0.952949 0.721327 0.859466 0.629227 0.856880 0.626603 0.950363
0 0.368091 0.860201 0.432144 0.829148 0.384947 0.731794 0.320894 0.762847
0 0.912429 0.831622 0.958833 0.745475 0.899139 0.713320 0.852735 0.799467
0 1.000000 0.342363 1.000000 0.269861 0.947337 0.269588 0.946974 0.342090
0 0.017868 0.841521 0.162653 0.789199 0.117653 0.664678 0.000000 0.717001
0 0.842672 0.787363 0.922770 0.699492 0.854688 0.637434 0.774591 0.725305
0 0.679656 0.586711 0.750623 0.478033 0.660559 0.419221 0.589592 0.527899
0 0.458246 0.891271 0.550322 0.861985 0.528191 0.792408 0.436115 0.821694
0 0.475628 0.832886 0.547159 0.746135 0.453095 0.668575 0.381564 0.755325
0 0.077521 0.515828 0.078369 0.435072 0.000000 0.434231 0.000000 0.514988
0 0.972578 0.838681 0.996420 0.765637 0.946241 0.749259 0.922400 0.822303
0 0.824445 0.917644 0.845764 0.839455 0.761052 0.816357 0.739732 0.894546
0 0.035360 1.000000 0.094078 0.973335 0.030137 0.901227 0.000000 0.953295
0 0.724613 1.000000 0.736982 0.949764 0.659972 0.936276 0.647604 1.000000
0 0.998384 1.000000 1.000000 0.956437 0.953449 0.952547 0.949647 1.000000
0 0.999490 0.852884 1.000000 0.783426 0.973388 0.777227 0.961927 0.846686
0 0.953704 0.195690 1.000000 0.079108 0.882076 0.013388 0.823315 0.129969
0 0.367238 0.682511 0.432342 0.644904 0.358557 0.517169 0.293453 0.554776
0 0.052306 0.295129 0.054093 0.214175 0.000000 0.212917 0.000000 0.293872
0 0.892547 1.000000 0.899563 0.983801 0.841687 0.970756 0.834670 1.000000
0 0.948370 1.000000 0.962237 0.927398 0.888377 0.914428 0.874510 0.993391
0 0.643677 0.489862 0.663257 0.406522 0.594835 0.390447 0.575256 0.473787
0 0.988941 0.053073 0.993018 0.000000 0.873117 0.000000 0.869040 0.043903
0 0.686980 0.632745 0.778761 0.540415 0.739160 0.501048 0.647378 0.593378
0 0.485393 1.000000 0.558520 0.999502 0.554864 0.968458 0.481737 0.977071
0 0.715934 0.653453 0.794191 0.573076 0.757369 0.537225 0.679111 0.617602
0 1.000000 0.773990 1.000000 0.703260 0.986342 0.696635 0.971579 0.767365
0 0.773555 0.713856 0.850579 0.624147 0.789946 0.572088 0.712922 0.661797