0 0.509155 0.430229 0.515948 0.299020 0.402661 0.293154 0.395867 0.424363
0 0.619042 0.181007 0.711164 0.180105 0.710315 0.093472 0.618193 0.094374
0 0.433011 0.706945 0.534065 0.705970 0.533153 0.611484 0.432099 0.612459
0 0.546974 0.929638 0.549504 0.833110 0.446144 0.830400 0.443614 0.926928
0 0.282936 0.820759 0.357599 0.806745 0.337090 0.697486 0.262428 0.711500
0 0.227706 0.712671 0.311475 0.692407 0.276155 0.546399 0.192386 0.566664
0 0.928793 0.371689 0.931180 0.235032 0.803549 0.232804 0.801163 0.369460
0 0.109674 0.311591 0.248881 0.289278 0.237662 0.219286 0.098455 0.241600
0 0.245342 0.474396 0.305334 0.457530 0.275246 0.350507 0.215254 0.367372
0 0.524340 0.605248 0.525734 0.484607 0.406986 0.483235 0.405592 0.603876
0 0.172273 0.498802 0.244706 0.477985 0.206469 0.344938 0.134036 0.365755
0 0.633308 0.351067 0.716989 0.349474 0.715380 0.264951 0.631699 0.266544
0 0.307715 0.461127 0.367993 0.443552 0.335008 0.330417 0.274729 0.347992
0 0.536284 0.790314 0.536589 0.693864 0.431590 0.693532 0.431285 0.789981
0 0.070909 0.184126 0.195784 0.159736 0.182737 0.092935 0.057862 0.117325
0 0.095251 0.244630 0.222920 0.221897 0.210997 0.154932 0.083328 0.177665
0 0.297826 0.647786 0.357766 0.631311 0.328639 0.525338 0.268699 0.541813
0 0.998915 0.266620 1.000000 0.157812 0.918527 0.156384 0.916638 0.265192
0 0.208981 0.903665 0.315017 0.878426 0.297099 0.803147 0.191063 0.828386
0 0.682810 0.099253 0.683351 0.046729 0.614392 0.046019 0.613851 0.098543
0 0.370752 0.439423 0.422314 0.423032 0.388820 0.317670 0.337259 0.334061
0 0.766268 0.227521 0.915405 0.225595 0.914636 0.166029 0.765499 0.167954
0 0.354526 0.645927 0.428796 0.628490 0.403268 0.519759 0.328999 0.537195
0 0.366316 0.092892 0.491402 0.091825 0.490710 0.010734 0.365625 0.011800
0 0.126465 0.363827 0.240770 0.350300 0.233283 0.287034 0.118978 0.300561
0 0.057602 0.787424 0.118401 0.699120 0.036667 0.642845 0.000000 0.731149
0 0.083708 0.543555 0.098453 0.453513 0.007832 0.438672 0.000000 0.528715
0 0.998218 0.434765 0.998864 0.370426 0.925854 0.369693 0.925208 0.434032
0 0.916826 0.065643 0.917128 0.000000 0.844393 0.000000 0.844091 0.065314
0 0.725681 0.271898 0.727598 0.177751 0.631394 0.175791 0.629476 0.269938
0 0.052726 0.118567 0.169880 0.100707 0.160823 0.041293 0.043668 0.059153
0 0.500903 0.241458 0.502528 0.140281 0.381798 0.138342 0.380172 0.239518
0 0.041227 0.064725 0.156359 0.046427 0.146737 0.000000 0.031605 0.004182
0 0.534297 1.000000 0.538636 0.943400 0.411699 0.934818 0.407360 0.998993
0 0.693683 0.049208 0.694226 0.000000 0.609033 0.000000 0.608491 0.048291
0 0.969178 0.051304 0.970585 0.000756 0.912275 0.000000 0.910868 0.049682
0 0.492594 0.149683 0.493601 0.095576 0.372061 0.093314 0.371055 0.147421
0 0.055665 0.381473 0.057902 0.300882 0.000000 0.299080 0.000000 0.379671
0 0.077500 0.452451 0.082460 0.371556 0.001186 0.366574 0.000000 0.447469
0 0.501663 0.284396 0.504256 0.213279 0.387960 0.209038 0.385366 0.280154
0 0.998714 0.042309 0.998996 0.002749 0.965011 0.002507 0.964728 0.042067
0 0.764064 0.157246 0.767251 0.093717 0.710078 0.090849 0.706891 0.154378
0 0.000000 0.300124 0.045045 0.299859 0.044694 0.229314 0.000000 0.229578
0 0.438130 0.613942 0.528029 0.611660 0.526726 0.560318 0.436827 0.562600
0 0.821278 0.053442 0.822219 0.000000 0.724581 0.000000 0.723640 0.051821
0 0.252036 0.044550 0.354547 0.040106 0.352688 0.000000 0.250177 0.001673
0 0.996469 0.308669 0.997305 0.259499 0.933696 0.258418 0.932860 0.307588
0 0.548998 0.847265 0.549423 0.786467 0.441609 0.785712 0.441184 0.846510
0 0.954864 0.975248 0.996856 0.974558 0.995099 0.867618 0.953108 0.868308
0 0.791620 0.450536 0.795347 0.326658 0.640491 0.321999 0.636764 0.445877
0 0.000000 0.229641 0.031842 0.228503 0.030188 0.178234 0.000000 0.179372
0 0.689208 0.027872 0.738567 0.026829 0.737933 0.000000 0.688574 0.000000
0 0.077628 0.859936 0.104089 0.781787 0.010914 0.750238 0.000000 0.828388
0 0.819377 0.418981 0.895023 0.414189 0.891782 0.363034 0.816137 0.367826
0 0.999666 0.807994 0.999906 0.721966 0.988499 0.721935 0.988260 0.807962