0 0.261228 0.963436 0.264912 0.848914 0.125579 0.846393 0.121896 0.960915
0 0.271204 0.848716 0.278749 0.712064 0.113856 0.706943 0.106311 0.843595
0 0.350898 0.185242 0.353525 0.054688 0.166321 0.052569 0.163694 0.183123
0 0.821059 0.524092 0.930285 0.497239 0.867705 0.354053 0.758479 0.380906
0 0.714867 0.758670 0.715213 0.637281 0.561155 0.637034 0.560809 0.758424
0 0.273763 0.673476 0.432935 0.672570 0.431825 0.562823 0.272653 0.563729
0 0.763685 0.865827 0.768478 0.745389 0.646404 0.742656 0.641610 0.863094
0 0.594338 0.664363 0.599471 0.555917 0.440172 0.551676 0.435039 0.660121
0 0.117728 0.248589 0.120345 0.151218 0.000000 0.149380 0.000000 0.246752
0 0.704421 1.000000 0.707465 0.861201 0.554173 0.859324 0.551129 0.999130
0 0.288313 0.310406 0.291922 0.173159 0.118892 0.170599 0.115282 0.307846
0 0.103557 0.498390 0.106087 0.393255 0.000000 0.391712 0.000000 0.496846
0 0.580794 0.081101 0.584530 0.005360 0.399016 0.000212 0.395280 0.075953
0 0.741721 0.383634 0.848285 0.378974 0.832626 0.177570 0.726062 0.182231
0 0.107045 1.000000 0.249707 1.000000 0.248110 0.962534 0.105448 0.965557
0 0.096784 0.395178 0.105792 0.255648 0.000000 0.251701 0.000000 0.391231
0 0.041642 0.674365 0.043937 0.586536 0.000000 0.585886 0.000000 0.673715
0 0.982115 0.321007 1.000000 0.222365 0.879901 0.132586 0.795524 0.231229
0 1.000000 0.405632 1.000000 0.349518 0.966414 0.348243 0.963139 0.404358
0 0.571076 0.067709 0.573528 0.013684 0.499356 0.011790 0.496904 0.065815
0 0.449029 0.018538 0.572814 0.015409 0.572010 0.000000 0.448225 0.000645
0 0.351849 0.038616 0.419340 0.038522 0.419245 0.000506 0.351754 0.000601