0 0.260527 0.506132 0.266924 0.350206 0.151550 0.341791 0.145153 0.497717
0 0.716985 0.956935 0.725765 0.801112 0.606545 0.789169 0.597764 0.944992
0 0.233142 0.845835 0.345687 0.824852 0.337058 0.742569 0.224512 0.763552
0 0.938979 0.852629 0.943963 0.720118 0.835467 0.712863 0.830483 0.845375
0 0.541113 0.630994 0.652938 0.569033 0.618959 0.460012 0.507134 0.521973
0 0.249914 0.922046 0.373463 0.903935 0.366908 0.824445 0.243360 0.842556
0 0.300247 0.226583 0.304364 0.104180 0.216458 0.098923 0.212340 0.221326
0 0.003308 0.726491 0.129874 0.691125 0.111568 0.574661 0.000000 0.610027
0 0.082095 0.141419 0.163119 0.103731 0.127069 0.000000 0.046045 0.003638
0 0.065017 0.890044 0.171976 0.854877 0.154897 0.762531 0.047938 0.797698
0 0.322199 0.445268 0.349725 0.334086 0.268705 0.298425 0.241179 0.409607
0 0.271778 1.000000 0.395388 0.981975 0.382834 0.894735 0.259224 0.926357
0 0.588820 0.807050 0.705137 0.767392 0.686763 0.671588 0.570446 0.711247
0 0.081625 0.984476 0.194684 0.954357 0.179286 0.851595 0.066226 0.881714
0 0.042905 0.803114 0.155194 0.766831 0.138868 0.677007 0.026579 0.713289
0 0.890680 0.733063 0.892820 0.651404 0.825154 0.648252 0.823013 0.729911
0 0.354613 0.431791 0.431214 0.397807 0.397732 0.263641 0.321132 0.297625
0 0.610505 0.730938 0.685324 0.646058 0.628430 0.556902 0.553611 0.641782
0 0.221172 0.771355 0.333532 0.745110 0.323227 0.666676 0.210867 0.692922
0 0.901972 0.670756 0.906326 0.531773 0.802034 0.525964 0.797680 0.664947
0 0.112933 0.286537 0.207140 0.248852 0.172818 0.096317 0.078611 0.134002
0 1.000000 0.832248 1.000000 0.707093 0.947976 0.705332 0.945732 0.830487
0 0.504740 0.442639 0.580821 0.370809 0.489149 0.198192 0.413068 0.270022
0 0.947197 0.998527 0.998254 0.998411 0.998171 0.933377 0.947114 0.933493
0 0.079625 0.579126 0.098489 0.431034 0.000000 0.408135 0.000000 0.556227
0 0.948219 1.000000 0.948995 0.939832 0.863706 0.937923 0.862930 0.999568
0 0.842810 1.000000 0.843789 0.932313 0.756434 0.930132 0.755454 0.999898
0 0.182011 0.262044 0.231056 0.240745 0.206409 0.139846 0.157364 0.161145
0 0.421229 0.382209 0.474782 0.359043 0.449902 0.256795 0.396349 0.279962
0 0.958628 0.630069 1.000000 0.603797 1.000000 0.422349 0.924083 0.448621
0 0.289342 0.681574 0.322128 0.503470 0.206552 0.465648 0.173767 0.643752
0 0.308977 0.210048 0.432512 0.166613 0.415364 0.079910 0.291829 0.123346
0 0.000550 0.334585 0.036703 0.331821 0.030949 0.198007 0.000000 0.200771
0 0.494062 0.525451 0.609545 0.456315 0.584816 0.382877 0.469332 0.452013
0 0.067940 0.610257 0.114001 0.561684 0.081446 0.506801 0.035385 0.555373
0 0.303904 0.073508 0.321661 0.000000 0.254480 0.000000 0.236724 0.047238
0 0.092421 1.000000 0.198246 0.994542 0.191413 0.944572 0.085587 0.970299
0 0.599996 0.076519 0.671197 0.043520 0.652918 0.000000 0.581717 0.006403
0 0.512867 0.872149 0.571464 0.850811 0.563050 0.809733 0.504453 0.831071
0 0.195194 0.610462 0.254107 0.572362 0.222803 0.486308 0.163890 0.524409
0 0.380088 0.132890 0.426709 0.071458 0.353729 0.000000 0.307108 0.034429
0 0.340777 0.042605 0.347576 0.000000 0.300251 0.000000 0.293452 0.029935
0 0.023736 0.210136 0.023955 0.072331 0.000000 0.072262 0.000000 0.210067