0 0.043781 0.727612 0.150003 0.708473 0.137573 0.639486 0.031351 0.658625
0 0.710114 0.718967 0.755572 0.638016 0.691093 0.601807 0.645634 0.682758
0 0.369734 0.777030 0.484914 0.753158 0.470723 0.684686 0.355542 0.708558
0 0.334621 0.643118 0.439613 0.615814 0.421584 0.546485 0.316592 0.573789
0 0.558305 0.757822 0.631516 0.727542 0.590190 0.627626 0.516980 0.657905
0 0.592965 0.857611 0.671069 0.807507 0.613778 0.718198 0.535674 0.768302
0 0.095575 0.314457 0.142652 0.232235 0.075438 0.193751 0.028361 0.275973
0 0.071538 0.853885 0.187256 0.840458 0.179199 0.771012 0.063481 0.784438
0 0.389846 0.840404 0.499800 0.817019 0.485210 0.748417 0.375256 0.771801
0 0.801272 0.920851 0.805253 0.827987 0.716533 0.824184 0.712553 0.917048
0 0.351884 0.712206 0.459088 0.689703 0.444135 0.618468 0.336931 0.640972
0 0.190443 0.387038 0.244919 0.295005 0.197461 0.266913 0.142984 0.358946
0 0.121125 0.983069 0.199462 0.963846 0.185889 0.908536 0.107552 0.927760
0 0.098517 0.933283 0.204314 0.916198 0.190760 0.832262 0.084963 0.849347
0 0.055245 0.785383 0.167470 0.772076 0.159958 0.708723 0.047733 0.722030
0 0.015339 0.549101 0.100837 0.514457 0.061087 0.416357 0.000000 0.451000
0 0.410850 1.000000 0.545616 0.985800 0.521578 0.902857 0.386812 0.941915
0 0.255470 0.444801 0.317060 0.353006 0.253346 0.310257 0.191756 0.402052
0 0.638561 0.978069 0.726061 0.912483 0.653032 0.815053 0.565532 0.880638
0 0.246077 0.874496 0.307733 0.851871 0.278962 0.773466 0.217306 0.796091
0 0.045905 0.267184 0.079667 0.186308 0.004812 0.155059 0.000000 0.235935
0 0.145676 0.364409 0.201255 0.268026 0.138518 0.231849 0.082939 0.328232
0 0.513242 0.904389 0.516040 0.824226 0.437993 0.821502 0.435196 0.901665
0 0.514287 0.627261 0.600512 0.598149 0.554175 0.460903 0.467949 0.490015
0 0.126565 1.000000 0.195845 0.999517 0.192072 0.964702 0.122791 0.972212
0 0.305481 0.572113 0.418517 0.548640 0.407099 0.493655 0.294063 0.517128
0 0.275265 1.000000 0.385234 0.988927 0.361122 0.915087 0.251153 0.950996
0 0.835688 1.000000 0.916137 0.998654 0.906287 0.952642 0.825839 0.969863
0 0.052957 0.627794 0.123182 0.563604 0.065657 0.500671 0.000000 0.564861
0 0.235827 0.658976 0.279551 0.649073 0.263887 0.579913 0.220164 0.589815
0 0.754856 0.746010 0.810339 0.681286 0.763385 0.641035 0.707902 0.705759
0 0.292032 0.090552 0.322009 0.000000 0.212241 0.000000 0.182265 0.056285
0 0.806827 0.907152 0.934706 0.877273 0.919678 0.812954 0.791800 0.842833
0 0.902918 1.000000 0.998062 1.000000 0.997663 0.943478 0.902518 0.944102
0 0.210052 1.000000 0.268722 1.000000 0.265013 0.966015 0.206342 0.972382
0 0.775582 0.800509 0.856104 0.735780 0.815941 0.685818 0.735420 0.750547
0 0.322303 0.533392 0.410120 0.473015 0.333428 0.361471 0.245612 0.421848
0 0.195379 0.507417 0.250173 0.436911 0.208351 0.404408 0.153556 0.474915
0 0.681180 0.948371 0.732018 0.931424 0.706189 0.853939 0.655351 0.870885
0 0.025656 0.663945 0.133147 0.643120 0.121283 0.581884 0.013792 0.602709
0 0.003904 0.434356 0.042170 0.426209 0.019897 0.321595 0.000000 0.329742
0 0.000000 1.000000 0.036273 0.999100 0.035403 0.968580 0.000000 0.969656
0 0.759010 1.000000 0.840165 0.998434 0.836953 0.976037 0.755798 0.987677
0 0.000293 0.984547 0.026821 0.984460 0.026582 0.911283 0.000054 0.911370
0 0.650085 0.657322 0.693240 0.600943 0.602690 0.531632 0.559535 0.588012
0 0.523186 0.649925 0.589415 0.627915 0.551845 0.514860 0.485615 0.536870
0 0.893324 0.888761 0.951949 0.843284 0.858930 0.723373 0.800306 0.768850
0 0.345455 1.000000 0.406142 0.986262 0.381304 0.928773 0.320616 0.954993