0 0.531382 0.208724 0.532194 0.113905 0.433105 0.113055 0.432292 0.207875
0 0.535190 0.709697 0.543194 0.573701 0.406360 0.565648 0.398356 0.701644
0 0.283369 0.320823 0.357078 0.307022 0.336666 0.198011 0.262957 0.211813
0 0.547384 0.431952 0.549919 0.332763 0.446010 0.330108 0.443475 0.429297
0 0.227424 0.211446 0.311409 0.192021 0.278291 0.048834 0.194306 0.068258
0 0.527734 0.587327 0.532342 0.443750 0.405495 0.439678 0.400886 0.583255
0 0.536341 0.290519 0.536635 0.194722 0.432128 0.194402 0.431835 0.290198
0 0.382827 1.000000 0.385999 0.879009 0.253966 0.875743 0.250794 1.000000
0 0.682064 0.841726 0.694211 0.756238 0.610877 0.744398 0.598731 0.829886
0 0.207224 0.400040 0.313578 0.383076 0.301714 0.308698 0.195360 0.325663
0 0.070781 0.283094 0.115126 0.187506 0.024091 0.145274 0.000000 0.240861
0 0.421519 0.129896 0.424213 0.033351 0.336028 0.030890 0.333333 0.127434
0 0.424375 0.639901 0.425604 0.564784 0.355877 0.563644 0.354649 0.638761
0 0.087334 0.755752 0.095993 0.663956 0.003560 0.655237 0.000000 0.747033
0 0.296326 0.146666 0.358040 0.130140 0.330356 0.026755 0.268641 0.043281
0 0.666881 0.883317 0.733681 0.851630 0.713697 0.809501 0.646897 0.841187
0 0.437654 0.113313 0.527881 0.111207 0.526716 0.061310 0.436489 0.063416
0 0.063673 0.671063 0.066634 0.592830 0.000000 0.590085 0.000000 0.668318
0 0.007528 0.040469 0.099031 0.020420 0.090141 0.000000 0.000000 0.000000
0 0.423371 0.868368 0.428956 0.757965 0.353954 0.754171 0.348370 0.864575
0 0.477995 0.115218 0.536745 0.025160 0.458663 0.000000 0.399913 0.064282
0 0.109176 0.950371 0.147147 0.793724 0.007424 0.759855 0.000000 0.916502
0 0.545614 0.348687 0.545772 0.288506 0.440302 0.288228 0.440143 0.348410
0 1.000000 0.900128 1.000000 0.834841 0.962965 0.834563 0.962520 0.899851
0 0.366187 0.640815 0.373970 0.516671 0.266823 0.509954 0.259040 0.634098
0 0.504634 0.797202 0.506767 0.701500 0.419048 0.699544 0.416915 0.795247
0 0.377587 0.983043 0.432221 0.976164 0.417933 0.862691 0.363299 0.869570
0 0.076681 0.359228 0.103312 0.283909 0.011014 0.251274 0.000000 0.326593
0 0.999603 0.625454 1.000000 0.564752 0.984227 0.564554 0.983483 0.625256
0 0.943117 0.487851 0.999122 0.486714 0.996756 0.370150 0.940751 0.371287
0 0.999559 0.308933 0.999890 0.220907 0.988521 0.220865 0.988190 0.308891