0 0.099131 0.291524 0.099148 0.199359 0.000000 0.199341 0.000000 0.291506
0 0.763740 0.434852 0.764881 0.303865 0.623653 0.302635 0.622512 0.433622
0 0.093357 0.202124 0.095598 0.103205 0.000601 0.101053 0.000000 0.199972
0 0.388832 0.206779 0.489445 0.206623 0.489302 0.114465 0.388689 0.114622
0 0.266802 0.927739 0.268374 0.822702 0.165074 0.821156 0.163502 0.926193
0 0.692324 0.155582 0.694985 0.054444 0.600335 0.051954 0.597674 0.153092
0 0.588005 0.498326 0.589524 0.399767 0.487485 0.398194 0.485966 0.496753
0 0.947574 0.915033 0.951491 0.805959 0.830151 0.801603 0.826235 0.910676
0 0.704957 0.923197 0.825455 0.921927 0.824303 0.812713 0.703806 0.813983
0 0.926652 0.128222 0.929897 0.005617 0.830600 0.002989 0.827355 0.125594
0 0.137496 0.705156 0.139355 0.617150 0.059903 0.615471 0.058043 0.703477
0 0.394561 0.472247 0.398280 0.358351 0.302474 0.355223 0.298755 0.469119
0 0.167780 0.979421 0.172374 0.871988 0.070089 0.867614 0.065495 0.975047
0 0.703289 1.000000 0.705410 0.953854 0.585148 0.949003 0.583028 1.000000
0 0.212473 0.695763 0.213028 0.613313 0.135374 0.612791 0.134819 0.695240
0 0.480256 0.679926 0.481336 0.609999 0.390647 0.608600 0.389568 0.678527
0 0.093635 0.103317 0.094537 0.002042 0.000829 0.001207 0.000000 0.102482
0 0.572575 0.199468 0.573601 0.114152 0.487693 0.113119 0.486667 0.198436
0 0.316373 0.560394 0.319536 0.429671 0.195994 0.426683 0.192831 0.557405
0 1.000000 0.999711 1.000000 0.886374 0.922678 0.885926 0.922034 0.999263
0 0.931252 0.260933 0.935319 0.131136 0.825729 0.127702 0.821661 0.257499
0 0.712758 0.556644 0.714763 0.425051 0.588993 0.423135 0.586988 0.554728
0 0.830972 0.216847 0.833007 0.124754 0.770902 0.123382 0.768867 0.215474
0 0.391947 0.689569 0.392742 0.616490 0.303526 0.615520 0.302731 0.688599
0 0.999345 0.071699 1.000000 0.004773 0.947544 0.003409 0.945837 0.070334
0 0.059062 0.706957 0.059826 0.629378 0.003288 0.628821 0.002524 0.706400
0 0.931900 0.325490 0.933872 0.258070 0.803867 0.254267 0.801895 0.321687
0 0.000000 0.670625 0.042280 0.670393 0.041675 0.558162 0.000000 0.558394
0 0.132930 1.000000 0.133072 0.976941 0.015511 0.976258 0.015368 1.000000
0 0.826547 0.068406 0.827404 0.003701 0.771198 0.002957 0.770342 0.067662
0 0.311879 0.685367 0.315388 0.499453 0.204955 0.497369 0.201446 0.683283
0 0.038437 0.531931 0.040067 0.430997 0.000000 0.430342 0.000000 0.531276
0 0.025461 0.413150 0.027211 0.325415 0.000253 0.324877 0.000000 0.412612
0 0.829769 0.099285 0.830472 0.004278 0.768815 0.003821 0.768112 0.098829
0 0.818748 0.289303 0.820848 0.236617 0.769830 0.234585 0.767731 0.287270