0 0.581658 0.946815 0.658916 0.865974 0.602907 0.812447 0.525649 0.893289
0 0.300137 0.877410 0.368585 0.821912 0.229748 0.650677 0.161300 0.706175
0 0.534975 1.000000 0.589617 0.936065 0.525567 0.886764 0.470926 0.957751
0 0.171192 0.707567 0.244390 0.647611 0.154564 0.537945 0.081366 0.597901
0 0.065753 0.936676 0.093633 0.869541 0.029303 0.842825 0.001422 0.909961
0 0.183156 0.345208 0.231665 0.271704 0.178065 0.236331 0.129556 0.309836
0 0.744045 0.730276 0.813902 0.649096 0.757243 0.600339 0.687386 0.681520
0 0.650376 0.852953 0.741025 0.718723 0.688130 0.683002 0.597482 0.817232
0 1.000000 0.281357 1.000000 0.222678 0.953218 0.222359 0.952837 0.281038
0 0.010535 0.896755 0.040472 0.835996 0.001980 0.817031 0.000000 0.877791
0 0.124931 0.596648 0.235705 0.498683 0.184250 0.440500 0.073476 0.538465
0 0.455676 0.599311 0.501380 0.551710 0.413227 0.467068 0.367523 0.514669
0 0.959962 0.332602 1.000000 0.332399 1.000000 0.281010 0.959727 0.281212
0 0.531355 0.687538 0.578774 0.641402 0.484625 0.544636 0.437206 0.590773
0 0.358201 0.517266 0.407746 0.467561 0.326336 0.386414 0.276791 0.436118
0 0.264664 0.434653 0.314716 0.386341 0.218000 0.286139 0.167947 0.334451
0 0.456429 0.203917 0.475306 0.132317 0.397202 0.111725 0.378325 0.183325
0 0.810788 0.642938 0.869516 0.584822 0.822467 0.537278 0.763739 0.595393
0 0.998246 0.167635 1.000000 0.012833 0.974531 0.012136 0.970626 0.166938
0 0.208257 1.000000 0.228929 0.958906 0.140965 0.933810 0.120292 1.000000
0 0.738182 0.097779 0.746813 0.000000 0.652365 0.000000 0.643735 0.089710
0 0.910748 0.119798 0.914925 0.013692 0.873947 0.012078 0.869770 0.118184
0 0.457001 0.026775 0.460153 0.000000 0.393935 0.000000 0.390783 0.019676
0 0.393471 0.541219 0.431647 0.485097 0.372663 0.444974 0.334487 0.501096
0 0.641407 0.851875 0.696612 0.791346 0.657295 0.755488 0.602090 0.816017
0 0.029686 0.827123 0.031747 0.764471 0.000000 0.763386 0.000000 0.826037
0 0.973274 0.983733 1.000000 0.979495 1.000000 0.808440 0.957196 0.812677