0 0.412617 0.604130 0.522089 0.602241 0.520138 0.489172 0.410666 0.491061
0 0.741078 0.579431 0.741602 0.366789 0.613844 0.366475 0.613320 0.579116
0 0.216515 0.918628 0.221129 0.795687 0.087850 0.790685 0.083236 0.913626
0 0.373868 0.374069 0.383777 0.224846 0.243639 0.215540 0.233730 0.364763
0 0.615564 0.599979 0.619955 0.485211 0.517750 0.481301 0.513358 0.596069
0 0.852713 0.289124 0.853683 0.160659 0.735585 0.159768 0.734615 0.288232
0 0.699329 0.906538 0.705941 0.764895 0.557591 0.757971 0.550979 0.899614
0 0.029026 0.163919 0.142776 0.163068 0.142298 0.099142 0.028548 0.099992
0 0.562674 0.969255 0.571231 0.832173 0.429773 0.823343 0.421216 0.960425
0 0.376096 0.212890 0.380000 0.044279 0.223625 0.040659 0.219721 0.209269
0 0.853457 0.582478 0.855049 0.486094 0.757293 0.484479 0.755701 0.580863
0 0.160428 0.432937 0.161194 0.319921 0.039649 0.319097 0.038883 0.432113
0 0.262643 0.604683 0.263707 0.506257 0.168627 0.505230 0.167564 0.603656
0 0.030868 0.224796 0.146445 0.224383 0.146233 0.165193 0.030656 0.165606
0 0.976281 0.579736 0.979655 0.477331 0.854130 0.473196 0.850757 0.575601
0 0.170053 0.577878 0.174230 0.426905 0.036432 0.423092 0.032255 0.574066
0 0.747383 0.399569 0.755262 0.237589 0.595978 0.229842 0.588099 0.391821
0 0.034484 0.315186 0.157267 0.313659 0.156260 0.232701 0.033478 0.234227
0 0.459953 0.067964 0.463322 0.000000 0.307034 0.000000 0.303665 0.060320
0 0.079855 0.989477 0.081875 0.823905 0.000000 0.822894 0.000000 0.988466
0 0.153194 0.103306 0.156387 0.025997 0.022881 0.020484 0.019689 0.097794
0 0.386079 0.603060 0.395215 0.415550 0.259532 0.408939 0.250396 0.596450
0 0.511142 1.000000 0.511521 0.979040 0.425598 0.977521 0.425220 0.998912
0 0.442761 1.000000 0.443307 0.979829 0.365991 0.977855 0.365446 0.999231
0 0.033046 0.027414 0.199851 0.026540 0.199692 0.000000 0.032887 0.000000
0 0.735436 0.574252 0.784695 0.571100 0.779562 0.490868 0.730303 0.494020
0 0.146398 0.994432 0.149663 0.904591 0.069214 0.901667 0.065949 0.991508
0 0.981070 0.863100 1.000000 0.860399 0.999153 0.739523 0.969907 0.742224
0 0.854263 0.338453 0.855934 0.285847 0.750985 0.282515 0.749315 0.335120
0 0.806561 0.579328 0.808531 0.493765 0.731734 0.491996 0.729763 0.577559
0 0.417306 0.607601 0.418260 0.504280 0.366339 0.503801 0.365385 0.607122
0 0.000000 1.000000 0.066269 0.999601 0.066106 0.979578 0.000000 0.980118