0 0.581652 0.929088 0.658913 0.821296 0.602909 0.749932 0.525647 0.857723
0 0.184329 0.126295 0.229570 0.029102 0.175137 0.000000 0.129896 0.081252
0 0.300140 0.836549 0.368592 0.762540 0.229738 0.534221 0.161285 0.608230
0 0.534971 1.000000 0.589615 0.914752 0.525571 0.849019 0.470927 0.943669
0 0.171180 0.610229 0.244388 0.530138 0.154342 0.383815 0.081134 0.463905
0 0.065752 0.915565 0.093631 0.826053 0.029305 0.790436 0.001426 0.879948
0 0.744021 0.640380 0.813949 0.532136 0.757309 0.467087 0.687381 0.575331
0 0.650373 0.803934 0.741028 0.624961 0.688132 0.577328 0.597477 0.756302
0 0.010537 0.862340 0.040474 0.781326 0.001981 0.756038 0.000000 0.837052
0 0.124320 0.462480 0.235392 0.331755 0.184116 0.254301 0.073044 0.385027
0 0.455469 0.465863 0.501124 0.402334 0.413495 0.290380 0.367840 0.353909
0 0.533087 0.586779 0.580545 0.523421 0.478104 0.387008 0.430646 0.450366
0 0.267555 0.248169 0.316253 0.184684 0.215712 0.047575 0.167013 0.111060
0 0.354639 0.351688 0.402843 0.287101 0.329290 0.189508 0.281086 0.254096
0 0.810685 0.523837 0.869336 0.446523 0.822388 0.383205 0.763736 0.460519
0 0.208266 1.000000 0.228939 0.945205 0.140965 0.911741 0.120291 1.000000
0 0.964817 0.115207 1.000000 0.115192 1.000000 0.032278 0.964799 0.032293
0 0.998495 0.049298 0.998740 0.003971 0.956897 0.003569 0.956652 0.048896
0 0.394058 0.388336 0.431700 0.313100 0.371948 0.259953 0.334306 0.335190
0 0.572878 0.177379 0.627602 0.041493 0.418501 0.000000 0.363778 0.027675
0 0.641403 0.802499 0.696602 0.721803 0.657287 0.673994 0.602088 0.754689
0 0.029682 0.769495 0.031744 0.685967 0.000000 0.684520 0.000000 0.768048
0 0.973272 0.978344 1.000000 0.972693 1.000000 0.744569 0.957190 0.750219