0 0.142785 0.910225 0.180660 0.857543 0.069717 0.777781 0.031841 0.830463
0 0.280183 1.000000 0.324945 0.943266 0.216595 0.861763 0.171833 0.921269
0 0.672947 0.955354 0.743932 0.895361 0.652157 0.786771 0.581173 0.846764
0 0.683628 0.595122 0.731151 0.521913 0.677195 0.486887 0.629671 0.560095
0 0.381015 0.700218 0.427989 0.629309 0.237815 0.503329 0.190841 0.574238
0 0.751054 1.000000 0.808373 0.988988 0.706688 0.901431 0.649368 0.968000
0 0.469416 0.738942 0.508655 0.663335 0.424982 0.619911 0.385743 0.695518
0 0.968439 0.860502 1.000000 0.808274 0.903262 0.717753 0.859760 0.769981
0 0.628960 0.842883 0.734666 0.748390 0.682987 0.690578 0.577281 0.785072
0 0.317995 0.075277 0.355030 0.015713 0.259214 0.000000 0.222179 0.015702
0 0.495406 0.382803 0.550395 0.323650 0.450669 0.230943 0.395679 0.290096
0 0.554302 0.616000 0.583527 0.544302 0.438791 0.485306 0.409566 0.557004
0 0.807370 0.128426 0.822718 0.048803 0.663618 0.018136 0.648270 0.097759
0 0.855925 0.765453 0.905379 0.715566 0.826593 0.637465 0.777139 0.687352
0 0.769266 0.690909 0.820036 0.642377 0.718040 0.535678 0.667270 0.584210
0 0.369551 1.000000 0.392162 0.982411 0.308153 0.945790 0.285543 0.997658
0 0.995856 0.241193 1.000000 0.131177 0.947498 0.121150 0.930594 0.231165
0 1.000000 0.615296 1.000000 0.556908 0.975586 0.544064 0.958610 0.602451
0 1.000000 0.455245 1.000000 0.358921 0.958563 0.356687 0.954040 0.453011
0 0.972754 0.464041 0.996798 0.395757 0.901004 0.362026 0.876960 0.430311
0 0.001655 0.739619 0.051906 0.739197 0.051012 0.632915 0.000761 0.633337
0 0.996885 0.396280 1.000000 0.260144 0.947833 0.231142 0.904907 0.367278
0 0.013835 0.235875 0.015383 0.170001 0.001162 0.169667 0.000000 0.235541
0 1.000000 0.885444 1.000000 0.826445 0.970930 0.803405 0.946399 0.862404