0 0.397747 0.878431 0.513748 0.877801 0.513117 0.761639 0.397116 0.762269
0 0.202185 0.941706 0.259510 0.924231 0.228885 0.823770 0.171561 0.841245
0 0.460354 0.468821 0.505361 0.387901 0.441054 0.352134 0.396046 0.433054
0 0.151810 0.957287 0.206469 0.939738 0.174530 0.840257 0.119871 0.857805
0 0.042646 0.993236 0.101340 0.977123 0.072341 0.871487 0.013648 0.887600
0 0.791727 0.975102 0.903804 0.926946 0.868094 0.843837 0.756017 0.891993
0 0.099996 0.967809 0.150492 0.951756 0.120308 0.856808 0.069812 0.872861
0 0.336324 0.607947 0.418130 0.568889 0.370820 0.469798 0.289014 0.508855
0 0.138683 0.591352 0.250998 0.567382 0.236200 0.498041 0.123885 0.522011
0 0.308270 0.507990 0.381418 0.477677 0.339956 0.377629 0.266809 0.407942
0 0.083880 0.392989 0.189810 0.365860 0.172036 0.296459 0.066106 0.323588
0 0.478087 0.679555 0.560474 0.653620 0.531883 0.562796 0.449496 0.588731
0 0.119222 0.527349 0.235297 0.503953 0.221303 0.434520 0.105228 0.457915
0 0.101431 0.461987 0.208987 0.439974 0.194409 0.368742 0.086852 0.390754
0 0.576390 0.831933 0.598211 0.747616 0.515762 0.726278 0.493941 0.810595
0 0.161440 0.771495 0.291255 0.732568 0.268342 0.656159 0.138527 0.695086
0 0.602888 0.826139 0.678851 0.801783 0.646702 0.701515 0.570739 0.725871
0 0.368441 0.721750 0.467241 0.681476 0.421655 0.569644 0.322855 0.609918
0 0.053808 0.322218 0.168694 0.299390 0.157575 0.243430 0.042688 0.266257
0 0.265369 0.384488 0.353319 0.355271 0.305093 0.210097 0.217143 0.239314
0 0.841022 1.000000 0.932527 0.995104 0.889890 0.917446 0.798385 0.967685
0 0.264504 0.655639 0.267607 0.571571 0.187398 0.568610 0.184295 0.652678
0 0.101775 0.818029 0.173495 0.710835 0.081508 0.649290 0.009788 0.756483
0 0.505217 0.496230 0.560433 0.431123 0.512981 0.390879 0.457764 0.455986
0 0.526253 0.550850 0.606455 0.485557 0.565639 0.435422 0.485438 0.500714
0 0.752821 0.835005 0.831966 0.775604 0.735057 0.646484 0.655912 0.705885
0 0.000679 0.619041 0.053655 0.604827 0.032501 0.525991 0.000000 0.540205
0 0.070156 0.285927 0.161882 0.219045 0.081857 0.109295 0.000000 0.176178
0 0.216413 1.000000 0.343253 0.994051 0.333235 0.941634 0.206395 0.965877
0 0.741998 0.893653 0.862605 0.844983 0.839820 0.788518 0.719212 0.837188
0 0.557275 0.656827 0.690428 0.625053 0.674565 0.558577 0.541412 0.590351
0 0.003054 0.824901 0.039966 0.816110 0.015642 0.713968 0.000000 0.722758
0 0.671485 0.787433 0.725221 0.769993 0.700164 0.692785 0.646428 0.710224
0 0.431497 0.697140 0.481611 0.680703 0.456368 0.603742 0.406254 0.620179
0 0.550515 1.000000 0.581472 0.883663 0.449979 0.851323 0.419022 0.977193
0 0.436016 0.711691 0.491536 0.647181 0.411889 0.578635 0.356370 0.643145
0 0.309754 0.960101 0.355839 0.933531 0.330776 0.890062 0.284692 0.916632
0 0.277557 0.934140 0.355362 0.892075 0.302666 0.794607 0.224861 0.836672
0 0.006734 0.476733 0.050225 0.463044 0.027836 0.391908 0.000000 0.405596
0 0.036496 0.198409 0.064826 0.081620 0.000000 0.062711 0.000000 0.179501
0 0.000000 0.408632 0.030857 0.408425 0.030354 0.330008 0.000000 0.330215
0 0.448347 0.963379 0.511174 0.934503 0.477980 0.862280 0.415153 0.891156
0 0.400260 0.407459 0.443439 0.350698 0.352648 0.281633 0.309469 0.338394
0 0.035574 0.806706 0.098210 0.792876 0.072727 0.677465 0.010091 0.691295
0 0.641807 0.637545 0.700937 0.591228 0.609036 0.473901 0.549905 0.520218
0 0.000666 0.195035 0.063676 0.194004 0.061403 0.055074 0.000000 0.056105
0 0.000869 0.986888 0.045891 0.973476 0.021697 0.892267 0.000000 0.905679