0 0.710336 0.309330 0.743901 0.170162 0.576183 0.147408 0.542617 0.286576
0 0.894387 0.865917 0.998092 0.865250 0.997342 0.799626 0.893637 0.800293
0 0.641532 0.392381 0.741339 0.392302 0.741225 0.310686 0.641418 0.310764
0 0.650001 0.058102 0.674062 0.002618 0.592507 0.000000 0.568446 0.038208
0 0.728887 0.798758 0.898762 0.792836 0.895186 0.735124 0.725310 0.741046
0 0.581446 0.830103 0.585407 0.754527 0.486725 0.751617 0.482764 0.827193
0 0.226123 0.848927 0.228958 0.793450 0.096962 0.789655 0.094127 0.845132
0 0.717249 0.814804 0.718186 0.762575 0.647270 0.761860 0.646333 0.814089
0 0.723116 0.311308 0.807917 0.311037 0.807508 0.239068 0.722707 0.239339
0 0.996538 0.791137 0.997050 0.711719 0.888401 0.711325 0.887889 0.790743
0 0.818822 0.668099 0.940823 0.668045 0.940777 0.609733 0.818776 0.609787
0 0.529696 0.975870 0.535779 0.920612 0.469067 0.916481 0.462985 0.971739
0 0.192035 0.959413 0.195322 0.877412 0.100619 0.875277 0.097333 0.957278
0 0.647290 0.687571 0.757983 0.640064 0.656968 0.507670 0.546275 0.555178
0 0.042699 0.566128 0.149497 0.507714 0.086396 0.442821 0.000000 0.501234
0 0.999959 0.662616 1.000000 0.584143 0.928166 0.583934 0.927761 0.662407
0 0.809345 0.402930 0.977354 0.402920 0.977346 0.320592 0.809337 0.320601
0 0.610696 0.972005 0.612729 0.912511 0.531688 0.910953 0.529655 0.970447
0 0.186320 0.719235 0.309144 0.693694 0.285716 0.630323 0.162893 0.655864
0 0.814757 0.621735 0.919755 0.616638 0.915720 0.569878 0.810722 0.574975
0 0.543677 0.581775 0.683815 0.503589 0.493189 0.311399 0.353052 0.389585
0 0.250064 0.870971 0.397987 0.861732 0.391066 0.799410 0.243144 0.808649
0 0.060321 0.912027 0.062174 0.849513 0.000000 0.848463 0.000000 0.910978
0 0.002666 0.451543 0.077687 0.451404 0.077233 0.313660 0.002212 0.313799
0 0.805056 0.503792 0.952350 0.502752 0.951534 0.437763 0.804241 0.438803
0 0.846452 0.306999 0.961312 0.303359 0.958363 0.251024 0.843503 0.254665
0 0.371294 0.059670 0.473949 0.010526 0.434723 0.000000 0.332068 0.013580
0 0.653880 0.461419 0.758233 0.450817 0.744846 0.376695 0.640493 0.387297
0 0.391291 0.830270 0.450350 0.826526 0.443149 0.762642 0.384090 0.766386
0 0.819601 0.350380 0.963808 0.349105 0.963086 0.303092 0.818878 0.304367
0 0.173626 0.675651 0.174482 0.631487 0.038225 0.630001 0.037369 0.674166
0 0.179687 0.717277 0.180501 0.675711 0.039402 0.674158 0.038588 0.715724
0 0.111457 0.701664 0.175525 0.641546 0.115037 0.605287 0.050970 0.665405
0 0.687206 0.505291 0.762507 0.496275 0.744335 0.410900 0.669034 0.419915
0 0.117069 0.749509 0.178850 0.693346 0.090139 0.638455 0.028358 0.694618
0 0.242482 0.713746 0.331592 0.658539 0.156569 0.499630 0.067459 0.554837
0 0.358621 0.028250 0.382799 0.000000 0.348496 0.000000 0.324318 0.015381
0 0.951873 0.472205 0.952667 0.406579 0.801313 0.405548 0.800519 0.471175
0 0.000000 0.703205 0.020072 0.702974 0.018821 0.638138 0.000000 0.638370
0 0.766845 0.249001 0.861993 0.187919 0.738689 0.079879 0.643541 0.140961
0 0.765351 0.247958 0.935284 0.136112 0.800862 0.021230 0.630929 0.133077
0 0.191063 0.146367 0.341734 0.078679 0.279497 0.000752 0.128825 0.068440
0 0.227491 0.832781 0.230418 0.779428 0.096720 0.775303 0.093793 0.828656
0 0.598228 0.538023 0.676035 0.502303 0.606762 0.417424 0.528955 0.453144
0 0.346565 0.272256 0.408922 0.217551 0.320224 0.160680 0.257867 0.215386
0 0.236201 0.812580 0.397491 0.804349 0.393923 0.765020 0.232633 0.773251