0 0.678560 0.929875 0.687503 0.799131 0.536801 0.793333 0.527858 0.924077
0 0.825029 0.680808 0.948017 0.679883 0.946863 0.593602 0.823875 0.594526
0 0.622759 0.468172 0.635361 0.350598 0.475051 0.340932 0.462448 0.458507
0 0.927942 0.550458 0.929790 0.455267 0.815070 0.454014 0.813222 0.549206
0 0.325696 0.975137 0.407613 0.957750 0.366670 0.849249 0.284753 0.866637
0 0.146068 0.811301 0.332224 0.788998 0.317346 0.719144 0.131190 0.741447
0 0.920897 0.389595 0.926983 0.290571 0.779162 0.285461 0.773077 0.384486
0 0.229116 0.997562 0.323867 0.977401 0.273814 0.845081 0.179063 0.865242
0 0.389969 0.224107 0.538205 0.176602 0.491070 0.093869 0.342834 0.141374
0 0.844178 0.851336 0.960576 0.850127 0.959015 0.765594 0.842616 0.766804
0 0.410024 0.961715 0.491326 0.943791 0.446830 0.830258 0.365527 0.848182
0 0.126829 0.744559 0.297718 0.721897 0.281857 0.654619 0.110968 0.677281
0 0.093950 0.683977 0.260375 0.659711 0.243020 0.592759 0.076595 0.617024
0 0.006245 0.442880 0.163092 0.427347 0.152494 0.367149 0.000000 0.382682
0 0.490308 0.593952 0.659086 0.590793 0.656384 0.509570 0.487606 0.512728
0 0.836630 0.772251 0.973817 0.772156 0.973697 0.675904 0.836511 0.676000
0 0.494420 0.939354 0.563317 0.922871 0.518722 0.818025 0.449826 0.834508
0 0.452949 0.355877 0.607491 0.325368 0.582095 0.253008 0.427554 0.283516
0 0.168343 0.863741 0.321264 0.850291 0.311342 0.786839 0.158421 0.800290
0 0.033509 0.509744 0.200031 0.483929 0.181774 0.417683 0.015251 0.443498
0 0.855203 0.299908 0.857426 0.238546 0.765981 0.236682 0.763758 0.298044
0 0.006265 0.385231 0.128041 0.370547 0.113694 0.303620 0.000000 0.318304
0 0.476989 0.298427 0.581117 0.237161 0.508246 0.167495 0.404118 0.228761
0 0.029525 0.085858 0.181109 0.055156 0.151596 0.000000 0.000012 0.003895
0 0.069128 0.618872 0.227546 0.600052 0.214983 0.540566 0.056565 0.559386
0 0.867928 0.252190 0.872152 0.150184 0.734430 0.146976 0.730206 0.248982
0 0.056703 0.564302 0.206721 0.543448 0.192390 0.485458 0.042373 0.506312
0 0.354482 0.076598 0.433371 0.024374 0.368398 0.000000 0.289509 0.021388
0 0.854127 0.956201 1.000000 0.954687 1.000000 0.825326 0.851787 0.826841
0 0.072393 0.182230 0.077313 0.124581 0.001594 0.120947 0.000000 0.178595
0 0.911520 0.598031 0.912502 0.545548 0.824208 0.544619 0.823227 0.597103
0 0.077393 0.330518 0.107851 0.262857 0.019383 0.240456 0.000000 0.308117
0 1.000000 0.520403 1.000000 0.454188 0.929843 0.452757 0.927607 0.518972
0 0.668143 0.743641 0.669494 0.641579 0.511186 0.640401 0.509836 0.742463
0 1.000000 0.373931 1.000000 0.280484 0.930690 0.279320 0.928072 0.372767
0 0.945875 0.222317 1.000000 0.202522 1.000000 0.065435 0.899238 0.085229
0 0.014928 1.000000 0.125633 0.996566 0.113456 0.939199 0.002751 0.952417
0 0.092641 0.256033 0.094125 0.181051 0.000000 0.179980 0.000000 0.254962
0 0.074782 0.885009 0.077903 0.800504 0.000000 0.798672 0.000000 0.883177
0 0.669157 0.784367 0.672332 0.713402 0.515952 0.709466 0.512776 0.780430
0 0.659122 0.649889 0.660032 0.594815 0.496456 0.593295 0.495546 0.648369
0 0.327669 0.144668 0.479918 0.093406 0.446226 0.037120 0.293978 0.088382
0 0.000000 0.805249 0.058355 0.803421 0.054229 0.723475 0.000000 0.725303
0 0.221652 0.037163 0.301481 0.019042 0.287075 0.000000 0.207247 0.001466
0 0.561753 1.000000 0.692143 1.000000 0.689172 0.976792 0.558783 0.985999
0 0.101356 0.955424 0.113882 0.877646 0.008170 0.868069 0.000000 0.945847
0 0.350292 0.404232 0.428714 0.388131 0.417426 0.357204 0.339004 0.373304
0 0.943201 0.657370 1.000000 0.652285 0.997756 0.586143 0.933845 0.591228
0 0.000000 0.730072 0.042454 0.728722 0.039904 0.679500 0.000000 0.680850
0 0.000454 0.076939 0.024683 0.076658 0.023313 0.010293 0.000000 0.010574
0 0.016538 0.958177 0.115391 0.949811 0.108038 0.900940 0.009186 0.909306
0 0.839491 0.220096 0.905360 0.200706 0.872984 0.138842 0.807115 0.158233
0 0.902820 0.206807 0.950939 0.198233 0.920738 0.102895 0.872619 0.111470