0 0.188909 1.000000 0.199472 0.916869 0.076780 0.908909 0.066217 1.000000
0 0.545710 0.573728 0.559269 0.473564 0.452203 0.465412 0.438645 0.565576
0 0.415087 0.327765 0.427396 0.230783 0.301022 0.221761 0.288713 0.318743
0 0.299489 0.728292 0.306173 0.644956 0.206100 0.640442 0.199417 0.723777
0 0.444600 0.567199 0.457435 0.466168 0.351090 0.458569 0.338256 0.559600
0 0.333657 0.591200 0.349501 0.458027 0.234658 0.450341 0.218815 0.583514
0 0.124804 0.777232 0.135060 0.650287 0.000000 0.644106 0.000000 0.771052
0 0.190389 0.377650 0.202038 0.281728 0.098189 0.274634 0.086540 0.370555
0 0.433770 0.152890 0.444192 0.059417 0.337656 0.052736 0.327234 0.146209
0 0.799353 0.435757 0.813846 0.331380 0.627466 0.316822 0.612972 0.421200
0 0.231035 0.235810 0.238766 0.138717 0.095374 0.132294 0.087642 0.229387
0 0.265162 0.083320 0.274042 0.000845 0.166585 0.000000 0.157706 0.076813
0 0.444237 0.233478 0.449995 0.145007 0.316484 0.140120 0.310726 0.228591
0 0.613074 0.416591 0.638358 0.335156 0.581117 0.325159 0.555833 0.406594
0 0.242320 0.146934 0.255879 0.085767 0.120747 0.068918 0.107188 0.130085
0 0.149015 0.556846 0.170080 0.437570 0.073944 0.428019 0.052879 0.547296
0 0.671630 1.000000 0.680672 0.960714 0.462471 0.941367 0.453430 0.998729
0 0.655749 0.573474 0.665196 0.483403 0.559686 0.477178 0.550239 0.567249
0 0.475382 0.065645 0.482505 0.000893 0.352574 0.000000 0.345451 0.057605
0 0.396199 0.400524 0.408389 0.327701 0.275190 0.315159 0.263000 0.387982
0 0.058608 0.545515 0.071177 0.432660 0.000000 0.428090 0.000000 0.540944
0 0.788502 0.568976 0.802957 0.504356 0.664097 0.486884 0.649642 0.551504
0 0.935090 0.449377 0.947132 0.390768 0.879840 0.382991 0.867798 0.441600
0 0.831390 0.774256 0.875830 0.724005 0.749512 0.661167 0.705072 0.711418
0 0.069138 1.000000 0.079884 0.901634 0.005039 0.897080 0.000000 0.996431
0 0.614678 0.817512 0.625621 0.702941 0.457393 0.693902 0.446450 0.808474
0 0.883112 0.720690 0.936535 0.642369 0.790969 0.586519 0.737547 0.664839
0 0.069629 0.116200 0.071549 0.040395 0.000000 0.039331 0.000000 0.115135
0 0.281923 0.789142 0.290485 0.727556 0.194368 0.720039 0.185805 0.781625
0 0.634695 0.052923 0.638776 0.000000 0.487199 0.000000 0.483119 0.046579
0 0.170190 0.062956 0.177812 0.000549 0.104786 0.000000 0.097164 0.057940
0 0.788830 1.000000 0.791994 0.970516 0.680848 0.964488 0.677685 0.997297
0 0.826537 0.132926 1.000000 0.064310 0.947788 0.000000 0.753651 0.016928
0 0.912827 0.368933 0.944435 0.291494 0.853795 0.270683 0.822186 0.348122
0 0.058563 0.180674 0.060517 0.120098 0.000000 0.118993 0.000000 0.179569
0 0.900872 1.000000 0.904704 0.976486 0.794245 0.968846 0.790413 1.000000
0 0.086491 0.370166 0.090334 0.286691 0.000000 0.284202 0.000000 0.367678
0 1.000000 0.313667 1.000000 0.251593 0.935545 0.228028 0.908339 0.290102
0 0.870649 0.444585 0.887078 0.378724 0.801010 0.366648 0.784582 0.432509
0 0.051648 0.247868 0.053056 0.178838 0.000000 0.178210 0.000000 0.247241
0 0.999831 0.460220 1.000000 0.407780 0.945075 0.397248 0.930843 0.449689
0 0.094313 0.047176 0.095691 0.003774 0.005402 0.002162 0.004025 0.045564
0 0.215558 0.284966 0.222335 0.233514 0.104962 0.224818 0.098186 0.276269
0 0.144785 0.629571 0.149044 0.550206 0.040824 0.546940 0.036566 0.626305
0 0.560007 0.395557 0.583805 0.314287 0.425258 0.288172 0.401460 0.369442
0 0.826544 0.234161 0.961998 0.154516 0.871472 0.067914 0.736018 0.147560
0 0.432257 0.799666 0.445579 0.663683 0.296828 0.655486 0.283506 0.791468
0 0.995285 1.000000 0.996414 0.981410 0.901836 0.978685 0.900707 1.000000
0 0.460789 1.000000 0.467218 0.959355 0.249634 0.945439 0.243205 1.000000
0 0.248977 1.000000 0.253954 0.925230 0.191030 0.922902 0.186053 0.998584
0 1.000000 0.399304 1.000000 0.324234 0.953616 0.322670 0.949748 0.397740
0 0.949894 0.644750 0.986160 0.559124 0.815394 0.518441 0.779129 0.604068
0 0.938959 0.782772 1.000000 0.782530 1.000000 0.679576 0.938247 0.679817
0 0.560304 0.083713 0.567019 0.040659 0.485120 0.033474 0.478405 0.076529
0 0.974832 0.187609 1.000000 0.129799 0.980610 0.064927 0.896017 0.122738
0 0.568427 0.066906 0.573449 0.000000 0.489550 0.000000 0.484529 0.063459
0 0.607778 0.814266 0.615337 0.757181 0.452283 0.745036 0.444724 0.802121
0 0.554677 0.396084 0.581704 0.318308 0.508383 0.303976 0.481356 0.381752
0 0.974504 0.577258 0.988265 0.523049 0.791857 0.495004 0.778096 0.549212
0 0.733240 0.051517 0.739260 0.004684 0.632755 0.000000 0.626735 0.043817
0 0.718818 0.109705 0.721033 0.031029 0.626420 0.029531 0.624206 0.108207
0 0.884930 0.719659 0.914907 0.664542 0.779316 0.623060 0.749339 0.678177