0 0.317328 0.615805 0.454030 0.573671 0.366151 0.413289 0.229449 0.455423
0 0.829706 0.982250 0.879826 0.892669 0.774927 0.859655 0.724806 0.949236
0 0.410412 0.981911 0.431460 0.882798 0.296264 0.866648 0.275216 0.965761
0 0.470978 0.798122 0.589265 0.759184 0.506833 0.618325 0.388546 0.657262
0 0.083715 0.894378 0.164744 0.863242 0.099538 0.767789 0.018510 0.798924
0 0.624944 0.952948 0.628404 0.859447 0.505568 0.856890 0.502109 0.950392
0 0.156871 0.860459 0.243188 0.829577 0.180674 0.731289 0.094356 0.762171
0 0.883238 0.831623 0.945115 0.745470 0.865524 0.713315 0.803647 0.799468
0 1.000000 0.342365 1.000000 0.269861 0.929781 0.269588 0.929296 0.342092
0 0.790235 0.787370 0.897034 0.699499 0.806248 0.637432 0.699449 0.725303
0 0.022731 0.729065 0.149169 0.680731 0.054535 0.541482 0.000000 0.589815
0 0.572806 0.586746 0.667471 0.478059 0.547479 0.419271 0.452814 0.527958
0 0.277517 0.891204 0.400419 0.862043 0.371056 0.792430 0.248153 0.821591
0 0.296926 0.833847 0.396564 0.750650 0.274652 0.668523 0.175014 0.751721
0 0.963438 0.838681 0.995226 0.765637 0.928322 0.749259 0.896533 0.822303
0 0.765926 0.917650 0.794359 0.839456 0.681407 0.816354 0.652975 0.894548
0 0.004077 0.937206 0.090239 0.906893 0.024341 0.801529 0.000000 0.831842
0 0.633014 1.000000 0.649288 0.949687 0.546478 0.936360 0.530204 1.000000
0 0.997842 1.000000 1.000000 0.956437 0.937941 0.952546 0.932868 1.000000
0 0.999318 0.852884 1.000000 0.783412 0.964526 0.777215 0.949242 0.846687
0 0.938273 0.195696 1.000000 0.079115 0.842760 0.013378 0.764402 0.129959
0 0.856725 1.000000 0.866082 0.983803 0.788917 0.970756 0.779561 1.000000
0 0.155686 0.682675 0.246730 0.642424 0.146514 0.514917 0.055470 0.555168
0 0.931163 1.000000 0.949649 0.927407 0.851167 0.914437 0.832682 0.993392
0 0.000000 0.999857 0.059284 0.998372 0.056804 0.936835 0.000000 0.938320
0 0.525034 0.489630 0.550993 0.406532 0.459898 0.390525 0.433938 0.473623
0 0.985256 0.053071 0.990695 0.000000 0.830818 0.000000 0.825379 0.043894
0 0.582652 0.632740 0.705017 0.540419 0.652212 0.501050 0.529847 0.593371
0 0.313835 1.000000 0.411174 0.999417 0.406313 0.968541 0.308974 0.977161
0 0.621264 0.653447 0.725580 0.573083 0.676494 0.537242 0.572177 0.617606
0 1.000000 0.773985 1.000000 0.703261 0.981791 0.696637 0.962110 0.767361
0 0.698072 0.713872 0.800789 0.624156 0.719936 0.572085 0.617219 0.661801