0 0.212592 0.574178 0.226625 0.473568 0.119056 0.465128 0.105022 0.565739
0 0.111227 0.566676 0.123735 0.463607 0.014540 0.456153 0.002032 0.559223
0 0.107747 0.234785 0.115945 0.147721 0.001394 0.141654 0.000000 0.228718
0 0.977154 0.641809 0.982240 0.564513 0.817566 0.558418 0.812480 0.635714
0 0.101861 0.152032 0.110110 0.059495 0.005035 0.054226 0.000000 0.146764
0 0.465746 0.436815 0.481051 0.331404 0.293878 0.316118 0.278574 0.421529
0 0.791461 0.798400 0.809792 0.670576 0.650173 0.657700 0.631841 0.785524
0 0.339210 1.000000 0.348671 0.961111 0.127647 0.940640 0.118186 0.998099
0 0.280002 0.416585 0.305232 0.334997 0.247513 0.324957 0.222283 0.406545
0 0.084942 0.325920 0.097490 0.232968 0.004368 0.225896 0.000000 0.318849
0 0.887496 0.215426 0.924164 0.125742 0.808990 0.099254 0.772322 0.188938
0 0.934969 0.813754 0.946782 0.730785 0.788539 0.718112 0.776726 0.801081
0 0.322204 0.573197 0.331754 0.483209 0.226696 0.476937 0.217145 0.566926
0 0.935441 0.449400 0.963767 0.410257 0.849891 0.363905 0.821566 0.403048
0 0.752874 0.431800 0.799189 0.357095 0.664528 0.310134 0.618213 0.384839
0 0.142315 0.065837 0.148659 0.001110 0.019101 0.000000 0.012757 0.058695
0 0.497535 0.773920 0.541908 0.723945 0.416548 0.661334 0.372174 0.711309
0 0.938601 0.139853 0.977567 0.060688 0.881408 0.034064 0.842441 0.113229
0 0.281326 0.818189 0.292712 0.702252 0.123679 0.692915 0.112293 0.808852
0 0.454942 0.568903 0.469488 0.504019 0.331097 0.486568 0.316551 0.551452
0 0.603124 0.450469 0.616106 0.392238 0.546558 0.383516 0.533576 0.441748
0 0.549738 0.720271 0.602759 0.642919 0.459877 0.587829 0.406856 0.665181
0 0.073609 0.400753 0.083357 0.330746 0.000373 0.324246 0.000000 0.394253
0 0.993827 0.508705 0.995810 0.447521 0.893062 0.445648 0.891079 0.506832
0 0.301727 0.053122 0.305826 0.000000 0.154071 0.000000 0.149972 0.046760
0 0.677013 0.315803 0.707056 0.259099 0.607656 0.229476 0.577613 0.286179
0 0.455432 1.000000 0.458596 0.970813 0.347546 0.964746 0.344382 0.997317
0 0.226913 0.396200 0.251282 0.314320 0.092571 0.287751 0.068202 0.369630
0 0.568938 1.000000 0.572472 0.977375 0.461122 0.969977 0.457587 0.999904
0 0.586242 0.367633 0.608313 0.289029 0.513901 0.274117 0.491830 0.352721
0 0.964767 0.406811 1.000000 0.318109 0.902394 0.283293 0.853188 0.371995
0 1.000000 0.310509 1.000000 0.237139 0.946897 0.218596 0.920488 0.291967
0 0.536533 0.445251 0.555946 0.371279 0.470591 0.358678 0.451178 0.432650
0 1.000000 0.817268 1.000000 0.713161 0.943083 0.710647 0.936107 0.814754
0 0.095140 0.798292 0.108006 0.680156 0.000000 0.673528 0.000000 0.791664
0 1.000000 0.630652 1.000000 0.562971 0.974455 0.562029 0.970950 0.629709
0 0.725588 0.474276 0.742675 0.422817 0.623204 0.400504 0.606118 0.451962
0 0.487842 0.113919 0.678701 0.031325 0.606649 0.000000 0.415790 0.020264
0 0.809871 0.689361 0.831998 0.561924 0.704497 0.549471 0.682369 0.676908
0 0.905175 0.473440 0.928634 0.436404 0.827044 0.400209 0.803585 0.437246
0 0.836193 0.269468 0.867762 0.212652 0.764040 0.180234 0.732471 0.237049
0 0.983904 0.076792 1.000000 0.002619 0.890495 0.000000 0.854101 0.040966
0 1.000000 0.221953 1.000000 0.179356 0.972271 0.177047 0.967493 0.219644
0 0.622495 0.645216 0.661935 0.545568 0.484728 0.506117 0.445288 0.605764
0 0.537934 0.239531 0.620081 0.131907 0.485393 0.074079 0.403246 0.181704
0 0.089765 0.799636 0.104011 0.734584 0.000595 0.721845 0.000000 0.786898
0 0.590443 0.201479 0.761039 0.107089 0.592187 0.000000 0.421592 0.029818
0 0.131090 1.000000 0.133016 0.948857 0.001059 0.946131 0.000000 0.998552
0 0.683552 1.000000 0.685504 0.984191 0.567341 0.978353 0.565389 1.000000
0 0.228727 0.088111 0.235872 0.044387 0.153380 0.036804 0.146235 0.080529
0 0.234369 0.069044 0.239651 0.000000 0.155811 0.000000 0.150529 0.065531
0 0.820191 0.309134 0.852747 0.248362 0.735105 0.212912 0.702548 0.273684
0 0.018085 0.537956 0.021084 0.463132 0.000000 0.462642 0.000000 0.537467
0 0.550868 0.719798 0.580194 0.666793 0.445689 0.624934 0.416363 0.677940
0 0.445181 0.121932 0.450357 0.008580 0.364002 0.006362 0.358826 0.119714
0 0.877153 0.519692 0.904243 0.456919 0.790421 0.429288 0.763331 0.492062