0 0.562963 1.000000 0.607293 0.905969 0.510944 0.868531 0.466614 0.982620
0 0.500760 0.580403 0.597537 0.523471 0.512803 0.379436 0.416026 0.436369
0 0.963855 0.192359 0.998173 0.123599 0.888477 0.068850 0.854159 0.137611
0 0.224661 0.964529 0.325720 0.896364 0.190195 0.695438 0.089136 0.763603
0 0.201497 0.298473 0.380872 0.169020 0.303962 0.062449 0.124586 0.191902
0 0.608069 0.132845 0.697838 0.074672 0.617753 0.000000 0.527984 0.009261
0 0.034839 0.449399 0.142425 0.340143 0.041204 0.240470 0.000000 0.349726
0 1.000000 0.128317 1.000000 0.040507 0.902361 0.000000 0.859353 0.057775
0 0.014774 0.622524 0.126555 0.530552 0.070826 0.462821 0.000000 0.554793
0 0.005242 0.521058 0.090142 0.457393 0.042317 0.393616 0.000000 0.457281
0 0.387200 0.756018 0.520216 0.671658 0.425313 0.522017 0.292297 0.606376
0 0.639453 0.910135 0.663326 0.849690 0.530784 0.797341 0.506910 0.857786
0 0.104555 0.183228 0.309441 0.060198 0.236265 0.000000 0.031378 0.061366
0 0.026181 0.707930 0.189806 0.589478 0.138904 0.519163 0.000000 0.637615
0 0.760177 0.094153 0.816244 0.011625 0.719948 0.000000 0.663881 0.028732
0 0.072063 0.801882 0.218381 0.698225 0.157156 0.611802 0.010838 0.715459
0 0.919006 1.000000 0.954711 0.944165 0.811868 0.897304 0.776163 1.000000
0 0.053671 0.057134 0.131244 0.012407 0.106045 0.000000 0.028471 0.013430
0 0.696013 0.209156 0.784275 0.146166 0.743566 0.089124 0.655304 0.152114
0 0.880343 0.486134 0.883197 0.414628 0.792814 0.411021 0.789960 0.482527
0 0.053239 0.996644 0.053255 0.908844 0.002951 0.908835 0.002936 0.996635
0 0.228651 0.498742 0.314690 0.439792 0.236324 0.325415 0.150286 0.384365
0 0.031573 1.000000 0.065417 0.970653 0.007798 0.929825 0.000000 0.977586
0 0.276052 0.539801 0.376837 0.451555 0.242664 0.298317 0.141879 0.386563
0 0.008682 0.279223 0.066932 0.236709 0.010075 0.158806 0.000000 0.201321
0 0.230331 1.000000 0.338037 0.950193 0.303658 0.898633 0.195951 0.970450
0 0.682457 0.187556 0.749690 0.125613 0.688990 0.059729 0.621758 0.121672
0 1.000000 0.745615 1.000000 0.563258 0.942190 0.563070 0.941610 0.745426
0 0.000000 0.282403 0.085952 0.282174 0.085460 0.095603 0.000000 0.095832
0 0.991013 0.748559 1.000000 0.704239 0.989239 0.617408 0.928084 0.661729
0 0.000000 0.162742 0.039245 0.162243 0.038512 0.095891 0.000000 0.096389
0 0.439826 0.440849 0.526915 0.391549 0.503886 0.350867 0.416797 0.400167
0 0.285334 0.587642 0.360783 0.545170 0.339390 0.507166 0.263941 0.549639
0 0.841418 0.265822 0.854039 0.178618 0.767521 0.166096 0.754900 0.253300
0 0.000959 0.964748 0.027599 0.964270 0.026660 0.911909 0.000021 0.912387