0 0.300835 1.000000 0.309312 0.902095 0.200543 0.893374 0.192065 0.999120
0 0.344379 0.779201 0.350304 0.653134 0.237068 0.647812 0.231144 0.773879
0 0.292859 0.546194 0.306946 0.436549 0.223593 0.425840 0.209506 0.535485
0 0.198603 0.531903 0.210146 0.423221 0.124283 0.414101 0.112739 0.522783
0 0.067760 0.743600 0.080628 0.626441 0.001916 0.617796 0.000000 0.734954
0 0.150693 0.751356 0.162742 0.643770 0.081998 0.634727 0.069949 0.742313
0 0.392277 1.000000 0.400240 0.916202 0.306838 0.908263 0.298875 1.000000
0 0.659315 0.573716 0.669455 0.473520 0.589125 0.465390 0.578985 0.565586
0 0.561318 0.327712 0.570575 0.230779 0.476104 0.221758 0.466847 0.318691
0 0.189560 0.352692 0.196189 0.254978 0.103186 0.248668 0.096556 0.346381
0 0.474715 0.728159 0.479617 0.644808 0.404387 0.640384 0.399486 0.723735
0 0.583505 0.567150 0.593019 0.466035 0.513234 0.458528 0.503720 0.559643
0 0.190187 0.995894 0.198424 0.891783 0.089393 0.883157 0.081157 0.987268
0 0.499955 0.591343 0.511776 0.458699 0.426420 0.451092 0.414599 0.583736
0 0.392916 0.377709 0.401467 0.281107 0.322334 0.274102 0.313783 0.370704
0 0.575276 0.152918 0.583152 0.059392 0.503323 0.052670 0.495448 0.146196
0 0.849511 0.435752 0.860377 0.331384 0.720597 0.316831 0.709731 0.421200
0 0.224619 0.757184 0.234993 0.644617 0.160662 0.637767 0.150288 0.750334
0 0.448945 0.083428 0.455753 0.000679 0.374860 0.000000 0.368052 0.076773
0 0.423274 0.235823 0.428956 0.138473 0.321174 0.132183 0.315492 0.229533
0 0.583143 0.233513 0.587477 0.144992 0.487442 0.140094 0.483108 0.228615
0 0.362749 0.556853 0.377370 0.436471 0.306523 0.427866 0.291901 0.548248
0 0.431779 0.146905 0.441923 0.085547 0.340472 0.068774 0.330328 0.130132
0 0.709793 0.416597 0.728761 0.335154 0.685839 0.325158 0.666872 0.406600
0 0.753743 1.000000 0.760521 0.960706 0.596833 0.941371 0.590056 0.998746
0 0.741803 0.573490 0.748897 0.483407 0.669761 0.477175 0.662667 0.567258
0 0.070354 0.974726 0.074053 0.873280 0.000446 0.870597 0.000000 0.972042
0 0.104740 0.519295 0.119916 0.407423 0.047451 0.397592 0.032275 0.509464
0 0.606518 0.065673 0.611894 0.000919 0.514550 0.000000 0.509174 0.057591
0 0.547780 0.400571 0.556688 0.327510 0.456415 0.315285 0.447508 0.388346
0 0.841380 0.568975 0.852223 0.504357 0.748077 0.486881 0.737233 0.551498
0 0.951320 0.449376 0.960351 0.390770 0.909877 0.382992 0.900846 0.441598
0 0.873550 0.774257 0.906878 0.724008 0.812133 0.661168 0.778805 0.711417
0 0.711021 0.817556 0.719195 0.702760 0.592961 0.693771 0.584786 0.808567
0 0.912336 0.720688 0.952401 0.642369 0.843224 0.586518 0.803159 0.664837
0 0.298902 0.116848 0.302083 0.045326 0.236601 0.042414 0.233420 0.113936
0 0.292255 0.182872 0.295779 0.119986 0.230730 0.116340 0.227206 0.179227
0 0.037549 0.506989 0.048832 0.400646 0.000000 0.395107 0.000000 0.501450
0 0.311728 0.370181 0.320403 0.289584 0.193895 0.275967 0.185219 0.356564
0 0.726016 0.052912 0.729084 0.000000 0.615417 0.000000 0.612348 0.046551
0 0.286669 0.245274 0.288385 0.179232 0.222192 0.177513 0.220476 0.243554
0 0.461658 0.789668 0.468185 0.727502 0.395174 0.719836 0.388647 0.782002
0 0.377355 0.062575 0.383285 0.000474 0.328721 0.000000 0.322791 0.057364
0 0.841625 1.000000 0.843998 0.970518 0.760634 0.964489 0.758262 0.997298
0 0.869898 0.132927 1.000000 0.064318 0.960850 0.000000 0.815242 0.016930
0 0.078978 0.043646 0.080100 0.000794 0.014529 0.000000 0.013407 0.041929
0 0.934615 0.368931 0.958326 0.291485 0.890354 0.270674 0.866643 0.348120
0 0.925652 1.000000 0.928527 0.976486 0.845685 0.968847 0.842810 1.000000
0 1.000000 0.313669 1.000000 0.251596 0.951659 0.228028 0.931253 0.290100
0 0.318472 0.046484 0.321692 0.000000 0.199725 0.000000 0.196505 0.038196
0 0.902986 0.444583 0.915307 0.378720 0.850759 0.366645 0.838438 0.432508
0 0.167808 0.033444 0.168964 0.000000 0.096284 0.000000 0.095129 0.030995
0 0.999875 0.460219 1.000000 0.407780 0.958808 0.397250 0.948135 0.449689
0 0.099642 0.349862 0.103441 0.224594 0.003318 0.221557 0.000000 0.346825
0 0.359586 0.616344 0.362579 0.548800 0.283860 0.545312 0.280867 0.612856
0 0.411863 0.284680 0.416816 0.233431 0.328951 0.224939 0.323998 0.276188
0 0.669989 0.395626 0.687861 0.314351 0.568989 0.288212 0.551118 0.369488
0 0.097003 0.234702 0.098385 0.204480 0.011027 0.200485 0.009645 0.230706
0 0.869868 0.234146 0.971492 0.154558 0.903645 0.067925 0.802020 0.147514
0 0.574196 0.800022 0.584406 0.663612 0.473271 0.655293 0.463060 0.791704
0 0.996465 1.000000 0.997312 0.981409 0.926378 0.978683 0.925531 1.000000
0 0.107193 0.193903 0.116130 0.090858 0.000000 0.080701 0.000000 0.183745
0 0.596258 1.000000 0.600907 0.959384 0.436974 0.945844 0.432325 1.000000
0 0.157991 0.100450 0.164989 0.029513 0.081690 0.021296 0.074693 0.092233
0 1.000000 0.399304 1.000000 0.324234 0.965210 0.322671 0.962310 0.397740
0 0.045006 0.044777 0.046164 0.003989 0.004084 0.002794 0.002925 0.043581
0 0.962420 0.644751 0.989621 0.559128 0.861542 0.518440 0.834342 0.604064
0 0.436761 1.000000 0.440529 0.925287 0.392812 0.922939 0.389044 0.999510
0 0.954218 0.782773 1.000000 0.782531 1.000000 0.679581 0.953683 0.679823
0 0.670236 0.083724 0.675278 0.040670 0.613842 0.033474 0.608800 0.076528
0 0.056397 1.000000 0.057120 0.973000 0.004033 0.971591 0.003310 0.998823
0 0.183392 0.239665 0.188810 0.093062 0.111954 0.090222 0.106537 0.236825
0 0.317483 0.043586 0.320568 0.000000 0.248465 0.000000 0.245380 0.038631
0 0.981118 0.187607 1.000000 0.129796 0.985456 0.064926 0.922010 0.122736
0 0.098355 0.350278 0.102538 0.277074 0.004644 0.271480 0.000461 0.344684
0 0.000000 0.046959 0.014122 0.046889 0.013900 0.000769 0.000000 0.000839
0 0.676294 0.066918 0.680081 0.000000 0.617145 0.000000 0.613358 0.063451
0 0.980876 0.577262 0.991198 0.523050 0.843886 0.495001 0.833564 0.549213
0 0.799936 0.051506 0.804451 0.004685 0.724565 0.000000 0.720050 0.043803
0 0.705871 0.814314 0.711554 0.756977 0.589085 0.744840 0.583403 0.802177
0 0.666001 0.396200 0.686349 0.318298 0.631274 0.303913 0.610926 0.381815
0 0.789110 0.109727 0.790771 0.031018 0.719808 0.029520 0.718147 0.108229
0 0.913697 0.719659 0.936181 0.664541 0.834487 0.623058 0.812003 0.678176