0 0.536111 0.946200 0.544287 0.765044 0.401669 0.753600 0.393492 0.934757
0 0.531381 0.278298 0.532194 0.151873 0.433106 0.150740 0.432293 0.277165
0 0.283371 0.427759 0.357079 0.409349 0.336660 0.264015 0.262951 0.282425
0 0.547441 0.575337 0.549955 0.443444 0.446106 0.439925 0.443592 0.571818
0 0.227423 0.281928 0.311407 0.256030 0.278291 0.065112 0.194307 0.091010
0 0.536338 0.387348 0.536632 0.259623 0.432123 0.259194 0.431828 0.386919
0 0.529737 0.782071 0.533617 0.591166 0.404657 0.586506 0.400777 0.777412
0 0.207194 0.533286 0.313618 0.510764 0.301824 0.411688 0.195400 0.434211
0 0.070696 0.377514 0.115159 0.250105 0.024170 0.193656 0.000000 0.321064
0 0.421519 0.173189 0.424210 0.044463 0.336025 0.041187 0.333335 0.169913
0 0.296330 0.195556 0.358040 0.173522 0.330355 0.035680 0.268646 0.057713
0 0.424629 0.851706 0.425231 0.749090 0.356287 0.748371 0.355685 0.850987
0 0.437653 0.151083 0.527882 0.148276 0.526718 0.081746 0.436489 0.084554
0 0.089334 0.997336 0.093054 0.874884 0.004646 0.870111 0.000927 0.992562
0 0.007529 0.053957 0.099032 0.027225 0.090143 0.000000 0.000000 0.000000
0 0.000000 0.897030 0.066767 0.896358 0.066193 0.786678 0.000000 0.787350
0 0.477892 0.153634 0.536761 0.033626 0.458761 0.000000 0.399892 0.085611
0 0.545626 0.464914 0.545770 0.384648 0.440300 0.384310 0.440155 0.464576
0 0.367624 0.856728 0.375058 0.686446 0.264947 0.677900 0.257513 0.848182
0 0.999599 0.834287 1.000000 0.753136 0.984159 0.752836 0.983319 0.833987
0 0.076764 0.478886 0.103287 0.378405 0.010926 0.335064 0.000000 0.435544
0 0.999558 0.411982 0.999888 0.294528 0.988522 0.294471 0.988191 0.411925
0 0.944975 0.650964 0.999579 0.648935 0.996336 0.493807 0.941732 0.495836
0 0.503610 1.000000 0.505107 0.931071 0.418079 0.927918 0.416581 1.000000