0 0.509257 0.680254 0.516053 0.549012 0.402640 0.543139 0.395844 0.674381
0 0.618846 0.430747 0.711651 0.429777 0.710744 0.342946 0.617939 0.343916
0 0.432615 0.964066 0.534483 0.962803 0.533244 0.862805 0.431376 0.864067
0 0.228735 0.962833 0.311952 0.941971 0.275549 0.796755 0.192332 0.817617
0 0.696512 0.301366 0.698279 0.205835 0.611728 0.204234 0.609960 0.299764
0 0.778610 0.280560 0.781976 0.202854 0.699346 0.199275 0.695980 0.276980
0 0.456949 0.224257 0.480168 0.108241 0.363511 0.084893 0.340292 0.200910
0 0.109552 0.561510 0.248853 0.539265 0.237684 0.469321 0.098382 0.491565
0 0.928692 0.621899 0.931068 0.484957 0.803468 0.482744 0.801093 0.619685
0 0.245408 0.724417 0.305302 0.707598 0.275237 0.600529 0.215343 0.617348
0 0.172137 0.748860 0.244763 0.728055 0.206632 0.594955 0.134007 0.615761
0 0.692204 0.140569 0.695368 0.042956 0.580070 0.039218 0.576905 0.136830
0 0.524139 0.854335 0.525434 0.734226 0.406662 0.732945 0.405367 0.853054
0 0.307731 0.711160 0.368001 0.693592 0.335007 0.580404 0.274737 0.597972
0 0.633044 0.601029 0.716482 0.599551 0.714986 0.515091 0.631549 0.516568
0 0.004846 0.193074 0.122881 0.177446 0.114863 0.116883 0.000000 0.132511
0 0.929972 0.124692 0.932066 0.029147 0.857065 0.027503 0.854971 0.123048
0 0.095034 0.494625 0.222939 0.471877 0.211016 0.404842 0.083112 0.427590
0 0.070486 0.433989 0.195297 0.409694 0.182263 0.342732 0.057452 0.367026
0 0.772672 0.129864 0.775481 0.032846 0.697298 0.030582 0.694489 0.127601
0 1.000000 0.125924 1.000000 0.021650 0.934832 0.019387 0.931482 0.123661
0 0.298104 0.897755 0.357824 0.881382 0.328679 0.775075 0.268958 0.791448
0 0.367491 0.343751 0.494098 0.340958 0.492306 0.259723 0.365698 0.262516
0 0.354373 0.895325 0.428088 0.878263 0.402868 0.769296 0.329153 0.786357
0 0.998514 0.517269 1.000000 0.408504 0.918451 0.407074 0.916553 0.515839
0 0.370730 0.689424 0.422308 0.673051 0.388885 0.567757 0.337307 0.584129
0 0.766490 0.478240 0.915662 0.476166 0.914821 0.415655 0.765649 0.417728
0 0.025042 0.259650 0.150400 0.233680 0.136757 0.167824 0.011399 0.193794
0 0.126309 0.613794 0.240902 0.600221 0.233402 0.536906 0.118809 0.550479
0 0.086856 0.790990 0.097009 0.700830 0.004976 0.690465 0.000000 0.780626
0 0.998262 0.684756 0.998875 0.620560 0.925831 0.619862 0.925218 0.684058
0 0.088946 1.000000 0.113043 0.922625 0.014309 0.898672 0.000000 0.997995
0 0.725869 0.522582 0.727937 0.427663 0.631427 0.425561 0.629358 0.520479
0 0.051872 0.368937 0.170760 0.350018 0.161256 0.290296 0.042369 0.309216
0 0.337063 0.107452 0.455775 0.076804 0.436204 0.000998 0.317492 0.031646
0 0.008313 0.139026 0.098256 0.121813 0.084771 0.051348 0.000000 0.068561
0 0.850821 0.124049 0.852711 0.031761 0.776967 0.030210 0.775077 0.122498
0 0.042466 0.314258 0.155039 0.293402 0.144294 0.235410 0.031722 0.256266
0 0.500542 0.494009 0.501680 0.391564 0.383801 0.390254 0.382663 0.492699
0 0.684097 0.347897 0.684803 0.295047 0.617936 0.294154 0.617230 0.347004
0 0.001682 0.069328 0.084794 0.067740 0.083499 0.000000 0.000387 0.001542
0 0.766750 0.406195 0.767496 0.337821 0.710481 0.337198 0.709735 0.405572
0 0.913375 0.314719 0.915634 0.208125 0.852184 0.206781 0.849926 0.313375
0 0.967145 0.297715 0.968677 0.205152 0.912883 0.204229 0.911352 0.296792
0 0.055849 0.631413 0.057879 0.550551 0.000000 0.548920 0.000000 0.629782
0 1.000000 0.290374 1.000000 0.205564 0.969127 0.205300 0.968459 0.290110
0 0.077330 0.702307 0.082305 0.621508 0.001162 0.616512 0.000000 0.697311
0 0.573050 0.056109 0.689213 0.040070 0.681927 0.000000 0.565764 0.003339
0 0.501574 0.534000 0.503940 0.463619 0.387151 0.459692 0.384785 0.530073
0 0.494350 0.399964 0.494950 0.344878 0.372715 0.343545 0.372114 0.398631
0 0.000000 0.553966 0.045155 0.551641 0.041543 0.474955 0.000000 0.477280
0 0.996396 0.558694 0.997182 0.509566 0.933280 0.508542 0.932493 0.557671
0 0.262527 0.154222 0.320833 0.138178 0.312400 0.107533 0.254095 0.123576
0 0.438616 0.863435 0.527554 0.861198 0.526285 0.810719 0.437346 0.812956
0 0.226880 1.000000 0.344424 0.997875 0.334199 0.944220 0.216655 0.966621
0 0.538171 0.999925 0.538291 0.950407 0.436061 0.950161 0.435942 0.999679
0 0.793518 0.700401 0.797267 0.576308 0.640650 0.571576 0.636901 0.695669
0 0.000000 0.479887 0.032011 0.478653 0.030261 0.429293 0.000000 0.430527
0 0.330462 0.031877 0.432285 0.010296 0.425735 0.000000 0.323912 0.000973
0 0.111038 0.970021 0.167123 0.952862 0.127919 0.824719 0.071834 0.841877
0 0.818837 0.668721 0.895221 0.664832 0.892618 0.613698 0.816234 0.617586