0 0.143472 0.984493 0.235190 0.869780 0.142132 0.795377 0.050415 0.910091
0 0.925914 0.341478 0.931020 0.176140 0.787211 0.171699 0.782105 0.337037
0 0.883920 0.907356 0.885019 0.790214 0.749683 0.788945 0.748584 0.906087
0 0.453222 0.764943 0.460269 0.631843 0.354334 0.626234 0.347286 0.759333
0 0.349141 0.598242 0.460487 0.460569 0.344240 0.366552 0.232894 0.504225
0 0.177855 0.658195 0.219938 0.572440 0.132296 0.529431 0.090213 0.615186
0 0.425381 0.893688 0.443938 0.762817 0.311632 0.744056 0.293075 0.874927
0 0.477467 0.423433 0.610185 0.278830 0.522383 0.198246 0.389666 0.342849
0 0.788544 0.519764 0.793129 0.394380 0.721279 0.391753 0.716694 0.517137
0 0.648629 0.852256 0.649856 0.774502 0.528466 0.772587 0.527240 0.850342
0 0.644595 1.000000 0.648343 0.917513 0.512415 0.911771 0.508667 1.000000
0 0.380005 0.178765 0.470309 0.093207 0.392474 0.011056 0.302171 0.096614
0 0.619873 0.523712 0.622244 0.433100 0.549115 0.431186 0.546744 0.521798
0 0.072964 0.295875 0.166150 0.162534 0.021196 0.061232 0.000000 0.194573
0 0.870786 0.959914 0.872753 0.896697 0.736606 0.892461 0.734639 0.955679
0 0.614830 0.298212 0.694486 0.194431 0.606044 0.126549 0.526389 0.230330
0 0.907288 0.525296 0.917837 0.338239 0.771482 0.329985 0.760933 0.517042
0 0.999953 0.934147 1.000000 0.820890 0.956660 0.819333 0.952912 0.932591
0 0.788853 0.765568 0.794547 0.626470 0.714887 0.623208 0.709192 0.762306
0 0.457308 0.100058 0.565135 0.010711 0.495897 0.000000 0.388070 0.016500
0 0.999870 0.996495 1.000000 0.941415 0.953342 0.940436 0.952210 0.995516
0 0.643543 0.930732 0.655403 0.855200 0.535271 0.836337 0.523411 0.911869
0 0.704973 0.733187 0.711746 0.601483 0.530461 0.592159 0.523687 0.723863
0 0.889243 0.795008 0.896380 0.642080 0.780105 0.636653 0.772968 0.789581
0 0.912375 0.074931 0.950468 0.024704 0.882979 0.000000 0.844885 0.023746
0 0.702241 0.201045 0.768684 0.092748 0.681089 0.039007 0.614646 0.147303
0 0.230146 0.288885 0.372138 0.159169 0.305088 0.085774 0.163097 0.215490
0 0.216285 1.000000 0.322343 0.947221 0.247608 0.870851 0.141551 0.974637
0 0.040754 0.829219 0.094618 0.720635 0.000000 0.668651 0.000000 0.777235
0 0.765281 0.115246 0.792705 0.088349 0.729313 0.023712 0.701889 0.050609
0 0.620612 0.518872 0.731123 0.507980 0.715870 0.353224 0.605359 0.364116
0 1.000000 0.816228 1.000000 0.755560 0.962827 0.755012 0.961992 0.815680
0 0.086790 0.121443 0.180806 0.001150 0.104011 0.000000 0.009995 0.061424
0 0.204995 0.078149 0.276290 0.018738 0.220317 0.000000 0.149022 0.010980
0 0.872090 1.000000 0.872122 0.957989 0.737016 0.957900 0.736984 1.000000
0 0.713996 0.876245 0.714817 0.812070 0.652591 0.811274 0.651771 0.875449
0 0.999265 0.569767 1.000000 0.456355 0.980587 0.455904 0.978161 0.569315
0 0.926613 0.181432 0.931670 0.092375 0.835156 0.086894 0.830099 0.175952
0 0.005664 0.541332 0.156131 0.381954 0.102965 0.331761 0.000000 0.491140
0 0.247464 0.119758 0.342506 0.039906 0.294873 0.000000 0.199831 0.063064
0 0.381293 0.998278 0.381748 0.942615 0.262886 0.941644 0.262431 0.997306
0 0.828336 1.000000 0.876125 0.976025 0.799977 0.919943 0.752189 0.984829
0 0.141488 0.376171 0.243402 0.264203 0.192370 0.217754 0.090457 0.329721
0 0.328113 1.000000 0.366153 0.975921 0.283195 0.933435 0.245155 1.000000
0 0.015070 0.923368 0.069173 0.852002 0.002462 0.801429 0.000000 0.872795
0 0.335126 0.058123 0.399858 0.012533 0.366051 0.000000 0.301319 0.010121
0 0.000535 0.822382 0.089849 0.820665 0.086817 0.662986 0.000000 0.664704
0 0.999431 0.746430 1.000000 0.581522 0.974083 0.581058 0.971358 0.745966
0 0.699078 1.000000 0.700209 0.964292 0.627727 0.962411 0.626595 1.000000