0 0.147560 0.628453 0.263987 0.627874 0.263408 0.511375 0.146980 0.511954
0 0.716984 0.967704 0.725764 0.850832 0.606538 0.841875 0.597758 0.958747
0 0.233140 0.884379 0.345687 0.868641 0.337056 0.806924 0.224510 0.822663
0 0.210261 0.218159 0.254779 0.137897 0.191413 0.102752 0.146896 0.183014
0 0.938981 0.889472 0.943965 0.790087 0.835464 0.784646 0.830480 0.884030
0 0.541223 0.723223 0.652957 0.676754 0.618965 0.595023 0.507232 0.641492
0 0.249916 0.941536 0.373467 0.927952 0.366911 0.868329 0.243360 0.881913
0 0.078331 0.356302 0.162043 0.327553 0.125655 0.221598 0.041943 0.250347
0 0.228142 0.429837 0.310418 0.403806 0.281656 0.312902 0.199380 0.338934
0 0.058649 0.258037 0.130457 0.229843 0.090341 0.127669 0.018532 0.155863
0 0.003308 0.794869 0.129888 0.768344 0.111583 0.680995 0.000000 0.707520
0 0.324945 0.582675 0.348681 0.498450 0.266569 0.475309 0.242833 0.559534
0 0.065016 0.917533 0.171978 0.891153 0.154899 0.821900 0.047937 0.848279
0 0.271779 1.000000 0.395388 0.986479 0.382834 0.921048 0.259225 0.944765
0 0.588816 0.855289 0.705135 0.825547 0.686762 0.753693 0.570443 0.783435
0 0.081630 0.988363 0.194686 0.965769 0.179283 0.888696 0.066228 0.911290
0 0.042902 0.852335 0.155182 0.825132 0.138859 0.757758 0.026579 0.784961
0 0.352972 0.575818 0.428884 0.551434 0.396745 0.451380 0.320833 0.475764
0 0.890683 0.799797 0.892823 0.738548 0.825152 0.736184 0.823012 0.797433
0 0.610652 0.798218 0.685336 0.734416 0.628294 0.667645 0.553610 0.731446
0 0.115644 0.469613 0.214027 0.434051 0.172967 0.320457 0.074584 0.356018
0 0.221163 0.828518 0.333529 0.808832 0.323223 0.750006 0.210857 0.769693
0 0.901868 0.753012 0.906194 0.648941 0.801986 0.644610 0.797660 0.748680
0 0.255198 0.246704 0.311032 0.181516 0.263318 0.140649 0.207484 0.205837
0 1.000000 0.874182 1.000000 0.780321 0.947977 0.779000 0.945734 0.872861
0 0.504705 0.582005 0.580847 0.527785 0.488980 0.398775 0.412838 0.452995
0 0.947196 0.998900 0.998250 0.998812 0.998167 0.950030 0.947113 0.950117
0 0.079126 0.684682 0.098894 0.573711 0.000000 0.555704 0.000000 0.666675
0 0.276143 0.300819 0.356486 0.235615 0.315799 0.185481 0.235456 0.250685
0 0.948215 1.000000 0.948991 0.954871 0.863707 0.953438 0.862930 0.999677
0 0.842814 1.000000 0.843794 0.949229 0.756440 0.947593 0.755460 0.999921
0 0.958625 0.722517 1.000000 0.702856 1.000000 0.566882 0.924139 0.586543
0 0.421171 0.536666 0.474560 0.519531 0.449924 0.442769 0.396534 0.459904
0 0.288830 0.761219 0.322136 0.627917 0.206948 0.599137 0.173642 0.732439
0 0.307142 0.407014 0.440511 0.375178 0.424552 0.308322 0.291183 0.340158
0 0.181599 0.447091 0.231540 0.430785 0.206476 0.354021 0.156535 0.370327
0 0.000584 0.500868 0.037964 0.498656 0.032019 0.398195 0.000000 0.400407
0 0.181433 0.459526 0.241459 0.406381 0.174218 0.330434 0.114192 0.383579
0 0.494436 0.643955 0.609469 0.592212 0.584660 0.537059 0.469627 0.588802
0 0.068297 0.707717 0.113986 0.670996 0.081102 0.630081 0.035412 0.666802
0 0.144333 0.160735 0.191900 0.102252 0.100704 0.028078 0.053137 0.086562
0 0.045313 0.139462 0.121928 0.076590 0.038734 0.000000 0.000000 0.038084
0 0.026632 0.154383 0.087216 0.131685 0.054342 0.043939 0.000000 0.066637
0 0.092421 1.000000 0.198246 0.995906 0.191412 0.958427 0.085587 0.977722
0 0.512868 0.904111 0.571463 0.888109 0.563049 0.857300 0.504455 0.873302
0 0.390108 0.389404 0.451426 0.342051 0.359553 0.223082 0.298235 0.270435
0 0.000000 0.407440 0.025088 0.407429 0.025051 0.319061 0.000000 0.319072
0 0.195219 0.707821 0.254061 0.679251 0.222750 0.614766 0.163909 0.643336