0 0.710304 0.748899 0.815505 0.748466 0.815170 0.603867 0.709969 0.604300
0 0.547415 0.734069 0.649929 0.733697 0.649699 0.620871 0.547185 0.621243
0 0.801025 0.607498 0.806304 0.487849 0.718540 0.480965 0.713261 0.600614
0 0.663555 0.569949 0.664618 0.456758 0.562025 0.455046 0.560962 0.568237
0 0.671158 0.465133 0.675252 0.287759 0.539875 0.282205 0.535782 0.459578
0 0.540754 0.189941 0.545481 0.021381 0.466188 0.017427 0.461460 0.185987
0 0.344738 0.427239 0.344900 0.302076 0.265168 0.301892 0.265006 0.427056
0 0.200046 0.775914 0.284277 0.669179 0.233751 0.598293 0.149520 0.705028
0 0.530546 0.400766 0.533411 0.257760 0.394829 0.252825 0.391964 0.395830
0 0.101784 0.650436 0.178447 0.538474 0.112517 0.458218 0.035854 0.570181
0 0.679745 0.196378 0.683500 0.004378 0.580311 0.000790 0.576556 0.192791
0 0.794355 0.487809 0.798356 0.385666 0.726496 0.380661 0.722494 0.482804
0 0.747683 0.281119 0.832760 0.240536 0.798991 0.114682 0.713914 0.155264
0 0.485011 0.585984 0.486442 0.511475 0.394337 0.508330 0.392906 0.582838
0 0.649904 0.823993 0.650718 0.727621 0.554723 0.726180 0.553909 0.822552
0 0.258445 0.866917 0.340521 0.728599 0.277496 0.662113 0.195420 0.800431
0 0.067462 0.915167 0.114256 0.799957 0.035200 0.742873 0.000000 0.858083
0 0.418357 1.000000 0.503641 0.913548 0.457716 0.850276 0.372433 0.960321
0 0.806168 0.889487 0.809010 0.765082 0.704764 0.760849 0.701922 0.885254
0 0.970775 0.340527 1.000000 0.236002 0.963370 0.163528 0.901690 0.268054
0 0.651054 0.632016 0.652669 0.563057 0.554246 0.558960 0.552631 0.627918
0 0.944491 0.729960 0.949724 0.610529 0.859959 0.603537 0.854726 0.722967
0 0.129014 0.333194 0.171376 0.254786 0.107632 0.193560 0.065270 0.271968
0 0.492628 0.513797 0.493149 0.441474 0.393601 0.440200 0.393080 0.512524
0 0.306353 0.256430 0.335606 0.079547 0.214459 0.043929 0.185207 0.220811
0 0.462807 0.730652 0.480250 0.585425 0.391758 0.566530 0.374315 0.711757
0 0.978152 0.884206 0.999772 0.743796 0.887880 0.713167 0.866260 0.853577
0 0.712845 0.960940 0.803932 0.959563 0.803289 0.883906 0.712202 0.885283
0 0.858584 0.393575 0.860737 0.261119 0.733430 0.257440 0.731276 0.389896
0 0.376666 0.996581 0.460524 0.857842 0.339631 0.727937 0.255773 0.866677
0 0.647557 0.927688 0.653009 0.826510 0.556759 0.817290 0.551307 0.918468
0 0.314480 0.559176 0.333846 0.441155 0.239985 0.413774 0.220619 0.531796
0 0.591414 0.188544 0.596896 0.059413 0.542490 0.055307 0.537008 0.184438
0 0.991512 1.000000 1.000000 0.892614 0.916487 0.876362 0.903497 1.000000
0 0.883920 0.138335 1.000000 0.084945 0.984204 0.000000 0.854166 0.009502
0 1.000000 0.411128 1.000000 0.309313 0.943985 0.293793 0.932693 0.395608
0 0.465496 0.193143 0.465620 0.094701 0.409909 0.094575 0.409785 0.193017
0 0.714013 1.000000 0.802187 1.000000 0.801495 0.958671 0.713321 0.960919
0 0.898151 0.626011 0.924037 0.501950 0.833105 0.468220 0.807219 0.592281
0 0.474110 0.797622 0.545957 0.679793 0.489604 0.618705 0.417756 0.736534
0 0.887786 0.498705 0.891576 0.384119 0.812047 0.379443 0.808257 0.494029
0 0.262736 1.000000 0.303624 0.990285 0.204834 0.905466 0.163946 0.990129
0 0.969854 0.504172 1.000000 0.502101 1.000000 0.442167 0.967950 0.444238
0 0.364181 0.090441 0.420818 0.000000 0.367885 0.000000 0.311248 0.033508
0 0.993728 0.456364 1.000000 0.407363 0.970122 0.389757 0.956933 0.438758
0 0.016472 0.492693 0.073228 0.409552 0.012039 0.335294 0.000000 0.418436
0 0.183815 0.301864 0.227454 0.257285 0.163814 0.146532 0.120174 0.191111
0 0.590414 0.426284 0.595184 0.295560 0.535468 0.291687 0.530698 0.422410
0 0.476089 1.000000 0.545141 0.963749 0.496574 0.903554 0.427522 1.000000
0 0.157386 0.715599 0.232409 0.608312 0.180155 0.543351 0.105132 0.650638
0 0.806478 0.812416 0.807503 0.751832 0.710428 0.748912 0.709403 0.809497
0 0.071804 0.054101 0.149986 0.052559 0.149353 0.000000 0.071171 0.000000
0 0.008218 0.598420 0.055520 0.559161 0.016482 0.475544 0.000000 0.514803
0 0.024382 0.193258 0.123579 0.052526 0.077240 0.000000 0.000000 0.135189
0 0.570741 1.000000 0.571912 0.964762 0.516695 0.962346 0.515524 1.000000
0 0.321573 0.039902 0.349123 0.002419 0.327874 0.000000 0.300324 0.012137
0 0.985834 0.559246 1.000000 0.559040 1.000000 0.503739 0.985415 0.503945
0 0.818734 0.151860 0.820931 0.000000 0.705625 0.000000 0.703428 0.149129
0 0.979170 0.569466 0.999988 0.569100 0.999287 0.498024 0.978469 0.498389
0 0.900776 0.036003 0.900808 0.002515 0.842306 0.002415 0.842274 0.035903
0 0.850980 0.026299 0.923213 0.016807 0.920695 0.000000 0.848463 0.000000