0 0.750919 0.831158 0.848317 0.774033 0.762750 0.628143 0.665352 0.685268
0 0.221818 0.893213 0.380663 0.791453 0.331857 0.715267 0.173011 0.817027
0 0.726000 0.185588 0.800148 0.140430 0.724738 0.016609 0.650590 0.061767
0 0.448163 0.549837 0.632003 0.418557 0.556952 0.313460 0.373113 0.444739
0 0.003274 0.433132 0.119137 0.344969 0.066344 0.275590 0.000000 0.363754
0 0.970893 0.356483 1.000000 0.282228 0.994389 0.105233 0.867398 0.179488
0 0.183134 0.821767 0.350203 0.703947 0.304455 0.639075 0.137385 0.756895
0 0.312993 1.000000 0.465445 0.943395 0.413403 0.858761 0.260951 0.952506
0 0.860277 0.393150 0.963473 0.325714 0.836117 0.130823 0.732921 0.198258
0 0.295027 0.318880 0.481995 0.186636 0.412768 0.088761 0.225800 0.221004
0 0.063881 1.000000 0.144984 0.986474 0.064700 0.891950 0.000000 0.960835
0 0.056020 0.636387 0.231141 0.493953 0.142956 0.385530 0.000000 0.527964
0 0.986732 1.000000 1.000000 0.904063 0.885969 0.888897 0.870749 1.000000
0 0.268430 0.966172 0.442981 0.842789 0.391319 0.769702 0.216768 0.893085
0 0.132378 0.747454 0.330282 0.612871 0.254494 0.501425 0.056590 0.636008
0 0.637207 1.000000 0.764044 0.917677 0.669641 0.773521 0.542804 0.856582
0 0.219119 0.236484 0.405460 0.097301 0.340303 0.010068 0.153962 0.149251
0 0.350072 0.427208 0.543203 0.309673 0.470723 0.190576 0.277593 0.308111
0 0.955227 0.462894 1.000000 0.394068 0.980574 0.331602 0.901118 0.400428
0 0.161532 0.175559 0.358154 0.037644 0.266377 0.000000 0.069755 0.044715
0 0.627332 0.069339 0.740827 0.019188 0.711954 0.000000 0.598458 0.003997
0 0.009656 0.939938 0.078731 0.897478 0.012086 0.789059 0.000000 0.831519
0 0.477633 0.750133 0.562493 0.692938 0.484295 0.576914 0.399434 0.634109
0 0.337305 0.664948 0.395979 0.622491 0.304630 0.496250 0.245956 0.538707
0 0.669629 1.000000 0.752746 1.000000 0.726496 0.945510 0.643379 0.985093
0 0.036712 0.496954 0.184810 0.387788 0.142984 0.331046 0.000000 0.440212
0 0.748961 0.046518 0.813274 0.007180 0.790065 0.000000 0.725751 0.008573
0 0.948383 0.521390 1.000000 0.519332 1.000000 0.421036 0.944999 0.423093
0 0.526760 0.790046 0.626359 0.701363 0.490175 0.548415 0.390576 0.637098
0 0.028200 0.278606 0.064877 0.208081 0.000000 0.173816 0.000000 0.244341
0 0.534912 0.838829 0.611632 0.795756 0.589724 0.756734 0.513004 0.799807
0 0.068248 0.153909 0.069538 0.015581 0.002247 0.014954 0.000958 0.153282
0 0.000000 0.305022 0.075795 0.305004 0.075760 0.155401 0.000000 0.155418