0 0.259426 0.937415 0.263095 0.786804 0.164207 0.782521 0.160538 0.933133
0 0.610932 0.563137 0.675597 0.529458 0.634323 0.388573 0.569658 0.422252
0 0.161593 0.743871 0.252788 0.705372 0.216071 0.550755 0.124876 0.589254
0 0.384088 0.442262 0.399752 0.332019 0.338689 0.316596 0.323026 0.426838
0 0.141751 0.502866 0.144569 0.385180 0.062942 0.381704 0.060123 0.499390
0 0.747095 0.338791 0.843524 0.222146 0.756458 0.094189 0.660030 0.210834
0 0.926041 0.738365 0.926106 0.630891 0.792781 0.630750 0.792716 0.738223
0 0.859945 0.286269 0.935248 0.213822 0.862002 0.078472 0.786699 0.150919
0 0.328404 0.443338 0.331773 0.334567 0.257151 0.330458 0.253782 0.439230
0 0.475692 0.799376 0.476820 0.653460 0.367841 0.651962 0.366713 0.797878
0 0.886180 0.570842 0.900166 0.416983 0.774276 0.396640 0.760290 0.550498
0 0.501186 0.919883 0.508951 0.797499 0.418718 0.787322 0.410953 0.909706
0 0.202398 0.468509 0.263551 0.450237 0.242862 0.327135 0.181709 0.345407
0 0.811721 1.000000 0.936244 1.000000 0.935782 0.837742 0.811259 0.838363
0 0.072164 0.968239 0.180913 0.894692 0.124611 0.746689 0.015861 0.820236
0 0.586544 0.909778 0.645907 0.874434 0.608370 0.762353 0.549007 0.797697
0 0.941143 0.236191 1.000000 0.161410 0.947145 0.013508 0.865211 0.088290
0 0.314258 0.199720 0.320464 0.017993 0.170515 0.008889 0.164309 0.190616
0 0.149879 0.489602 0.206042 0.473951 0.186787 0.351117 0.130624 0.366768
0 0.935717 0.844881 0.935954 0.733003 0.802853 0.732503 0.802616 0.844381
0 0.311823 0.918594 0.373191 0.913585 0.367020 0.779202 0.305653 0.784212
0 0.276155 0.666908 0.324589 0.656404 0.308940 0.528125 0.260506 0.538629
0 0.790135 0.638141 0.922142 0.632890 0.920152 0.543954 0.788145 0.549206
0 0.638474 0.910259 0.728076 0.900541 0.716163 0.705271 0.626561 0.714989
0 0.509873 0.616846 0.599716 0.556784 0.574407 0.489482 0.484565 0.549544
0 0.000000 0.938630 0.051879 0.933219 0.044200 0.800888 0.000000 0.806298
0 0.260748 0.914357 0.313827 0.909739 0.307447 0.779394 0.254369 0.784012
0 0.377172 0.645119 0.384810 0.521995 0.312064 0.513972 0.304426 0.637096
0 0.545062 0.781759 0.607520 0.762073 0.589738 0.661775 0.527279 0.681461
0 0.534724 0.709110 0.593087 0.665275 0.558487 0.583380 0.500125 0.627215
0 0.000438 0.711110 0.090038 0.710052 0.089168 0.578977 0.000000 0.580035
0 0.054346 0.484152 0.057998 0.374604 0.000000 0.371053 0.000000 0.480600
0 0.512795 0.322977 0.578622 0.251180 0.534486 0.179240 0.468659 0.251037
0 0.042274 0.477446 0.057431 0.287595 0.000000 0.279168 0.000000 0.469018
0 0.697319 0.724529 0.707165 0.591157 0.616572 0.579266 0.606726 0.712638
0 0.837434 0.444879 0.859150 0.314541 0.761680 0.285671 0.739964 0.416009
0 0.376065 0.699122 0.459654 0.608431 0.424723 0.551195 0.341134 0.641885
0 0.445693 1.000000 0.551825 1.000000 0.550096 0.970062 0.443964 0.980772
0 0.574639 0.435388 0.630433 0.389159 0.571803 0.263363 0.516009 0.309593
0 0.618735 0.998768 0.708890 0.996650 0.708471 0.964962 0.618316 0.967081
0 0.099666 0.739796 0.151318 0.735622 0.144199 0.579019 0.092547 0.583193
0 0.046411 0.383865 0.058221 0.291763 0.000000 0.278275 0.000000 0.370377
0 1.000000 0.404441 1.000000 0.339088 0.966904 0.335537 0.963546 0.400890
0 0.066278 0.707277 0.067286 0.614097 0.000000 0.612773 0.000000 0.705954
0 0.555051 1.000000 0.624993 0.998580 0.624328 0.973657 0.554386 0.976973
0 0.461137 0.509817 0.528471 0.422070 0.486803 0.365227 0.419469 0.452975
0 0.053159 0.702774 0.100365 0.698797 0.094819 0.581748 0.047612 0.585725
0 0.919713 0.547862 0.996925 0.546439 0.996258 0.482190 0.919047 0.483613
0 0.359401 1.000000 0.450888 1.000000 0.450883 0.981496 0.359396 0.981537
0 1.000000 0.102071 1.000000 0.019391 0.957916 0.018994 0.957507 0.101674