0 0.776165 0.947397 0.879358 0.866004 0.803939 0.812218 0.700746 0.893611
0 0.400204 0.877428 0.491474 0.821936 0.306352 0.650668 0.215082 0.706161
0 0.713820 1.000000 0.786586 0.936003 0.700380 0.886545 0.627614 0.957887
0 0.228265 0.707564 0.325860 0.647609 0.206092 0.537944 0.108497 0.597898
0 0.087670 0.936677 0.124845 0.869542 0.039072 0.842825 0.001896 0.909960
0 0.244208 0.345208 0.308886 0.271704 0.237419 0.236331 0.172742 0.309836
0 0.988170 0.098123 0.997068 0.000000 0.864045 0.000000 0.855147 0.091760
0 0.014047 0.896755 0.053963 0.835995 0.002641 0.817030 0.000000 0.877791
0 0.870940 0.853279 0.987458 0.718211 0.914939 0.683022 0.798422 0.818090
0 0.166575 0.596640 0.314272 0.498681 0.245670 0.440500 0.097974 0.538459
0 0.707801 0.687373 0.770970 0.641549 0.646300 0.544879 0.583131 0.590703
0 0.991447 0.726042 1.000000 0.646036 0.976964 0.612355 0.914613 0.692361
0 0.607688 0.599335 0.668267 0.552027 0.550588 0.467264 0.490009 0.514573
0 0.477523 0.517220 0.543469 0.467614 0.435030 0.386524 0.369084 0.436130
0 0.608519 0.203990 0.633526 0.132206 0.529395 0.111801 0.504388 0.183585
0 0.352877 0.434650 0.419608 0.386342 0.290655 0.286143 0.223923 0.334451
0 0.277682 1.000000 0.305237 0.958902 0.187946 0.933813 0.160391 1.000000
0 0.856288 0.852440 0.929485 0.791779 0.875321 0.755016 0.802125 0.815677
0 0.609407 0.026878 0.613600 0.000000 0.525255 0.000000 0.521062 0.019818
0 0.524666 0.541213 0.575478 0.485100 0.496881 0.445066 0.446069 0.501179
0 0.039573 0.827122 0.042324 0.764482 0.000000 0.763396 0.000000 0.826036