0 0.224326 0.197283 0.293217 0.144783 0.208206 0.082035 0.139315 0.134534
0 0.395427 0.327476 0.475300 0.264757 0.294639 0.135341 0.214766 0.198059
0 0.133260 0.134554 0.209628 0.078447 0.118449 0.008639 0.042081 0.064747
0 0.895295 0.064735 0.895486 0.000000 0.765285 0.000000 0.765094 0.064524
0 0.914869 0.846904 0.979333 0.769535 0.902776 0.733655 0.838312 0.811024
0 0.508811 0.952583 0.571685 0.880845 0.325431 0.759442 0.262557 0.831180
0 0.996260 0.390331 1.000000 0.272361 0.888278 0.257734 0.864921 0.375704
0 0.040816 0.073546 0.123315 0.021876 0.064959 0.000000 0.000000 0.021136
0 0.988497 0.919168 1.000000 0.854376 0.966665 0.785538 0.887869 0.850330
0 0.404807 0.327614 0.473438 0.267877 0.363222 0.196650 0.294591 0.256386
0 0.739204 0.866991 0.778684 0.794324 0.584970 0.735123 0.545490 0.807790
0 0.625631 0.988350 0.678291 0.913140 0.567184 0.869381 0.514524 0.944591
0 0.659112 0.633427 0.732834 0.574228 0.601037 0.481903 0.527314 0.541103
0 0.298631 0.256663 0.377703 0.194356 0.301377 0.139870 0.222305 0.202177
0 0.001310 0.988748 0.074304 0.988219 0.072970 0.884680 0.000000 0.885209
0 0.863604 0.353756 0.891691 0.256480 0.777649 0.237957 0.749561 0.335234
0 0.017491 0.486083 0.020015 0.420349 0.001680 0.419953 0.000000 0.485687