0 0.168245 0.197281 0.219911 0.144785 0.156160 0.082041 0.104493 0.134537
0 0.296575 0.327484 0.356475 0.264771 0.220987 0.135363 0.161088 0.198076
0 0.670795 0.065245 0.671045 0.000000 0.573649 0.000000 0.573399 0.064888
0 0.099942 0.134555 0.157220 0.078447 0.088839 0.008640 0.031560 0.064748
0 0.683161 0.845487 0.731586 0.771722 0.677873 0.736461 0.629449 0.810226
0 0.381607 0.952558 0.428750 0.880796 0.244043 0.759459 0.196901 0.831221
0 0.877054 1.000000 0.930855 0.985588 0.830505 0.888051 0.776704 0.943403
0 0.030615 0.073547 0.092487 0.021877 0.048717 0.000000 0.000000 0.021135
0 0.999302 0.145487 1.000000 0.066059 0.929915 0.059832 0.923400 0.139261
0 0.919078 0.112886 0.923382 0.046754 0.746405 0.035238 0.742102 0.101369
0 0.303594 0.327612 0.355067 0.267896 0.272412 0.196649 0.220939 0.256364
0 0.554310 0.867105 0.583970 0.794516 0.438592 0.735113 0.408932 0.807702
0 0.753775 0.923190 0.800808 0.879016 0.720034 0.793012 0.673000 0.837186
0 0.469255 0.988665 0.508887 0.913295 0.425284 0.869334 0.385652 0.944704
0 0.494362 0.634151 0.550109 0.574068 0.450590 0.481730 0.394843 0.541812
0 0.223974 0.256665 0.283279 0.194360 0.226035 0.139872 0.166730 0.202178
0 1.000000 0.865757 1.000000 0.807520 0.975532 0.794862 0.958860 0.853099
0 0.786201 0.949314 0.835989 0.899879 0.773226 0.836668 0.723438 0.886103
0 0.969051 0.722934 1.000000 0.655423 0.908943 0.608019 0.874938 0.675529
0 1.000000 0.704120 1.000000 0.608121 0.959908 0.606457 0.956375 0.702457
0 0.995677 0.491431 1.000000 0.379485 0.948658 0.369315 0.931043 0.481262
0 0.000985 0.988748 0.055732 0.988219 0.054731 0.884679 0.000000 0.885208
0 0.997048 0.646227 1.000000 0.510366 0.947762 0.481092 0.904696 0.616953
0 0.807511 0.378873 0.822638 0.298832 0.663921 0.268835 0.648793 0.348875
0 0.619202 0.999520 0.737227 0.999293 0.737117 0.942150 0.619092 0.942377
0 0.013117 0.486083 0.015010 0.420348 0.001260 0.419952 0.000000 0.485688
0 0.714641 1.000000 0.733879 0.956801 0.646461 0.937734 0.627223 1.000000