0 0.277575 0.375342 0.281976 0.217792 0.181335 0.212794 0.176934 0.370344
0 0.997301 0.235245 0.997356 0.078078 0.873670 0.078000 0.873614 0.235167
0 0.517120 0.904106 0.518790 0.763532 0.414832 0.761335 0.413161 0.901909
0 0.160543 0.917261 0.164268 0.793611 0.057624 0.787900 0.053899 0.911550
0 0.837781 0.329727 0.839414 0.200625 0.737818 0.198340 0.736185 0.327443
0 0.117899 0.572319 0.121278 0.428114 0.023698 0.424050 0.020319 0.568254
0 0.387660 0.606254 0.389423 0.490056 0.306451 0.487819 0.304688 0.604016
0 0.271302 0.218078 0.273121 0.043694 0.171063 0.041801 0.169245 0.216186
0 0.645570 0.297271 0.649519 0.143627 0.552554 0.139196 0.548605 0.292840
0 0.193536 0.603862 0.196687 0.512334 0.126848 0.508061 0.123698 0.599588
0 0.108101 0.316854 0.108188 0.231628 0.026121 0.231479 0.026034 0.316705
0 0.417111 0.969929 0.421666 0.828500 0.320462 0.822704 0.315907 0.964134
0 0.031043 0.432520 0.118239 0.432342 0.118110 0.320267 0.030914 0.320445
0 0.953786 1.000000 0.955714 0.937982 0.834866 0.932035 0.832938 1.000000
0 0.462569 0.594111 0.463343 0.485211 0.385704 0.484230 0.384930 0.593130
0 0.730252 0.573186 0.731313 0.479983 0.640608 0.478148 0.639547 0.571351
0 0.288710 0.608612 0.298901 0.415089 0.200262 0.405855 0.190071 0.599377
0 0.565003 0.427105 0.570288 0.239330 0.446907 0.233157 0.441623 0.420932
0 0.115177 0.227302 0.116126 0.165886 0.024204 0.163358 0.023254 0.224774
0 0.641713 0.586277 0.642450 0.488235 0.553210 0.487042 0.552472 0.585084
0 0.950589 0.887091 1.000000 0.886547 0.999441 0.763299 0.949828 0.763844
0 0.018846 0.170821 0.110811 0.170623 0.110719 0.094159 0.018753 0.094357
0 0.064476 0.988437 0.065169 0.820032 0.000000 0.819532 0.000000 0.987937
0 0.346963 0.057464 0.348031 0.000000 0.230958 0.000000 0.229890 0.053763
0 0.011017 0.092216 0.115335 0.091772 0.115167 0.021420 0.010848 0.021864
0 0.561004 0.582200 0.564724 0.324697 0.455439 0.321890 0.451719 0.579393
0 0.960982 0.407764 0.961264 0.236096 0.839090 0.235739 0.838808 0.407407
0 0.381984 1.000000 0.382865 0.970704 0.272104 0.965595 0.271223 0.999552
0 0.028939 0.040667 0.122426 0.040584 0.122398 0.000000 0.028912 0.000000
0 0.383932 0.998863 0.383997 0.975597 0.308064 0.975215 0.307998 0.998481