0 0.345674 0.680083 0.354880 0.549289 0.203449 0.543293 0.194243 0.674087
0 0.491815 0.430756 0.615536 0.429782 0.614320 0.342944 0.490599 0.343918
0 0.243061 0.963711 0.379042 0.962691 0.377712 0.863022 0.241731 0.864042
0 0.595362 0.301372 0.597744 0.205868 0.482313 0.204249 0.479932 0.299753
0 0.704809 0.280563 0.709297 0.202850 0.599138 0.199271 0.594650 0.276985
0 0.272202 0.225946 0.309552 0.110391 0.155208 0.082330 0.117859 0.197884
0 0.904933 0.621901 0.908102 0.484959 0.737949 0.482744 0.734780 0.619686
0 0.060799 0.899948 0.143408 0.884793 0.106837 0.772661 0.024228 0.787816
0 0.589505 0.140577 0.593762 0.042982 0.440236 0.039215 0.435979 0.136810
0 0.510720 0.601051 0.621937 0.599583 0.619955 0.515140 0.508738 0.516608
0 0.156461 0.343702 0.325980 0.340831 0.323544 0.259927 0.154024 0.262799
0 0.363568 0.851882 0.365586 0.733574 0.208524 0.732067 0.206506 0.850375
0 0.906627 0.124693 0.909418 0.029151 0.809422 0.027508 0.806631 0.123050
0 0.072689 0.710275 0.155608 0.693666 0.115184 0.580141 0.032265 0.596749
0 0.696890 0.129863 0.700641 0.032843 0.596421 0.030577 0.592670 0.127597
0 1.000000 0.125927 1.000000 0.021652 0.913110 0.019388 0.908642 0.123663
0 0.137894 0.896000 0.237715 0.879430 0.205239 0.769380 0.105418 0.785949
0 0.998014 0.517268 1.000000 0.408513 0.891259 0.407081 0.888727 0.515836
0 0.688633 0.478240 0.887557 0.476167 0.886436 0.415657 0.687513 0.417729
0 0.160851 0.689218 0.229834 0.672795 0.185578 0.568230 0.116595 0.584653
0 0.997679 0.684754 0.998497 0.620556 0.901111 0.619857 0.900292 0.684056
0 0.634475 0.522600 0.637249 0.427665 0.508550 0.425549 0.505776 0.520484
0 0.116258 0.107109 0.274779 0.076781 0.249427 0.002240 0.090906 0.032568
0 0.801099 0.124047 0.803618 0.031750 0.702618 0.030199 0.700099 0.122497
0 0.334537 0.494851 0.336242 0.391598 0.177846 0.390127 0.176141 0.493380
0 0.578767 0.347907 0.579722 0.295119 0.490632 0.294213 0.489678 0.347000
0 0.324736 0.399369 0.325905 0.344560 0.161773 0.342592 0.160605 0.397401
0 0.005261 0.721716 0.074620 0.707644 0.035532 0.599274 0.000000 0.613346
0 0.689005 0.406192 0.690004 0.337827 0.613979 0.337202 0.612980 0.405567
0 0.884497 0.314725 0.887508 0.208128 0.802912 0.206784 0.799901 0.313381
0 0.956190 0.297714 0.958231 0.205156 0.883846 0.204233 0.881804 0.296791
0 1.000000 0.290382 1.000000 0.205560 0.958835 0.205296 0.957945 0.290118
0 0.003306 0.910828 0.068188 0.897345 0.029804 0.793450 0.000000 0.806933
0 0.430939 0.056194 0.586018 0.040058 0.576243 0.000000 0.421164 0.003349
0 0.335667 0.534300 0.338855 0.463730 0.182454 0.459756 0.179266 0.530326
0 0.062839 0.960892 0.062940 0.900495 0.000000 0.900433 0.000000 0.960829
0 0.251011 0.863285 0.370232 0.861338 0.368775 0.811138 0.249554 0.813084
0 0.005593 1.000000 0.115845 1.000000 0.115331 0.951384 0.005080 0.952001
0 0.995194 0.558693 0.996242 0.509562 0.911046 0.508539 0.909998 0.557670
0 0.384570 1.000000 0.384713 0.950931 0.247595 0.950707 0.247452 0.999928
0 0.016902 0.155203 0.096184 0.139461 0.084095 0.105217 0.004814 0.120959
0 0.724843 0.700404 0.729858 0.576253 0.520867 0.571504 0.515851 0.695656
0 0.102210 0.989077 0.102709 0.910894 0.001797 0.910532 0.001299 0.988715
0 0.105627 0.031991 0.243222 0.010896 0.234691 0.000000 0.097095 0.000688
0 0.758444 0.668719 0.860295 0.664832 0.856826 0.613705 0.754975 0.617592