0 0.415364 0.836914 0.583333 0.836914 0.583333 0.944336 0.415364 0.944336
0 0.587240 0.093750 0.730469 0.093750 0.730469 0.250000 0.587240 0.250000
0 0.527343 0.251953 0.675781 0.251953 0.675781 0.402343 0.527343 0.402343
0 0.472656 0.408203 0.628906 0.408203 0.628906 0.564453 0.472656 0.564453
0 0.033854 0.368164 0.183594 0.368164 0.183594 0.514648 0.033854 0.514648
0 0.841146 0.778320 0.966146 0.778320 0.966146 0.927734 0.841146 0.927734
0 0.476563 0.000977 0.605469 0.000977 0.605469 0.044922 0.476563 0.044922
0 0.093750 0.208008 0.243490 0.208008 0.243490 0.361328 0.093750 0.361328
0 0.746093 0.532226 0.886718 0.532226 0.886718 0.802734 0.746093 0.802734
0 0.151041 0.053711 0.290365 0.053711 0.290365 0.203125 0.151041 0.203125
0 0.347656 0.700196 0.652344 0.700196 0.652344 0.839844 0.347656 0.839844
0 0.001302 0.518555 0.128906 0.518555 0.128906 0.601563 0.001302 0.601563
0 0.001302 0.688476 0.149740 0.688476 0.149740 0.916992 0.001302 0.916992
0 0.863281 0.924805 0.983073 0.924805 0.983073 0.999024 0.863281 0.999024
0 0.722656 0.394531 0.955730 0.394531 0.955730 0.515625 0.722656 0.515625
