0 0.377930 0.033203 0.458985 0.033203 0.458985 0.122070 0.377930 0.122070
0 0.416015 0.359375 0.488281 0.359375 0.488281 0.435547 0.416015 0.435547
0 0.666015 0.544922 0.737304 0.544922 0.737304 0.664062 0.666015 0.664062
0 0.563477 0.142578 0.703125 0.142578 0.703125 0.239258 0.563477 0.239258
0 0.509765 0.884766 0.606445 0.884766 0.606445 1.000000 0.509765 1.000000
0 0.000976 0.735352 0.111328 0.735352 0.111328 0.922852 0.000976 0.922852
0 0.888672 0.668945 0.956055 0.668945 0.956055 0.753907 0.888672 0.753907
0 0.357422 0.630859 0.502930 0.630859 0.502930 0.769531 0.357422 0.769531
0 0.250000 0.277344 0.320312 0.277344 0.320312 0.355469 0.250000 0.355469
0 0.135743 0.224609 0.207032 0.224609 0.207032 0.303711 0.135743 0.303711
0 0.833984 0.641602 0.903320 0.641602 0.903320 0.733398 0.833984 0.733398
0 0.029297 0.522460 0.125977 0.522460 0.125977 0.641601 0.029297 0.641601
0 0.195312 0.256836 0.262696 0.256836 0.262696 0.341797 0.195312 0.341797
0 0.952148 0.726563 1.000000 0.726563 1.000000 0.841797 0.952148 0.841797
0 0.670899 0.297852 0.813477 0.297852 0.813477 0.381836 0.670899 0.381836
0 0.815430 0.303711 0.878907 0.303711 0.878907 0.390625 0.815430 0.390625
0 0.182617 0.593750 0.362305 0.593750 0.362305 0.779296 0.182617 0.779296
0 0.052735 0.574219 0.178712 0.574219 0.178712 0.759765 0.052735 0.759765
0 0.729492 0.588867 0.808594 0.588867 0.808594 0.689453 0.729492 0.689453
0 0.309570 0.301758 0.373047 0.301758 0.373047 0.378906 0.309570 0.378906
0 0.503906 0.409180 0.541992 0.409180 0.541992 0.499024 0.503906 0.499024
0 0.430664 0.155273 0.570312 0.155273 0.570312 0.251953 0.430664 0.251953
0 0.874999 0.292969 0.956055 0.292969 0.956055 0.383789 0.874999 0.383789
0 0.324219 0.059571 0.390625 0.059571 0.390625 0.140626 0.324219 0.140626
0 0.258789 0.059571 0.325195 0.059571 0.325195 0.140626 0.258789 0.140626
0 0.196289 0.091797 0.262695 0.091797 0.262695 0.172851 0.196289 0.172851
0 0.117187 0.000977 0.193359 0.000977 0.193359 0.037110 0.117187 0.037110
0 0.053711 0.000976 0.125977 0.000976 0.125977 0.072266 0.053711 0.072266
0 0.000977 0.000976 0.060547 0.000976 0.060547 0.082032 0.000977 0.082032
0 0.542969 0.420898 0.581055 0.420898 0.581055 0.510742 0.542969 0.510742
0 0.582031 0.439453 0.620117 0.439453 0.620117 0.529297 0.582031 0.529297
0 0.621094 0.458008 0.665038 0.458008 0.665038 0.546875 0.621094 0.546875
0 0.364258 0.331055 0.427735 0.331055 0.427735 0.408203 0.364258 0.408203
0 0.740235 0.952148 0.831055 0.952148 0.831055 1.000000 0.740235 1.000000
0 0.973633 0.438476 1.000000 0.438476 1.000000 0.524414 0.973633 0.524414
