0 0.757813 0.760742 0.931641 0.760742 0.931641 0.928712 0.757813 0.928712
0 0.049805 0.336914 0.196289 0.336914 0.196289 0.458984 0.049805 0.458984
0 0.098633 0.000977 0.212891 0.000977 0.212891 0.067383 0.098633 0.067383
0 0.373047 0.282226 0.479492 0.282226 0.479492 0.425781 0.373047 0.425781
0 0.377930 0.430663 0.501953 0.430663 0.501953 0.591796 0.377930 0.591796
0 0.618165 0.000977 0.745118 0.000977 0.745118 0.047852 0.618165 0.047852
0 0.005859 0.197266 0.237305 0.197266 0.237305 0.341797 0.005859 0.341797
0 0.300781 0.021484 0.439453 0.021484 0.439453 0.291992 0.300781 0.291992
0 0.755860 0.246094 0.919922 0.246094 0.919922 0.327149 0.755860 0.327149
0 0.914062 0.243164 1.000000 0.243164 1.000000 0.333008 0.914062 0.333008
0 0.094727 0.627930 0.216797 0.627930 0.216797 0.734374 0.094727 0.734374
0 0.000977 0.852540 0.074219 0.852540 0.074219 0.972657 0.000977 0.972657
0 0.196289 0.734375 0.356445 0.734375 0.356445 0.901367 0.196289 0.901367
0 0.259765 0.813477 0.581055 0.813477 0.581055 0.999023 0.259765 0.999023
