0 0.757813 0.760742 0.931641 0.760742 0.931641 0.928712 0.757813 0.928712
0 0.049805 0.336914 0.196289 0.336914 0.196289 0.458984 0.049805 0.458984
0 0.098633 0.000977 0.212891 0.000977 0.212891 0.067383 0.098633 0.067383
0 0.366210 0.282226 0.500000 0.282226 0.500000 0.425781 0.366210 0.425781
0 0.377930 0.430665 0.507812 0.430665 0.507812 0.588868 0.377930 0.588868
0 0.618165 0.000977 0.745118 0.000977 0.745118 0.047852 0.618165 0.047852
0 0.005859 0.197266 0.237305 0.197266 0.237305 0.341797 0.005859 0.341797
0 0.292968 0.025390 0.429688 0.025390 0.429688 0.280274 0.292968 0.280274
0 0.749024 0.241212 0.917968 0.241212 0.917968 0.333985 0.749024 0.333985
0 0.096680 0.622070 0.212891 0.622070 0.212891 0.746093 0.096680 0.746093
0 0.187501 0.719727 0.356446 0.719727 0.356446 0.905273 0.187501 0.905273
0 0.256835 0.803711 0.542968 0.803711 0.542968 0.999023 0.256835 0.999023
0 0.921875 0.242187 1.000000 0.242187 1.000000 0.327148 0.921875 0.327148
0 0.000976 0.862305 0.072266 0.862305 0.072266 0.987305 0.000976 0.987305
