0 0.474609 0.490235 0.606445 0.490235 0.606445 0.666015 0.474609 0.666015
0 0.941406 0.844727 1.000000 0.844727 1.000000 0.936523 0.941406 0.936523
0 0.922852 0.097656 0.992188 0.097656 0.992188 0.187500 0.922852 0.187500
0 0.755860 0.023438 0.823242 0.023438 0.823242 0.118165 0.755860 0.118165
0 0.335938 0.964844 0.448242 0.964844 0.448242 1.000000 0.335938 1.000000
0 0.836914 0.373047 1.000000 0.373047 1.000000 0.521485 0.836914 0.521485
0 0.206055 0.000977 0.438477 0.000977 0.438477 0.249024 0.206055 0.249024
0 0.633790 0.000976 0.705078 0.000976 0.705078 0.055664 0.633790 0.055664
0 0.419922 0.652344 0.540038 0.652344 0.540038 0.826172 0.419922 0.826172
0 0.693359 0.008789 0.762695 0.008789 0.762695 0.091797 0.693359 0.091797
0 0.674805 0.338867 0.862305 0.338867 0.862305 0.528320 0.674805 0.528320
0 0.792968 0.803711 0.936524 0.803711 0.936524 0.921875 0.792968 0.921875
0 0.558594 0.324219 0.676758 0.324219 0.676758 0.508789 0.558594 0.508789
0 0.000977 0.352540 0.390625 0.352540 0.390625 0.722657 0.000977 0.722657
0 0.810547 0.049805 0.877930 0.049805 0.877930 0.144532 0.810547 0.144532
0 0.868164 0.080077 0.927734 0.080077 0.927734 0.161133 0.868164 0.161133
