0 0.089844 0.320313 0.184896 0.320313 0.184896 0.435547 0.089844 0.435547
0 0.049479 0.435547 0.156251 0.435547 0.156251 0.540039 0.049479 0.540039
0 0.364583 0.618164 0.518229 0.618164 0.518229 0.764648 0.364583 0.764648
0 0.790364 0.134765 0.929688 0.134765 0.929688 0.289062 0.790364 0.289062
0 0.011718 0.540039 0.117188 0.540039 0.117188 0.648437 0.011718 0.648437
0 0.428385 0.458008 0.576823 0.458008 0.576823 0.611328 0.428385 0.611328
0 0.298177 0.000977 0.454427 0.000977 0.454427 0.101563 0.298177 0.101563
0 0.807292 0.658203 0.960938 0.658203 0.960938 0.815430 0.807292 0.815430
0 0.057291 0.920898 0.385416 0.920898 0.385416 1.000000 0.057291 1.000000
0 0.678385 0.944336 0.985677 0.944336 0.985677 1.000000 0.678385 1.000000
0 0.486979 0.297852 0.615885 0.297852 0.615885 0.448242 0.486979 0.448242
0 0.317708 0.777344 0.460938 0.777344 0.460938 0.857422 0.317708 0.857422
0 0.016927 0.000977 0.162760 0.000977 0.162760 0.041015 0.016927 0.041015
0 0.001302 0.115234 0.119792 0.115234 0.119792 0.228516 0.001302 0.228516
0 0.001302 0.640624 0.089844 0.640624 0.089844 0.756835 0.001302 0.756835
0 0.867188 0.504883 1.000000 0.504883 1.000000 0.654297 0.867188 0.654297
0 0.923177 0.364258 1.000000 0.364258 1.000000 0.513672 0.923177 0.513672
