0 0.297852 0.056640 0.406250 0.056640 0.406250 0.182617 0.297852 0.182617
0 0.272461 0.180665 0.376953 0.180665 0.376953 0.290040 0.272461 0.290040
0 0.207031 0.396484 0.324219 0.396484 0.324219 0.555664 0.207031 0.555664
0 0.247070 0.286133 0.350586 0.286133 0.350586 0.402343 0.247070 0.402343
0 0.804688 0.835938 0.948243 0.835938 0.948243 0.954102 0.804688 0.954102
0 0.014649 0.700195 0.179688 0.700195 0.179688 0.840820 0.014649 0.840820
0 0.523438 0.369141 0.638672 0.369141 0.638672 0.513672 0.523438 0.513672
0 0.571289 0.208008 0.681641 0.208008 0.681641 0.361328 0.571289 0.361328
0 0.099609 0.064453 0.266601 0.064453 0.266601 0.193359 0.099609 0.193359
0 0.606446 0.044922 0.725587 0.044922 0.725587 0.205078 0.606446 0.205078
0 0.895508 0.250976 1.000000 0.250976 1.000000 0.396484 0.895508 0.396484
0 0.855468 0.412109 0.971680 0.412109 0.971680 0.564453 0.855468 0.564453
0 0.291016 0.667969 0.517578 0.667969 0.517578 0.870117 0.291016 0.870117
0 0.855469 0.000977 0.957031 0.000977 0.957031 0.044922 0.855469 0.044922
0 0.923828 0.132812 1.000000 0.132812 1.000000 0.253906 0.923828 0.253906
0 0.756836 0.700195 0.986328 0.700195 0.986328 0.840820 0.756836 0.840820
0 0.488281 0.527343 0.596679 0.527343 0.596679 0.608399 0.488281 0.608399
0 0.198243 0.488282 0.279298 0.488282 0.279298 0.558594 0.198243 0.558594
0 0.000976 0.036132 0.099609 0.036132 0.099609 0.124023 0.000976 0.124023
0 0.000977 0.271484 0.116211 0.271484 0.116211 0.556640 0.000977 0.556640
