0 0.230469 0.355469 0.319011 0.355469 0.319011 0.427735 0.230469 0.427735
0 0.170573 0.037109 0.273438 0.037109 0.273438 0.118165 0.170573 0.118165
0 0.416667 0.143555 0.604167 0.143555 0.604167 0.239257 0.416667 0.239257
0 0.343749 0.886718 0.483072 0.886718 0.483072 0.999999 0.343749 0.999999
0 0.563802 0.558594 0.667968 0.558594 0.667968 0.659180 0.563802 0.659180
0 0.562500 0.297851 0.747396 0.297851 0.747396 0.380859 0.562500 0.380859
0 0.329427 0.410156 0.410157 0.410156 0.410157 0.502930 0.329427 0.502930
0 0.748699 0.303711 0.833334 0.303711 0.833334 0.390625 0.748699 0.390625
0 0.141927 0.624023 0.324219 0.624023 0.324219 0.772461 0.141927 0.772461
0 0.782552 0.641601 0.860677 0.641601 0.860677 0.730468 0.782552 0.730468
0 0.001301 0.598633 0.169270 0.598633 0.169270 0.772461 0.001301 0.772461
0 0.861979 0.672852 0.945312 0.672852 0.945312 0.750977 0.861979 0.750977
0 0.946615 0.735352 1.000000 0.735352 1.000000 0.850586 0.946615 0.850586
0 0.641927 0.946290 0.796875 0.946290 0.796875 1.000000 0.641927 1.000000
0 0.009115 0.275391 0.089843 0.275391 0.089843 0.360351 0.009115 0.360351
0 0.231771 0.159180 0.419271 0.159180 0.419271 0.254883 0.231771 0.254883
0 0.101562 0.064452 0.204427 0.064452 0.204427 0.145508 0.101562 0.145508
0 0.001302 0.065430 0.102864 0.065430 0.102864 0.146484 0.001302 0.146484
0 0.082032 0.300782 0.162761 0.300782 0.162761 0.385742 0.082032 0.385742
0 0.153645 0.330078 0.234374 0.330078 0.234374 0.415039 0.153645 0.415039
0 0.833333 0.293945 0.929687 0.293945 0.929687 0.379883 0.833333 0.379883
0 0.380208 0.425781 0.460938 0.425781 0.460938 0.518555 0.380208 0.518555
0 0.430990 0.444337 0.511718 0.444337 0.511718 0.537110 0.430990 0.537110
0 0.471354 0.455079 0.570312 0.455079 0.570312 0.579102 0.471354 0.579102
0 0.649740 0.583984 0.750000 0.583984 0.750000 0.688476 0.649740 0.688476
0 0.962240 0.437500 1.000000 0.437500 1.000000 0.525390 0.962240 0.525390
