0 0.445312 0.464844 0.600260 0.464844 0.600260 0.554688 0.445312 0.554688
0 0.316406 0.479492 0.451823 0.479492 0.451823 0.565430 0.316406 0.565430
0 0.662760 0.000977 0.812500 0.000977 0.812500 0.157227 0.662760 0.157227
0 0.559896 0.153320 0.717448 0.153320 0.717448 0.323242 0.559896 0.323242
0 0.001302 0.489258 0.092448 0.489258 0.092448 0.590820 0.001302 0.590820
0 0.342448 0.773437 0.531250 0.773437 0.531250 0.856445 0.342448 0.856445
0 0.225261 0.943360 0.395834 0.943360 0.395834 1.000000 0.225261 1.000000
0 0.703125 0.733398 0.895833 0.733398 0.895833 0.805664 0.703125 0.805664
0 0.003906 0.000977 0.520833 0.000977 0.520833 0.204101 0.003906 0.204101
0 0.174479 0.494140 0.309897 0.494140 0.309897 0.580078 0.174479 0.580078
0 0.145833 0.786133 0.334635 0.786133 0.334635 0.869141 0.145833 0.869141
0 0.519531 0.761719 0.708333 0.761719 0.708333 0.844727 0.519531 0.844727
0 0.897135 0.527344 1.000000 0.527344 1.000000 0.604492 0.897135 0.604492
0 0.029949 0.887696 0.236980 0.887696 0.236980 0.994140 0.029949 0.994140
