0 0.426758 0.467448 0.492188 0.467448 0.492188 0.574218 0.426758 0.574218
0 0.377930 0.049479 0.458008 0.049479 0.458008 0.157552 0.377930 0.157552
0 0.563477 0.190104 0.703125 0.190104 0.703125 0.319010 0.563477 0.319010
0 0.132812 0.307292 0.208008 0.307292 0.208008 0.408854 0.132812 0.408854
0 0.665039 0.734375 0.742187 0.734375 0.742187 0.889323 0.665039 0.889323
0 0.251953 0.373697 0.315430 0.373697 0.315430 0.479166 0.251953 0.479166
0 0.054688 0.759115 0.191407 0.759115 0.191407 1.000000 0.054688 1.000000
0 0.197266 0.338541 0.265625 0.338541 0.265625 0.455729 0.197266 0.455729
0 0.671875 0.397135 0.813477 0.397135 0.813477 0.509115 0.671875 0.509115
0 0.816406 0.404948 0.878906 0.404948 0.878906 0.520833 0.816406 0.520833
0 0.504883 0.550782 0.548827 0.550782 0.548827 0.666667 0.504883 0.666667
0 0.902344 0.894531 0.962890 0.894531 0.962890 0.993489 0.902344 0.993489
0 0.833009 0.859375 0.894532 0.859375 0.894532 0.985677 0.833009 0.985677
0 0.303712 0.412761 0.368165 0.412761 0.368165 0.509115 0.303712 0.509115
0 0.972656 0.587239 1.000000 0.587239 1.000000 0.708333 0.972656 0.708333
0 0.358399 0.441406 0.421876 0.441406 0.421876 0.537760 0.358399 0.537760
0 0.318359 0.083333 0.398437 0.083333 0.398437 0.191406 0.318359 0.191406
0 0.249024 0.088542 0.322266 0.088542 0.322266 0.182292 0.249024 0.182292
0 0.190430 0.130208 0.263672 0.130208 0.263672 0.223958 0.190430 0.223958
0 0.154296 0.798177 0.364258 0.798177 0.364258 1.000000 0.154296 1.000000
0 0.363281 0.825520 0.498047 0.825520 0.498047 1.000000 0.363281 1.000000
0 0.545899 0.571615 0.589843 0.571615 0.589843 0.687500 0.545899 0.687500
0 0.581055 0.593750 0.624999 0.593750 0.624999 0.709635 0.581055 0.709635
0 0.613282 0.609375 0.673828 0.609375 0.673828 0.757813 0.613282 0.757813
0 0.882812 0.388022 0.945312 0.388022 0.945312 0.503907 0.882812 0.503907
0 0.428711 0.218750 0.568359 0.218750 0.568359 0.347656 0.428711 0.347656
0 0.732422 0.774740 0.809570 0.774740 0.809570 0.929688 0.732422 0.929688
0 0.113281 0.001302 0.195312 0.001302 0.195312 0.050782 0.113281 0.050782
0 0.047852 0.001302 0.125976 0.001302 0.125976 0.096354 0.047852 0.096354
0 0.000977 0.006510 0.065430 0.006510 0.065430 0.114584 0.000977 0.114584
0 0.041016 0.679688 0.118164 0.679688 0.118164 0.854167 0.041016 0.854167
