0 0.14960546875000008 0.9168710937500004 0.05745784238713951 0.9088993280878505 0.049661132812500085 0.9990234375000002 0.14180875917536068 1.00699520316215
0 0.4194565774269122 0.47353726222876347 0.33917480468750005 0.4653525390625 0.32895552190231264 0.5655907659950739 0.40923729464172476 0.5737754891613374
0 0.32054790298069574 0.2307846159645081 0.22575878906249996 0.22176367187500007 0.21652911266727332 0.3187460762192148 0.3113182265854691 0.32776702030872285
0 0.2296289062500001 0.64495703125 0.15457417229130607 0.6404431553071281 0.14956343010380607 0.7237595615571282 0.2246181640625001 0.7282734375000001
0 0.34307226562500004 0.466177734375 0.2633105764934583 0.45857488458450646 0.2536806640625 0.5596025390625 0.33344235319404175 0.5672053888529935
0 0.2621220703125001 0.45802832031250007 0.1759940572390895 0.4503456613772373 0.16411515098908946 0.5835165598147374 0.2502431640625 0.5911992187500001
0 0.10129745235180407 0.6502443776967785 7.771561172376095e-17 0.6441054687500001 -0.007695889851803911 0.7710944894907216 0.0936015625000001 0.7772333984375
0 0.15152539062500003 0.28173828125 0.07363675980950343 0.2746460334504705 0.06490336137200343 0.3705581428254705 0.14279199218750002 0.377650390625
0 0.3331591796875001 0.059410156250000054 0.2532266578088847 0.05273909238630588 0.24542489238141454 0.146219652378689 0.3253574142600299 0.1528907162423832
0 0.9866793606691797 0.5645127273813972 0.8631764814381235 0.5584169785464514 0.8593613281250004 0.6357138671875002 0.9828642073560566 0.641809616022446
0 0.1790765818828971 0.13871975106103313 0.07153355846368128 0.13229390819352643 0.0657323672057842 0.22938275088249332 0.17327539062500003 0.23580859375000002
0 0.6106591796874999 0.3312421875000001 0.47048902096110173 0.3161259510199611 0.459126953125 0.4214843750000001 0.5992971118513982 0.4366006114800391
0 0.205529296875 0.0008398437500000244 0.12494331450047085 -0.0056674130230412 0.11828315825047084 0.07681207916445881 0.198869140625 0.08331933593750003
0 0.8573564453125002 0.6705898437500002 0.7376318418991408 0.6577001399384528 0.7238701171875 0.7855244140625002 0.8435947206008596 0.7984141178740476
0 0.33751628567474173 0.1450117510294128 0.23735613407599945 0.14011810114289242 0.2330341796875 0.22857714843750002 0.3331943312862423 0.23347079832402035
0 0.479060546875 0.33506347656250013 0.435841627660101 0.32495091850093594 0.41674104172260096 0.40658275443843583 0.45995996093749997 0.4166953125
0 0.19190856369120107 0.08576763806707678 0.09055898057977246 0.06891884727279382 0.08039062500000002 0.13008398437500004 0.18174020811142863 0.146932775169283
0 0.9431232176823077 0.12574163057527804 0.8567460937500002 0.09925000000000013 0.8292380074915264 0.1889413222890158 0.9156151314238341 0.2154329528642937
0 0.1275615584407639 0.4375690716876304 0.05546191406250002 0.4280185546875 0.03966199908713695 0.5472967310328145 0.11176164346540081 0.5568472480329449
0 0.5107490234375002 0.9607431640625 0.34683715785542285 0.9413583117773309 0.34005175781250013 0.9987333984375002 0.5039636233945775 1.0181182507226694
0 0.9600869140625002 0.73078125 0.8414067693033539 0.7181112793092527 0.832548828125 0.8010839843750002 0.9512289728841463 0.8137539550657478
0 0.498829943594952 0.48328717563192847 0.41969811366675724 0.4770605367621005 0.41263281250000006 0.5668505859375 0.4917646424281947 0.573077224807328
0 0.9728252902810146 0.4102568874803569 0.887419607426572 0.36390412621243495 0.8661734187080576 0.40305055904457826 0.9515791015625001 0.4494033203125002
0 0.8493939853168341 0.35709440426671546 0.7483935546875 0.310134765625 0.7136585754750644 0.38484249251198854 0.8146590061043983 0.431802131153704
0 0.3618779296875 0.0008984375000000488 0.2644053365975653 -0.007124790756482655 0.259076171875 0.05761816406250002 0.3565487649649347 0.06564139231898272
0 0.306271484375 0.3277001953125 0.20639355468750004 0.3151572265625 0.19724745254133305 0.3879863761264386 0.29712538222883306 0.40052934487643865
0 0.05339111659811262 0.43254610670916926 4.9960036108132046e-17 0.42808691406250005 -0.009435061910612497 0.5410554557908307 0.043956054687500065 0.5455146484375
0 0.9831757812499999 0.06068554687500023 0.9110540378646192 0.034062590915022416 0.881830078125 0.11323046875000016 0.9539518215103808 0.13985342470997797
0 0.6564121093749999 0.7239609374999999 0.5624559189865572 0.6613348704866601 0.5291708984374999 0.711271484375 0.6231270888259426 0.7738975513883399
0 0.0599121093750001 0.9016308593750001 0.0037802734375001145 0.8970771484375 -0.004251747095498815 0.9960847633241043 0.05188008884200117 1.0006384742616043
0 0.46931835937500005 0.7029755859375001 0.34302237018728005 0.6938408137486924 0.3347304636678167 0.8084834687030045 0.46102645285553673 0.817618240891812
0 0.7120576171875002 0.39225097656250013 0.6598867689163705 0.3835514569657617 0.6501845703125002 0.4417353515625001 0.7023554185836297 0.4504348711592385
0 0.6020294780730377 0.5040460929121215 0.49838671875000007 0.48663671875 0.4875124873163462 0.5513739884993829 0.5911552466393839 0.5687833626615044
0 0.7020673828125 0.6428837890625001 0.594752244179297 0.5877916402695842 0.5550320228741377 0.6651634827062833 0.6623471615073407 0.7202556314991992
0 0.053666841592587146 0.04034517128898266 4.7704895589362195e-18 0.039326171874999996 -0.0014402790925871416 0.11518021933601737 0.0522265625 0.11619921875000001
0 0.9968516641691242 0.44751855715743016 0.9197910941597135 0.4456464625584865 0.9183046643655898 0.5068320069635566 0.9953652343750005 0.5087041015625002
0 0.21786425781250007 0.7275498046875 0.1457752028309966 0.7200340278256947 0.13935332783099663 0.7816307075131946 0.2114423828125001 0.7891464843749999
0 0.78028125 0.259083984375 0.70570703125 0.2294882812500001 0.6832014740570229 0.28619699798874826 0.757775692807023 0.31579270111374824
0 0.133359375 0.0005468750000000175 0.07859377085225733 -0.004468977675441077 0.0728779296875 0.057939453125 0.12764353383524266 0.06295530580044109
0 0.4790361328125 5.551115123125783e-17 0.3651443108626705 -0.006389360597406473 0.3621591796875 0.046821289062500035 0.4760510016373294 0.05321064965990656
0 0.5939775390625 0.9707285156250001 0.5106885223815691 0.9647020810929139 0.508328125 0.99732421875 0.5916171416809309 1.0033506532820862
0 0.04539176685519621 0.12009375053353691 1.457167719820518e-17 0.11899609374999998 -0.0014650090426961751 0.17957910102896307 0.04392675781250002 0.1806767578125
0 0.06776001320877056 0.28654471179519336 3.469446951953614e-17 0.2842060546875 -0.002885989771270489 0.36782442882980665 0.06487402343750004 0.3701630859375
0 0.6793750000000001 0.9773623046875001 0.5957664808504342 0.9699600423271217 0.5931933593750001 0.9990234374999998 0.676801878524566 1.0064256998603782
0 0.7061621331253878 0.2890009815772332 0.6355076805344672 0.27408277375433443 0.6189275786590793 0.35260815936460127 0.68958203125 0.3675263671875001
0 1.0130635898856855 0.3248731131361612 0.9267910156249999 0.28329394531249996 0.8851426001665675 0.3697102014221948 0.9714151744272532 0.411289369245856
0 0.9990234375 0.2185937500000001 0.9403642578125 0.2185937500000001 0.9403642578125 0.31051367187500006 0.9990234375 0.31051367187500006
0 0.66687109375 0.37165429687500007 0.6028856296096909 0.35906697851989655 0.5884237155471909 0.43258162695739644 0.6524091796875 0.44516894531249995
0 0.9990234375 0.7106416015625002 0.9520791015625001 0.7106416015625002 0.9520791015625001 0.8172666015625 0.9990234375 0.8172666015625
0 0.039790328555217906 0.17881799991397482 2.151057110211241e-17 0.178208984375 -0.0010569301177178597 0.24726403133602518 0.038733398437500025 0.24787304687499997
0 0.0717744185116234 0.0037742271614703226 0.0040517578125 0.0021621093750000004 0.003018531453885914 0.04556640569693073 0.07074119215300932 0.047178523483401055
0 0.16675683593750001 0.2335146484375 0.07872074606937911 0.2248159716258268 0.07363671875000002 0.27626953125 0.16167280861812092 0.2849682080616732
0 0.1117822265625001 0.5502080078125001 0.030619100368931663 0.5469414299111163 0.027424764431431648 0.6263095939736162 0.10858789062500007 0.6295761718749999
0 0.4379023786180395 0.31442285925369307 0.3189685794524666 0.28818843894312096 0.3010466695844271 0.36943745468942796 0.41998046875000006 0.395671875
0 0.9990234375 0.5620292968750003 0.9782119140625 0.5620292968750003 0.9782119140625 0.6306484375000002 0.9990234375 0.6306484375000002
0 0.8070047541857338 0.4228185705248878 0.7174012955807864 0.40050584154375546 0.7045878906249998 0.4519619140625001 0.7941913492299473 0.4742746430436324
0 0.8740029722941853 0.5619220076703868 0.7783750000000002 0.5494736328125002 0.7617860739331841 0.676909172022883 0.8574140462273693 0.6893575468807697
0 0.33419826327692204 0.6636637755326347 0.22260742187500004 0.655462890625 0.21261125674230374 0.7914824166290384 0.32420209814422574 0.7996833015366731
0 0.3504160156250001 0.9593554687499999 0.18697038828093837 0.9454229985413006 0.18240136718750005 0.9990234375 0.34584699453156176 1.0129559077086994
0 0.946482421875 0.4363974609375002 0.8702890542690606 0.40020312109003486 0.8526933593749998 0.437244140625 0.9288867269809392 0.47343848047246534
0 0.9008251953124999 0.2126542968750001 0.82302734375 0.1802343750000001 0.7993435241459663 0.23706826525710384 0.8771413757084664 0.2694881871321039
0 0.9990234375 0.0026142578125001315 0.8985572384851837 -0.012414139591343566 0.8874615353601836 0.06176164165865644 0.9879277343749999 0.07679003906250013
0 0.1904658203125001 0.9252265625 0.14326957991801495 0.9229002486188662 0.13953906250000014 0.9985849609375 0.18673530289448528 1.0009112748186335
0 0.9990234375 0.17704687500000013 0.9756201171875001 0.17704687500000013 0.9756201171875001 0.2219531250000001 0.9990234375 0.2219531250000001
0 0.7465624236766749 0.5451867902372303 0.61358984375 0.5057783203125 0.5839443334124053 0.6058085930016492 0.7169169133390801 0.6452170629263796
0 0.7152285925672807 0.13244649590368196 0.61473046875 0.07386230468750003 0.5523572744534391 0.18086026562484678 0.6528553982707197 0.2394444568410287
0 0.8209277343749999 0.10788574218750005 0.718569729480169 -0.03152112848700104 0.5874169921875 0.06477636718749999 0.6897749970823309 0.20418323786200107
0 0.7641806640625001 0.9841728515625 0.675397884426111 0.9783859858795599 0.6740527343750001 0.9990234375000003 0.7628355140113892 1.0048103031829405
0 0.889564453125 0.24835839843750004 0.8013279383141672 0.21290617499218872 0.7769070908260673 0.27368686126990066 0.8651436056369001 0.309139084715212
0 0.9281842636493784 0.45692111527716295 0.842815215640042 0.42928801665249977 0.8224951171875 0.4920644531250001 0.9078641651968364 0.5196975517496633
0 0.4363007948925001 0.31837690085706144 0.38140625 0.3040488281250001 0.361092759795 0.3818750522679388 0.4159873046875001 0.3962031250000001