0 0.9489765624999998 0.93038671875 0.9481698977757871 0.843270574112671 0.8230963546875 0.8444287109375003 0.8239030194117127 0.9315448555748291
0 0.9299596359375 0.7056523437500001 0.8143042956223324 0.7043550373688211 0.8132486984373033 0.7984619140800244 0.928904038752471 0.7997592204612034
0 0.6362447921875002 0.6015185546875002 0.4697053619023473 0.5893337848685577 0.46105722110993536 0.7075351511639669 0.6275966513950882 0.7197199209829095
0 0.92690625 0.540486328125 0.7764765346666247 0.535318280534325 0.7730664062500001 0.6345791015625001 0.9234961215833755 0.6397471491531752
0 0.2567213546875 0.912240234375 0.24569288768796188 0.8438525378970956 0.07491666718749998 0.8713925781249999 0.08594513418703813 0.9397802746029044
0 0.5371328125 0.4267236328125 0.509621092801116 0.339178917462171 0.3431444142628166 0.39149572148647793 0.37065613396170044 0.4790404368368069
0 0.29294921875 0.9725263671875 0.28202589902828723 0.9023521586125296 0.11269661406250002 0.9287099609375 0.12361993378421281 0.9988841695124704
0 0.16320182343749998 0.6773007812500002 0.15707792562068437 0.6165517149071891 -0.00004332278907595022 0.6323905504323666 0.006080575027739676 0.6931396167751777
0 0.658953125 0.84131640625 0.6574385524270228 0.7600424980630697 0.48752083281249997 0.7632089843750001 0.48903540538547724 0.8444828925619305
0 0.9761914062500001 0.9270771484375 0.82881640625 0.9270771484375 0.82881640625 0.9990234375 0.9761914062500001 0.9990234375
0 0.13801302031250004 0.25941113281250006 0.03213895151923907 0.21636664616298978 -0.0025299761465610083 0.301639830219403 0.10334409264669997 0.3446843168689132
0 0.6072656249999999 0.5756494140625 0.592684279005582 0.5010503231854085 0.4275985901555378 0.533318431543664 0.44217993614995593 0.6079175224207555
0 0.20007552031250003 0.73368359375 0.1895934507243636 0.6665061975892397 0.01528761218072261 0.6937041247738623 0.02576968176885901 0.7608815209346227
0 0.22670963593750004 0.8494169921875002 0.21931515573612376 0.7898152865766481 0.056368369741955957 0.8100312648034924 0.06376284994333223 0.8696329704143444
0 0.12754166718749999 0.6206240234375 0.11964896822262985 0.5532608975472361 -0.002189573964870162 0.5675362881722361 0.005703124999999998 0.6348994140625001
0 0.5808828125 0.4845302734375002 0.5281191433694963 0.4021969244812051 0.4045195312499999 0.4814062499999999 0.4572832003805035 0.563739598956295
0 0.09381901093750003 0.4078251953125 0.0648874124557586 0.3494314933226959 -0.0046959219192414196 0.38390707926019585 0.02423567656250001 0.44230078125
0 0.8574752609374998 0.48845898437500007 0.7651075685896748 0.48655686691802114 0.7638398431982842 0.5481181908540682 0.8562075355461094 0.5500203083110471
0 0.20662109375 0.7930898437500001 0.19834914423252165 0.7344910195609989 0.04209765625000002 0.7565478515625 0.05036960576747838 0.8151466757515013
0 0.8691067703125 0.40205175781250013 0.7326350527411328 0.39849316033667853 0.7300312245527383 0.4983496087114445 0.8665029421241055 0.5019082061872661
0 0.9121966140625 0.7955556640625002 0.823378461996412 0.7946352314139524 0.8228307295477351 0.8474892712992925 0.9116488816138231 0.8484097039478404
0 0.4401705734375 0.27952832031249997 0.3041680900901048 0.13019311200883948 0.2240221359375 0.20318359375000003 0.36002461928489515 0.35251880205366054
0 0.1017994796875 0.5470107421874999 0.09313434254671145 0.5004236563548327 -0.00866513714078857 0.5193582266673327 0 0.5659453124999999
0 1.0000978616966005 0.7042354561356532 0.9287746657692901 0.7027375358727119 0.9273736984375001 0.7694443359375002 0.9986968943648105 0.7709422562004414
0 1.0002438392996411 0.530573431547251 0.9294841160349844 0.5294025881859494 0.9279375 0.6228720703125001 0.9986972232646567 0.6240429136738018
0 0.24063281250000004 0.2942060546875 0.17862214337128193 0.1832665608433732 0.0918606765625 0.2317626953125 0.15387134569121813 0.34270218915662676
0 0.2994739578125 0.2686064453125 0.2614102450856638 0.1815037126049369 0.19510156250000002 0.21048046875000007 0.23316527522683628 0.2975832014575632
0 0.09359895781250005 0.4312412109375 5.342948306008566e-17 0.43048046875 -0.0006121056418508748 0.5057917254277416 0.09298685217064913 0.5065524676152416
0 0.22519791718749999 0.12984765625000003 0.21402101200728044 0.06705951005871244 0.05882161406249999 0.09468652343750002 0.06999851924271953 0.1574746696287876
0 1.0419950407745682 0.43712926610158176 0.9934661583691444 0.30249197833894675 0.8960362222820762 0.3376097825498651 0.9445651046875 0.47224707031250013
0 0.07807161406250002 0.158263671875 0.06728195420358793 0.06462679082641892 -0.010789659858912089 0.07362288457641891 2.7755575615628915e-18 0.167259765625
0 0.6605846359375002 0.8449101562499999 0.49393591415917576 0.8434497106408024 0.4934335850923639 0.9007695425942165 0.6600823068706883 0.902229988203414
0 0.6757825515625001 0.9584072265625002 0.5498081659423723 0.9576668489509794 0.5495651046875001 0.9990234375000002 0.6755394903076279 0.9997638151115209
0 0.47916536406250004 0.3424580078125 0.4591031180501826 0.2828446648570388 0.29263671874999997 0.3388671875 0.31269896476231746 0.39848053045546117
0 0.42847395781250003 0.6380673828125001 0.4219119865349203 0.6062747450086425 0.33905208281249993 0.623376953125 0.34561405409007967 0.6551695909288575
0 1.0040267134811942 0.9030416714555491 0.9984710702398523 0.8346602943955206 0.9350794265624998 0.8398105468750001 0.9406350698038416 0.9081919239350287
0 0.09126432343749999 5.740212984457784e-18 0.0014713546875000033 2.4197939617649347e-19 0.0014713546875000066 0.054867187500000004 0.09126432343749999 0.05486718750000001
0 0.0477135421875 0.9989072265625 0.04764805312847039 0.9720189228619329 -0.00006548905902961019 0.972135133799433 0 0.9990234375
0 0.66603515625 0.9677080078125 0.6653808563128448 0.8978888984701635 0.4910423141253449 0.8995226875326635 0.4916966140625 0.969341796875
0 0.5614583328125 0.0327158203125 0.5471175070991005 -0.02240753652941909 0.44212109374999986 0.0049082031250000215 0.45646191946339937 0.06003155996691911
0 0.0382278640625 0.9873593749999999 0.0380330532366146 0.9277817608412254 -0.00019481082588539977 0.9279067608412255 -6.938893903907229e-19 0.987484375
0 0.9061354171874999 0.4497998046874999 0.8664631988190736 0.37620220029318535 0.8067291671874998 0.4084013671875 0.8464013855559263 0.4819989715818146
0 0.2792734375000001 0.9796064453125 0.14597005156250015 0.9796064453125 0.14597005156250015 0.9990234375 0.2792734375000001 0.9990234375
0 0.43125 0.9988046875000004 0.43119497764008996 0.9762032706247815 0.3377712664551721 0.9764307073863497 0.3378262888150822 0.9990321242615685
0 0.23516276093749994 0.05150585937500003 0.10079108993710731 -0.019852538787458286 0.0673321676024258 0.04315239713820303 0.20170383860281843 0.11451079530066136
0 0.3306497390625 0.9974384765624998 0.32998062567777436 0.9573482922622176 0.22411958464639653 0.9591151347128417 0.22478869803112217 0.9992053190131239