0 0.3983190109375 0.856435546875 0.2553080810247469 0.8498780713427753 0.25047391312816003 0.9553056620135904 0.3934848430409132 0.9618631375458151
0 0.21411718750000008 0.642572265625 0.08847103372360565 0.6039736914209514 0.05893359375 0.7001240234375002 0.18457974752639444 0.7387225976415489
0 0.6841145828125 0.8400966796875 0.5498445478830155 0.8369246185526343 0.5471731765625 0.9500009765625 0.6814432114919845 0.9531730376973657
0 0.6697044265625 0.7811582031250002 0.6158420994902978 0.6445129352866023 0.5008580734375 0.6898369140625 0.5547204005097022 0.826482181900898
0 0.5261302078125001 0.5387431640625 0.4153708812372188 0.5362142600119504 0.41335416650932355 0.6245410453273441 0.5241134930846049 0.6270699493778938
0 0.832421875 0.08577441406250008 0.6771616131640943 0.06972873488642918 0.6662565109375 0.1752480468750001 0.8215167727734057 0.191293726051071
0 0.8668138015625002 0.49906542968750023 0.7864078958721558 0.4792706162179183 0.7639958685455197 0.5703075617452955 0.844401774235864 0.5901023752148774
0 0.2003697921875002 0.7417988281250001 0.13356192112527127 0.7096039643712062 0.09342447968750003 0.7928935546875 0.16023235074972897 0.8250884184412938
0 0.7761848953125001 0.5006191406250001 0.6746116157225124 0.49739698535135063 0.6720143221290349 0.5792725021847693 0.7735876017190225 0.5824946574584188
0 0.2769231765625001 0.49696679687500006 0.2162778263249981 0.4475046613461786 0.1364880195596375 0.5453346625164333 0.1971333697971395 0.5947967980452548
0 0.6843802078125 0.5877324218750001 0.6544084247381484 0.4858818650528013 0.5758281249999999 0.5090058593750001 0.6057999080743514 0.6108564161971989
0 0.8172877609375 0.07259472656250003 0.7908176003104339 -0.017769349916921605 0.63431640625 0.02807421875 0.660786566877066 0.11843829522942165
0 0.5881979171874999 0.13922558593750006 0.39585951286597787 0.09618190884448694 0.3660570219133901 0.22935277020562692 0.5583954262349121 0.2723964472986401
0 0.7618333328125 0.2667236328125001 0.5697987635257614 0.2603384966208201 0.56543359375 0.39162207031250007 0.7574681630367386 0.39800720650418003
0 0.4251236984375001 0.7104990234375 0.26328321493097917 0.7013673596610762 0.2584765625000001 0.7865556640625001 0.420317046006521 0.7956873278389238
0 0.2572291671875 0.9584482421875 0.2513220285279897 0.84764069422929 0.16669140469192795 0.8521523438330607 0.17259854335143823 0.9629598917912707
0 0.17067447968750002 0.9503974609375 0.17004111274945652 0.8535534082752434 0.0699505139259855 0.8542080078542682 0.07058388086402899 0.9510520605165247
0 0.9683684890625001 0.7402919921875001 0.8225706010166473 0.7380710695582177 0.8209023437500003 0.8475878906250001 0.9667002317958531 0.8498088132542827
0 0.8303997390625 0.9351904296874999 0.8220376397777427 0.8315532760604363 0.7407955734374999 0.8381083984375 0.7491576727222573 0.9417455520645636
0 0.6026901046875001 0.6043369140625001 0.5753446164952488 0.5038125082888475 0.5044971479634983 0.5230850282234408 0.5318426361557494 0.6236094339970935
0 0.23246093749999996 0.45047070312499987 0.16883397415280194 0.3669100473743148 0.02937500000000002 0.47310058593750004 0.09300196334719808 0.5566612416881851
0 0.7665520828125 0.7429238281250001 0.7439530674099241 0.6398032929234464 0.6802421875 0.653765625 0.7028412029025759 0.7568861602015537
0 0.32570703125 0.5158046875000001 0.26411013149691076 0.491850521125781 0.23209765625000003 0.5741689453125001 0.29369455600308936 0.5981231116867192
0 1.0020473037649815 0.8480306684742457 0.8865301832530399 0.8437395950042654 0.8831731765624999 0.934111328125 0.9986902970744416 0.9384024015949801
0 0.5656276046875 0.04307714843750007 0.2622233326951596 0.026930510530602747 0.25908854218750005 0.08583496093750005 0.5624928141798404 0.10198159884439736
0 0.5512604171875 0.9464697265625002 0.5370104774766634 0.8180359743326836 0.3737200515625 0.8361533203125001 0.3879699912733364 0.9645870725423167
0 0.7518606765625 0.9321708984375 0.7429843616584819 0.8317773154781314 0.6722395828125001 0.8380322265625001 0.681115897716518 0.9384258095218687
0 0.12699739531250007 0.5905039062500002 0.015974816455657105 0.567759656468267 -0.0004738236758133008 0.6480511790996568 0.11054875518102966 0.67079542888139
0 0.8467005203125002 0.6410019531250001 0.7442392099620407 0.6348390201231473 0.7386315109375001 0.7280693359375002 0.8410928212879595 0.734232268939353
0 0.4200403640625 0.5360419921874999 0.3044369935085544 0.5224591851175512 0.2952211283301385 0.6008954812166633 0.4108244988840841 0.6144782882866121
0 0.5768945312499999 0.0050732421875000515 0.42117923019224524 -0.00026818264508969846 0.4194197675670807 0.05102435838361745 0.5751350686248353 0.0563657832162072
0 0.9959049484374999 0.003989257812500112 0.8973505475478296 0.00387590350951549 0.8972695312499999 0.07431445312500012 0.9958239321396702 0.07442780742798474
0 0.999457941133279 0.07202197486753947 0.9144007361935781 0.07131133675194581 0.9136406250000002 0.1622900390625001 0.9986978299397011 0.16300067717809377
0 0.9459830734375 0.706654296875 0.9140632601361528 0.6546091470272729 0.7879127609375001 0.731978515625 0.8198325742388473 0.7840236654727273
0 0.9986979171874999 0.56994921875 0.9407545597866642 0.5313590881247008 0.8932669265625 0.6026621093750003 0.9512102839633357 0.6412522400002996
0 0.8856497390624998 0.19976953125000008 0.8653920149006206 0.14444133613955956 0.7450690109375 0.18849609374999998 0.7653267350993793 0.2438242888604405
0 0.08399348906250004 0.9740820312500003 0.06724269554063585 0.8242718435941722 -0.016750793521864194 0.8336634451566722 0 0.9834736328125002
0 0.46468880156249986 0.7785947265625001 0.4598585140141885 0.6863055501860623 0.4058397418054051 0.6891328178356388 0.41067002935371655 0.7814219942120765
0 0.41129166718750004 0.26739355468750003 0.4059823836183357 0.12213997867166326 0.33794270781249997 0.12462695312500001 0.34325199138166435 0.2698805291408367
0 0.5352044265625 0.8020341796875 0.5255036061973704 0.6815650561186472 0.4572096359374999 0.687064453125 0.4669104563026295 0.8075335766938527
0 1.0001315937088506 0.6690681780151231 0.9986962618282176 0.6166319083906429 0.9505716140624999 0.61794921875 0.952006945943133 0.6703854883744802
0 0.1518151046875001 0.36396972656250015 0.03784635468750006 0.3063378906250001 -0.026492494208124318 0.43356996758026495 0.0874762557918757 0.4912018035177649
0 0.9986979171874999 0.359392578125 0.8889817693535094 0.24696923169071394 0.7969036453125 0.3368300781249999 0.9066197931464904 0.4492534245592859
0 0.050048176562499956 0.8361611328124999 0.0238294265625 0.740583984375 -0.024733180107444585 0.7539056921727609 0.0014855698925553718 0.8494828406102609
0 0.0435104171875 0.6033095703125001 0.04207399062367953 0.5295808285513139 -0.0008830406263204693 0.5304177426138139 0.0005533859374999992 0.6041464843750001
0 0.66827734375 7.411210026755775e-17 0.538140625 6.614352446412141e-17 0.538140625 0.059026367187500074 0.66827734375 0.05902636718750008
0 0.9994464941045352 0.47908881292684286 0.9986977396741399 0.41570762995259336 0.9634505203125 0.4161240234375 0.9641992747428955 0.47950520641174943
0 0.07788281250000001 0.385173828125 0.07664481407744791 0.2584651669540818 -0.0011169046725520953 0.2592249325790818 0.0001210937500000009 0.38593359375
0 0.9365325515625 0.9871933593750002 0.8120413850799253 0.9870742085111687 0.8120299484375003 0.9990234375 0.9365211149200752 0.9991425883638316
0 0.9970039062500003 0.9807167968750002 0.9178277282837545 0.9797349746790139 0.9175885421875 0.9990234375000002 0.9967647201537458 1.0000052596959865