0 0.8154453142766046 0.5613600994693068 0.8151796868818104 0.45304174010017945 0.7099453101052058 0.45329980469337283 0.7102109375000001 0.5616181640625001
0 0.806271484375 0.3658916015625001 0.7185234375 0.3607207031250001 0.7132342753246254 0.4504756376115194 0.8009823221996252 0.45564653604901934
0 0.65004296875 0.5505312499999999 0.6499226752661099 0.46556933480444174 0.54715216745361 0.46571484261694185 0.5472724609374999 0.5506767578125
0 0.6646074218750001 0.34255664062500013 0.5620371093750001 0.3412949218750001 0.5609920757216236 0.4262500106377208 0.6635623882216236 0.42751172938772086
0 0.675256857859752 0.21582253083705316 0.5398759765624999 0.21165039062500007 0.5357763371205528 0.344678710010903 0.671157218417805 0.3488508502229561
0 0.545482421875 0.016036132812500065 0.46618359374999996 0.01307128906250005 0.46145723046437626 0.1394843824482753 0.5407560585893763 0.14244922619827532
0 0.3449082031717177 0.2265614974800382 0.26516015625 0.22641796875000003 0.26499121089078226 0.3202881118949618 0.34473925781250003 0.32043164062499996
0 0.28403973212973016 0.5017347080539988 0.233044921875 0.4486699218750001 0.14987888721796522 0.5285917770704189 0.20087369747269532 0.5816565632494177
0 0.5334160156250001 0.19331152343750008 0.3948222470421866 0.18960909405161858 0.3919570126671866 0.2968639768641186 0.53055078125 0.3005664062500001
0 0.17841796875000004 0.40380957031250003 0.11247327665353986 0.34362041402091037 0.035859018841039814 0.4275608437084104 0.1018037109375 0.48775000000000013
0 0.6834987947382494 0.0032841991868825583 0.5803112699566252 0.0005937433908766276 0.5765566158433758 0.14459665357899418 0.6797441406250001 0.1472871093750001
0 1.0020275656952524 0.7500878424207207 0.9169287109375001 0.7471015625000001 0.9139210719351334 0.8328090786809972 0.9990199266928859 0.8357953586017178
0 0.7983740234375002 0.2892607421875001 0.7265175748008106 0.28549713377937364 0.7225029263633105 0.3621465478418736 0.7943593750000002 0.3659101562500001
0 0.809176803831145 0.5698964851687192 0.7038076171875002 0.5680791015625001 0.7021386258563551 0.6648447257687811 0.8075078125000001 0.666662109375
0 0.8327675781249999 0.18038183593750015 0.798975574093722 0.0860068028599434 0.7139062499999997 0.11646679687500008 0.7476982540312777 0.21084182995255682
0 0.45991506760730294 0.6441737929733831 0.339990234375 0.5467890625 0.2558706158633246 0.6503785181830433 0.37579544909562757 0.7477632486564263
0 0.48639331407021585 0.38358790921917374 0.39432397875571246 0.38126171268637554 0.39291210937500004 0.4371425781250002 0.48498144468950344 0.4394687746577984
0 0.11512233362443233 0.6006167136842142 0.03617773437500005 0.5567451171875 -0.01182936487443218 0.6431313331907857 0.06711523437500011 0.6870029296875
0 0.33998756631640137 0.5465865814234129 0.27679589843749997 0.49688476562500006 0.19563841024609868 0.6000696685765872 0.25883007812500003 0.6497714843750002
0 0.6512216796875001 0.5457226562499999 0.5547802730189245 0.5446123410447509 0.5539462886439245 0.6170517941697509 0.6503876953125001 0.6181621093749999
0 0.9990234375 0.17698828125000018 0.9361851117735945 0.14093311076365186 0.8980396039610945 0.20741455607615183 0.9608779296875 0.24346972656250015
0 0.5027061021783548 0.6846952640519884 0.455396484375 0.6383203125000001 0.37186225719664523 0.7235381343855117 0.41917187499999997 0.7699130859375001
0 0.9497998850794505 0.45789896011157866 0.8598115234375001 0.45284179687500015 0.8547616093338993 0.5427011657260374 0.9447499709758496 0.547758328962616
0 0.17137890625000005 0.19108789062500003 0.10763333488509137 0.14516762266723596 0.06526810051009135 0.20397816954223594 0.12901367187500004 0.24989843750000004
0 0.6527451171874998 0.42219726562500004 0.554052734375 0.4191240234375 0.5524444231010699 0.4707724332419653 0.6511368059135698 0.4738456754294654
0 0.4930449324703111 0.33111120692629215 0.39359765625 0.3301513671875 0.3930742081546889 0.3843848868237078 0.492521484375 0.38534472656249996
0 0.350326171875 0.7872529296874999 0.225103515625 0.66559765625 0.1547209070185192 0.7380441433974358 0.27994356326851916 0.8596994168349358
0 0.3356103515625001 0.05964160156250005 0.21444900832256858 0.03294526613503624 0.18521577509706708 0.1656203223977844 0.3063771183369986 0.19231665782524823
0 0.9998512810634501 0.5573032646019082 0.88701953125 0.5354023437500002 0.866275730246769 0.6422727069097601 0.9791074800602191 0.6641736277616681
0 0.4800986328125001 0.43906054687500007 0.3913940371439222 0.42519621183479667 0.37439646108743796 0.533947414619796 0.46310105675601587 0.5478117496599995
0 0.6557806550263554 0.6227003321302551 0.5574912109375 0.6127988281250001 0.5495748039128647 0.691382773071096 0.6478642480017202 0.701284277076351
0 0.8607480468750002 0.1958417968750001 0.7334296875 0.1930820312500001 0.7312762807487181 0.29242677710691184 0.858594640123718 0.29518654273191186
0 1.0234811418400755 0.7184796416022072 0.9851675944416123 0.6416716178995578 0.8898182885390366 0.6892339684848506 0.9281318359374999 0.7660419921875
0 0.3337647566939705 0.33071193744195326 0.23984960937500005 0.3104296875000001 0.22070204018102957 0.39909079693304694 0.3146171875 0.4193730468750001
0 0.8155468750000001 0.884416015625 0.6834238281250001 0.8831259765624999 0.6822960285229819 0.9986328042350647 0.8144190753979818 0.9999228432975649
0 1.0296790969435092 0.8619559613510273 0.9314511718749999 0.8288437500000001 0.8985013397939131 0.9265899742666124 0.9967292648624223 0.9597021856176395
0 0.804404296875 0.7191367187500001 0.8025957876426822 0.6610732699721273 0.7112325063926821 0.6639189730971273 0.7130410156249999 0.7219824218750002
0 0.8922763671875001 0.9385302734375 0.8313985198979944 0.9381357237341991 0.83100390625 0.9990234375 0.8918817535395057 0.9994179872033009
0 0.5352666015625 0.7204619140625002 0.4918430201641793 0.6836725603435753 0.41995312500000004 0.7685263671875002 0.46337670639832085 0.8053157209064251
0 0.5968984374999999 0.04456152343750007 0.5424863314899081 0.041481385869784206 0.5370039062499999 0.13833105468750007 0.5914160122600918 0.14141119225521592
0 1.0019510874444202 0.07629308289316325 0.9791011877749398 -0.021931673613023304 0.8541660156249998 0.00713183593750002 0.8770159152944801 0.10535659244368659
0 1.0146241204897113 0.2353986309162556 0.9440312499999999 0.22031152343750016 0.9279325280722016 0.2956377576874526 0.9985253985619129 0.310724865166208
0 0.15251700678509955 0.755963211543065 0.009279296875000042 0.6425253906250001 -0.057352944285099516 0.7266617884569353 0.085884765625 0.8400996093750003
0 0.4656196943352267 0.07102636812905203 0.40991168486496743 0.07093163990314545 0.40978613115474083 0.1447675764615935 0.46549414062500005 0.14486230468750008
0 0.545609375 0.5100664062500001 0.488754199346943 0.46427307360252384 0.4177958984375 0.5523720703125001 0.47465107409055696 0.5981654029599763
0 0.9237744140625 0.3755117187500001 0.8319862645745202 0.3518068867006075 0.8077997411370201 0.44546020701310746 0.8995878906250001 0.46916503906250007
0 0.6249990234374999 0.9990234375 0.6242514545704854 0.9410032984918253 0.5121826171874999 0.942447265625 0.5129301860545145 1.0004674046331747
0 0.8915830471488586 0.28812020461491655 0.8120498046875 0.2846015625000001 0.8082480075386412 0.37053506882258364 0.88778125 0.37405371093750006
0 1.0013981588140217 0.37644641835373027 0.9990181344931763 0.3315356751522313 0.9674725147416547 0.33320742086100097 0.9698525390625001 0.37811816406249993
0 0.8285557780896419 0.7933537644789472 0.7120039062500001 0.7855556640625001 0.7059969562853584 0.875336665208553 0.822548828125 0.8831347656249999
0 0.40394140624999997 0.022173828125000038 0.36933206616752356 -0.00797201167174757 0.32956741773002357 0.03768033207825241 0.36417675781250003 0.06782617187500002
0 1.0086680059254371 0.310268503984895 0.9703974609375002 0.2921914062500001 0.9537634694662881 0.32740678917616245 0.992034014454225 0.34548388691105736
0 0.06480859375 0.3150644531250001 0.03646258782341052 0.279221712905927 -0.0031917090515894532 0.3105820644684269 0.025154296875000037 0.34642480468750003
0 0.22745634568400383 0.1929613172751739 0.16381087149602136 0.10989856322345155 0.12017386174951752 0.14333470688577765 0.18381933593749997 0.2263974609375
0 0.86552734375 0.8280693359375 0.8597753906250001 0.7285771484375 0.8159296702345742 0.7311120060454663 0.821681623359574 0.8306041935454663
0 0.8232031249999998 0.7344150390625002 0.7156171875000001 0.7184052734375002 0.7021274293536421 0.809056711492152 0.809713366853642 0.8250664771171519
0 0.9990234375000002 0.9990234375000002 0.9976689453125 0.941359375 0.9480508151425789 0.9425248733495748 0.949405307330079 1.0001889358495748
0 0.6056685498058506 0.7776235017379556 0.5268203125 0.7158994140625 0.4583666064441493 0.8033442716995444 0.53721484375 0.8650683593749999
0 0.20182714843750013 0.9087539062500001 0.1519079382011077 0.8689612698426812 0.08874387570110773 0.9481995510926813 0.13866308593750015 0.9879921875000003
0 0.2323517484327072 0.4562107359146198 0.179599609375 0.40755468750000007 0.10541552893443847 0.4879839260999185 0.15816766799214568 0.5366399745145383
0 0.14998632812499998 0.03941894531250002 0.14938628788013902 -0.001156749083234453 0.0711650390625 0 0.07176507930736098 0.04057569439573448
0 0.05555566406249999 0.4191982421875001 0.030386802132865688 0.36493933095318265 -0.0053417134921343035 0.38151257314068265 0.019827148437499997 0.43577148437500013
0 0.12357910156249999 0.039397460937500024 0.07724316406249998 1.6653345369377347e-17 -0.01646607095631954 0.11021281965081801 0.029869866543680467 0.14961028058831802
0 0.9990234375 0.3777802734375001 0.9854091796875 0.3777802734375001 0.9854091796875 0.4195761718750002 0.9990234375 0.4195761718750002
0 0.6439970703125 0.7866347656250001 0.49731914442669156 0.7790331931999669 0.4901972656250001 0.916455078125 0.6368751915108085 0.9240566505500333
0 0.8209208984374999 9.992007221626409e-17 0.7056303373194945 -0.002225148358712364 0.7034287109374999 0.11184667968750009 0.8187192720555053 0.11407182804621256
0 0.9008134765624998 0.00188476562500011 0.8423105468750001 0.0018085937500001005 0.8422778412977007 0.02692773502281623 0.9007807709852005 0.02700390689781624
0 0.09451855468750013 0.9484365234375002 0.006681360059118414 0.9476933570012089 0.006247070312500123 0.9990234375 0.09408426494088185 0.9997666039362911
0 0.2530888671875 0.8472070312500002 0.21314346787822053 0.8168542977995245 0.17369028101311987 0.8687762542164469 0.21363568032239938 0.8991289876669226
0 0.6122173847126299 0.8910097844659497 0.47236481538434905 0.8865273303208125 0.47046871973421933 0.9456855146048628 0.6103212890625002 0.95016796875