0 0.5034726562500002 0.24255175781250005 0.4231565802495859 0.2198074200469847 0.39583300781249997 0.31629394531250005 0.4761490838129142 0.33903828307801537
0 0.5908203125 0.23730468750000008 0.5068359375 0.23730468750000008 0.5068359375 0.3417968750000001 0.5908203125 0.3417968750000001
0 0.8051545985437716 0.5380624600562202 0.8037099609375001 0.44531152343749997 0.6650773542472949 0.44747078871698076 0.6665219918535663 0.5402217253357009
0 0.6054677734375 0.3408212890625001 0.5126953125 0.3408212890625001 0.5126953125 0.42285058593749997 0.6054677734375 0.42285058593749997
0 0.7722431640625 0.9170546875 0.767376953125 0.8238369140624998 0.7063742345310133 0.8270214151022971 0.7112404454685134 0.9202391885397972
0 0.6494140625000002 0.7861328125 0.5351562500000002 0.7861328125 0.5351562500000002 0.8544921875 0.6494140625000002 0.8544921875
0 0.6152353515625 0.4833984375 0.51953125 0.4833984375 0.51953125 0.5576171875 0.6152353515625 0.5576171875
0 0.9699334102804288 0.3571049973841098 0.861298828125 0.29566894531250004 0.8143253787820713 0.3787299635533904 0.9229599609375001 0.44016601562500013
0 0.373254350015711 0.6772791235346507 0.27744743311567993 0.6557984189782037 0.23773800497496916 0.8329079673185531 0.33354492187500023 0.8543886718750002
0 0.7765302734375001 0.9941748046875002 0.7714326171875001 0.9219169921875 0.7041405794895343 0.9266643221256471 0.7092382357395344 0.9989221346256473
0 0.783203125 0.3564453125000001 0.6416005859375 0.3564453125000001 0.6416005859375 0.4453115234375001 0.783203125 0.44531152343750013
0 0.6523437500000002 0.8515615234375 0.5615244140625002 0.8515615234375 0.5615244140625002 0.9013681640625 0.6523437500000002 0.9013681640625
0 0.6402643101175147 0.7313722185815215 0.5241367581728158 0.7125147325485054 0.5147708855553011 0.770191342091984 0.6308984375000001 0.7890488281250001
0 0.9667812500000001 0.7134023437500001 0.7915624295196986 0.6467819303655535 0.7617618380360487 0.7251606768204575 0.9369806585163504 0.7917810902049043
0 0.7519052734374999 0.35741894531249996 0.7504159446362486 0.2682287464269809 0.6332753196362486 0.2701848011144809 0.6347646484374999 0.359375
0 0.7811650390625001 0.7578457031250001 0.7735439686749295 0.6316880315558022 0.6780677727496328 0.6374556618586893 0.6856888431372035 0.7636133334278872
0 1.0014478209069333 0.5336593983060096 0.9218243553580132 0.5080071197251556 0.8778960657010799 0.644358463606646 0.95751953125 0.6700107421875001
0 0.34044721832095476 0.8564668007343194 0.24867259408803802 0.8205435207064159 0.19401757812500006 0.9601728515624999 0.2857922023579168 0.9960961315904033
0 0.6185390624999999 0.6224921875 0.6154214125894151 0.554448735558875 0.5232887820606889 0.5586701158553709 0.5264064319712738 0.6267135677964959
0 0.6630859375000002 0.9003896484375 0.5664062500000002 0.9003896484375 0.5664062500000002 0.9511708984375 0.6630859375000002 0.9511708984375
0 0.6708984375000002 0.9521484375 0.5791015625000002 0.9521484375 0.5791015625000002 0.9990234375 0.6708984375000002 0.9990234375
0 0.6264673521115374 0.6295828936302102 0.5242234060013249 0.6287618188788783 0.5237921867022877 0.682459198686168 0.6260361328125 0.6832802734375
0 0.7734384765625002 0.7607421875000001 0.6875000000000002 0.7607421875 0.6875000000000002 0.8232421875 0.7734384765625002 0.8232421875
0 0.9462470703125 0.9515615234375001 0.8653596212453566 0.894152359686292 0.824001953125 0.9524238281250001 0.9048894021921434 1.0098329918762083
0 0.9921826171875001 0.8988212890625003 0.9152834660377493 0.844502381474175 0.8746350285377492 0.9020482799116751 0.9515341796874999 0.9563671875000003
0 0.11279303255400101 0.6221286632971712 0.043812500000000074 0.5969365234375 0.01431492920932107 0.6777060870206126 0.083295461763322 0.7028982268802839
0 0.17603515625000007 0.6411289062500001 0.1077255859375 0.6174335937500002 0.08001712359128103 0.6973123949639664 0.14832669390378111 0.7210077074639663
0 0.24736982313382447 0.6684084002866421 0.1717265625000001 0.6438417968750001 0.14769560655367564 0.7178357403383581 0.2233388671875 0.74240234375
0 0.22834408111783064 0.7430627842964194 0.18337500000000007 0.7268837890625001 0.17372740695993022 0.753699013848596 0.2186964880777608 0.7698780090825152
0 0.21555371093750003 0.7663769531249999 0.17873631504205104 0.7543077652981096 0.16800975254205103 0.7870294449856097 0.20482714843750002 0.7990986328124999
0 0.20200488281250006 0.7990986328125002 0.14152606099450477 0.7777643512950643 0.12344695943200476 0.829015327857564 0.18392578125000006 0.850349609375
0 0.1772447083537254 0.8416082648620795 0.03997949218750012 0.7844306640625 -0.001578073307897343 0.8841971483377504 0.13568714285832795 0.94137474913733
0 0.45417957291025335 0.6964008028506065 0.3709123098810315 0.6794819010960487 0.3530257057207781 0.7675117623079422 0.43629296875 0.7844306640625001
0 0.5271186442796572 0.7094650797902577 0.444232634658346 0.6977355527924974 0.4307497325661889 0.7930116839397396 0.5136357421875 0.8047412109375
0 0.3993574218750001 0.04004589843750005 0.22556086519421487 0.002301408715632758 0.17974804687500004 0.21324902343750005 0.35354460355578526 0.25099351315936735
0 0.37846875 0.24258593750000007 0.2185741073468283 0.19056176839530914 0.1553354434154668 0.3849238071396691 0.3152300860686385 0.4369479762443601
0 0.4877933164023399 0.33405523027101147 0.38810644686307555 0.3142547365007601 0.3787076617107358 0.36157352966724865 0.4783945312500001 0.38137402343750004
0 0.46933358582283774 0.3753661554070008 0.376024488265218 0.35626714737803505 0.36510351562500004 0.4096220703125001 0.45841261318261983 0.4287210783414658
0 0.6759863281249999 0.07897460937500007 0.5167832031249999 4.4408920985006264e-17 0.42673682046722716 0.1815224618078491 0.5859399454672272 0.26049707118284915
0 0.4365370420689617 0.44188825110332547 0.3628535595263374 0.4251168935492127 0.3548985487073757 0.4600665330708873 0.42858203125000005 0.47683789062500004
0 0.4427000627981088 0.4239528087023971 0.3696099143566175 0.4101089208535078 0.3662184453085088 0.4280145105886108 0.43930859375000014 0.4418583984375001
0 0.42801757812499996 0.47345214843749994 0.35522442739621185 0.45697170120099867 0.3434414062500001 0.5090166015625 0.4162345569787882 0.5254970487990013
0 0.4403874198357795 0.5278348875424863 0.337689453125 0.5067392578125001 0.3247551582892204 0.5697061280825138 0.427453125 0.5908017578125
0 0.41715332031249996 0.5856484375000001 0.32000522676986876 0.5637352515491578 0.30433530489486876 0.6332049781116578 0.40148339843749997 0.6551181640625
0 0.32018847656250016 0.44242285156250005 0.25603005181688826 0.42095561685979377 0.1948583984375001 0.6037773437500001 0.2590168231831119 0.6252445784527063
0 0.23211816406250002 0.5140732421875001 0.1259833984375001 0.4774013671875001 0.09344964295301386 0.5715596973314321 0.1995844085780138 0.6082315723314321
0 0.1294714419140294 0.4799405086811429 0.06839941406250002 0.4582197265625001 0.03403113946477458 0.5548525371112414 0.09510316731630394 0.5765733192298842
0 0.07235156250000005 0.45934765624999996 0.029208007812500058 0.44581445312499995 -0.0018702888143429242 0.5448913810133892 0.04127326587315707 0.5584245841383891
0 0.9562724609375 0.025682617187500156 0.8570215933158505 -0.006725275798571762 0.8395206167533505 0.046872380451428206 0.938771484375 0.07928027343750013
0 0.8512656249999999 0.04486523437500005 0.7591751324783633 -0.002391890232658822 0.7365931012283633 0.04161396914234121 0.8286835937499999 0.08887109375000009
0 0.8221345804197723 0.0859625591649567 0.7355332031249999 0.04035156250000007 0.7080408229255293 0.09255121092853207 0.7946422002203016 0.13816220759348868
0 0.8083744281609533 0.1425578059654556 0.7090000000000001 0.09169140625000005 0.6806082510366421 0.1471585482829708 0.7799826791975955 0.19802494799842635
0 0.7722294921874999 0.19155078125000005 0.679078125 0.1464169921875001 0.6322060243517746 0.243156050640716 0.7253573915392745 0.2882898397032159
0 0.4274111328125 0.9396279296875001 0.3499975304507328 0.91816056159019 0.33219824218750005 0.9823466796875 0.40961184454926725 1.00381404778481
0 0.6108154296875 0.419921875 0.5258535156249999 0.419921875 0.5258535156249999 0.486328125 0.6108154296875 0.486328125