0 0.6956249999999999 0.5367890625000001 0.6857475700037174 0.4682601430700185 0.5794292106287176 0.4835843618200185 0.589306640625 0.5521132812500001
0 0.3470449841121634 0.5628953199150747 0.2816335909469581 0.48939739963558926 0.22822070312500004 0.53693359375 0.29363209629020537 0.6104315140294855
0 0.18873144531250005 0.8504707031250002 0.08977394879247527 0.7780221955069665 -0.0010922621450246695 0.9021364533194663 0.09786523437500012 0.9745849609375
0 0.5895018312325054 0.5520852510694134 0.5797978515625 0.48451074218749995 0.4835114169851845 0.49833787344003155 0.49321539665519004 0.565912382321945
0 0.28527636718750005 0.4894013671875001 0.2143487515649185 0.4096298223683764 0.16324121093750002 0.4550712890625001 0.2341688265600815 0.5348428338816238
0 0.864677734375 0.02966308593750009 0.7788524524019238 -0.004676260030493618 0.719714474873989 0.14312893117446238 0.8055397568470651 0.17746827714245608
0 0.25991796875000006 0.733615234375 0.16650751613967135 0.6437214259774972 0.05613085937499993 0.758416015625 0.1495413119853286 0.8483098240225029
0 0.931501106747692 0.7981552184118798 0.9208984375 0.7249775390625001 0.7704735026273082 0.7467725159631206 0.7810761718750001 0.8199501953125002
0 0.80366015625 0.1723300781250001 0.7234666392316483 0.13854248738886554 0.6500349986066484 0.3128295967638655 0.730228515625 0.34661718750000003
0 0.9990234375 0.5253378906250001 0.9283369140625 0.5253378906250001 0.9283369140625 0.5976933593750002 0.9990234375 0.5976933593750002
0 0.5100696977351127 0.8499798235185928 0.5048853766984529 0.7863365965110656 0.3580478515625001 0.7982978515625 0.36323217259915974 0.8619410785700271
0 0.6528339843750002 0.840546875 0.6459658203125 0.7713603515624999 0.5045762685429362 0.7853961289079818 0.5114444326054364 0.8545826523454819
0 0.21475000000000005 0.4150146484375 0.15082714843750003 0.334736328125 0.10107417452123928 0.37435290149202965 0.16499702608373928 0.45463122180452975
0 0.1487815627764506 0.3322558450899392 0.08056445312500002 0.25604296875 0.030978286336955117 0.300426872617994 0.09919539598840572 0.37663974895793323
0 0.4950188926459199 0.5647519298695227 0.48523437499999994 0.4971865234375 0.37005532610408004 0.5138662341929774 0.37983984374999996 0.5814316406250001
0 0.790056640625 0.8289277343749999 0.7828409888591292 0.76247693676222 0.6417882544841292 0.77779334301222 0.6490039062499999 0.844244140625
0 0.44508398437499996 0.9308974609374999 0.29927636718750017 0.8754423828125002 0.270819198390886 0.9502646013437592 0.41662681557838593 1.005719679468759