0 0.830073345344649 0.5774261092305599 0.7878515625 0.39855338593750006 0.686357564392895 0.42251040671306334 0.728579347237544 0.6013831300061231
0 0.8759007449138728 0.7712035291670742 0.8303574218750001 0.5586067703125 0.734622635545138 0.5791154569141657 0.7801659585840108 0.7917122157687401
0 0.21280020231806648 0.541518277482792 0.16210937500000003 0.36178515624999996 0.08243807893193353 0.3842551600172081 0.13312890625 0.5639882812500001
0 0.5115531390238791 0.5587428439241415 0.466162109375 0.4010364578125 0.37871639222612075 0.4262050717008584 0.42410742187499995 0.5839114578125
0 0.7828507156321443 0.41898889242737897 0.7321435546874999 0.23956640624999997 0.6509881515553555 0.26250199351012105 0.7016953124999998 0.44192447968750004
0 0.2733781071759086 0.7857348578825778 0.21906933593749994 0.5773893234374999 0.10404856893088162 0.6073714228363014 0.15835734016929023 0.8157169572813793
0 0.10804856615114514 0.674957259792418 0.07007910156250001 0.6066614578125 -0.022099347401145098 0.6579086245825818 0.015870117187500022 0.7262044265625001
0 0.578223872868478 0.807950868818185 0.5087939453125 0.5505976562500001 0.42331518963152204 0.5736585061818152 0.4927451171875 0.8310117187500001
0 0.47480133147002146 0.41738863279201077 0.41490527343749994 0.19783203124999998 0.3243272854306978 0.22254212599559736 0.3842233434632193 0.4420987275376082
0 0.3247852802814434 0.9809293256310667 0.2768994140625 0.8047317703125 0.2145233134685567 0.8216839556189335 0.26240917968750005 0.9978815109375002
0 0.1288244722038627 0.21672317570208346 0.097921875 0.12750781250000004 0.0000026762336372943006 0.16142526179791658 0.0309052734375 0.25064062500000006
0 0.7359351773613833 0.2531899770047924 0.6939765624999998 0.08787369843750001 0.6090038947522785 0.10944045200024526 0.6509625096136619 0.2747567305675377
0 0.166577970399232 0.8571978316251165 0.136396484375 0.7867291671875001 0.044912263975767974 0.8259115433748836 0.07509375 0.8963802078125
0 0.6225197142388412 0.964367684395558 0.5736728515625 0.7962109374999999 0.48508770763615877 0.8219435140419421 0.5339345703125 0.9901002609374998
0 0.14051006859921572 0.7842182275874252 0.117556640625 0.7344309890624999 0.028717470463284343 0.7753885427250746 0.05167089843750006 0.8251757812499999
0 0.9088700312683953 0.917126982056098 0.8681806640624998 0.7508489578125002 0.785105006779618 0.7711781380540343 0.8257943739855135 0.9374561622976323
0 0.10033055457526611 0.1468919914120638 0.08195996093749999 0.046476562499999985 -0.001966922512384582 0.061830643918027575 0.01640367112538154 0.16224607283009138
0 0.19657759972749214 0.9725766662215609 0.15735449218749997 0.8572447921875002 0.07959814420247384 0.8836888747490393 0.11882125174246601 0.9990207487831
0 0.6991354142567243 0.10433273720935028 0.6665712890625 2.2204460492503132e-17 0.5846233748057756 0.02557741904064974 0.6171875 0.12991015625
0 0.12106345320484438 0.7353749834044236 0.09608300781249998 0.6827213546875 0.005774437420155642 0.7255664228455764 0.03075488281250003 0.7782200515625001