0 0.063802 0.307617 0.208334 0.307617 0.208334 0.432617 0.063802 0.432617
0 0.033854 0.429687 0.170573 0.429687 0.170573 0.540039 0.033854 0.540039
0 0.364583 0.618164 0.518229 0.618164 0.518229 0.764648 0.364583 0.764648
0 0.776042 0.129883 0.945312 0.129883 0.945312 0.291015 0.776042 0.291015
0 0.005208 0.535156 0.131510 0.535156 0.131510 0.651367 0.005208 0.651367
0 0.428385 0.458008 0.576823 0.458008 0.576823 0.611328 0.428385 0.611328
0 0.294271 0.000977 0.481771 0.000977 0.481771 0.101563 0.294271 0.101563
0 0.807292 0.658203 0.960938 0.658203 0.960938 0.815430 0.807292 0.815430
0 0.057291 0.920898 0.385416 0.920898 0.385416 1.000000 0.057291 1.000000
0 0.678385 0.944336 0.985677 0.944336 0.985677 1.000000 0.678385 1.000000
0 0.471353 0.295899 0.636718 0.295899 0.636718 0.456055 0.471353 0.456055
0 0.317708 0.777344 0.460938 0.777344 0.460938 0.857422 0.317708 0.857422
0 0.019532 0.000976 0.152344 0.000976 0.152344 0.050782 0.019532 0.050782
0 0.001303 0.118164 0.113282 0.118164 0.113282 0.228516 0.001303 0.228516
0 0.001302 0.643554 0.092448 0.643554 0.092448 0.753906 0.001302 0.753906
0 0.912760 0.360351 1.000000 0.360351 1.000000 0.503907 0.912760 0.503907
0 0.867188 0.502930 1.000000 0.502930 1.000000 0.656250 0.867188 0.656250
