0 0.384115 0.208007 0.475261 0.208007 0.475261 0.295898 0.384115 0.295898
0 0.369792 0.542969 0.476562 0.542969 0.476562 0.626953 0.369792 0.626953
0 0.598959 0.351562 0.701824 0.351562 0.701824 0.452148 0.598959 0.452148
0 0.477864 0.587890 0.597656 0.587890 0.597656 0.672852 0.477864 0.672852
0 0.294271 0.189453 0.388021 0.189453 0.388021 0.276367 0.294271 0.276367
0 0.584635 0.610352 0.701823 0.610352 0.701823 0.694336 0.584635 0.694336
0 0.194010 0.418945 0.287760 0.418945 0.287760 0.498047 0.194010 0.498047
0 0.276041 0.501954 0.391927 0.501954 0.391927 0.604492 0.276041 0.604492
0 0.795572 0.693359 0.903645 0.693359 0.903645 0.774415 0.795572 0.774415
0 0.451823 0.884766 0.600261 0.884766 0.600261 1.000000 0.451823 1.000000
0 0.095053 0.391601 0.204428 0.391601 0.204428 0.477539 0.095053 0.477539
0 0.709635 0.000976 0.847656 0.000976 0.847656 0.050782 0.709635 0.050782
0 0.779948 0.352539 0.897136 0.352539 0.897136 0.463867 0.779948 0.463867
0 0.470052 0.208007 0.561198 0.208007 0.561198 0.295898 0.470052 0.295898
0 0.167968 0.038087 0.272135 0.038087 0.272135 0.130860 0.167968 0.130860
0 0.083333 0.056640 0.171875 0.056640 0.171875 0.142578 0.083333 0.142578
0 0.001302 0.036133 0.092448 0.036133 0.092448 0.151367 0.001302 0.151367
0 0.001302 0.316406 0.093750 0.316406 0.093750 0.457031 0.001302 0.457031
0 0.704427 0.674804 0.812501 0.674804 0.812501 0.755860 0.704427 0.755860
0 0.001302 0.702148 0.118490 0.702148 0.118490 0.859375 0.001302 0.859375
0 0.871094 0.791992 1.000000 0.791992 1.000000 0.904298 0.871094 0.904298
0 0.945312 0.493165 1.000000 0.493165 1.000000 0.578126 0.945312 0.578126
0 0.841146 0.099609 1.000000 0.099609 1.000000 0.238281 0.841146 0.238281
