0 0.062500 0.567383 0.146484 0.567383 0.146484 0.683594 0.062500 0.683594
0 0.021484 0.789063 0.101562 0.789063 0.101562 0.897461 0.021484 0.897461
0 0.044922 0.679688 0.126953 0.679688 0.126953 0.789062 0.044922 0.789062
0 0.522461 0.035157 0.612305 0.035157 0.612305 0.116211 0.522461 0.116211
0 0.590820 0.383789 0.707032 0.383789 0.707032 0.540039 0.590820 0.540039
0 0.680664 0.592773 0.802734 0.592773 0.802734 0.748046 0.680664 0.748046
0 0.840820 0.195312 0.921876 0.195312 0.921876 0.287110 0.840820 0.287110
0 0.010743 0.127930 0.126953 0.127930 0.126953 0.283203 0.010743 0.283203
0 0.275391 0.868163 0.388672 0.868163 0.388672 0.998046 0.275391 0.998046
0 0.322265 0.708985 0.431640 0.708985 0.431640 0.860352 0.322265 0.860352
0 0.000976 0.893555 0.069335 0.893555 0.069335 0.999999 0.000976 0.999999
0 0.646484 0.752930 0.757812 0.752930 0.757812 0.903320 0.646484 0.903320
0 0.627930 0.087891 0.698242 0.087891 0.698242 0.164063 0.627930 0.164063
0 0.697265 0.107422 0.779296 0.107422 0.779296 0.199219 0.697265 0.199219
0 0.222656 0.201172 0.334961 0.201172 0.334961 0.354492 0.222656 0.354492
0 0.355469 0.544922 0.476563 0.544922 0.476563 0.705078 0.355469 0.705078
0 0.458985 0.012695 0.540040 0.012695 0.540040 0.098633 0.458985 0.098633
0 0.903320 0.300781 1.000000 0.300781 1.000000 0.418945 0.903320 0.418945
0 0.763672 0.907227 0.971680 0.907227 0.971680 1.000000 0.763672 1.000000
0 0.612304 0.911133 0.715820 0.911133 0.715820 1.000000 0.612304 1.000000
0 0.791016 0.160156 0.850586 0.160156 0.850586 0.250000 0.791016 0.250000
0 0.973633 0.529297 1.000000 0.529297 1.000000 0.650391 0.973633 0.650391
