0 0.583985 0.464843 0.700196 0.464843 0.700196 0.553710 0.583985 0.553710
0 0.227539 0.500001 0.335937 0.500001 0.335937 0.602540 0.227539 0.602540
0 0.003906 0.817383 0.156250 0.817383 0.156250 0.961913 0.003906 0.961913
0 0.485351 0.473633 0.584960 0.473633 0.584960 0.573242 0.485351 0.573242
0 0.166016 0.421874 0.278321 0.421874 0.278321 0.527343 0.166016 0.527343
0 0.000977 0.469727 0.147461 0.469727 0.147461 0.645508 0.000977 0.645508
0 0.724610 0.000977 0.854492 0.000977 0.854492 0.166015 0.724610 0.166015
0 0.061523 0.668945 0.217773 0.668945 0.217773 0.818359 0.061523 0.818359
0 0.771484 0.726562 0.920898 0.726562 0.920898 0.811524 0.771484 0.811524
0 0.146484 0.000977 0.638672 0.000977 0.638672 0.212891 0.146484 0.212891
0 0.669922 0.149415 0.789062 0.149415 0.789062 0.328126 0.669922 0.328126
0 0.917968 0.511718 0.999999 0.511718 0.999999 0.621093 0.917968 0.621093
0 0.357421 0.781250 0.507812 0.781250 0.507812 0.865234 0.357421 0.865234
0 0.504883 0.772460 0.649413 0.772460 0.649413 0.853516 0.504883 0.853516
0 0.418945 0.943360 0.547851 0.943360 0.547851 1.000000 0.418945 1.000000
0 0.094727 0.345703 0.207032 0.345703 0.207032 0.451173 0.094727 0.451173
0 0.036133 0.268554 0.148438 0.268554 0.148438 0.374024 0.036133 0.374024
0 0.000976 0.190430 0.064453 0.190430 0.064453 0.295899 0.000976 0.295899
0 0.376953 0.489258 0.487305 0.489258 0.487305 0.585938 0.376953 0.585938
0 0.644532 0.757812 0.789062 0.757812 0.789062 0.838868 0.644532 0.838868
0 0.275390 0.884765 0.430663 0.884765 0.430663 0.997071 0.275390 0.997071
