0 0.126302 0.633790 0.270834 0.633790 0.270834 0.795899 0.126302 0.795899
0 0.464843 0.444335 0.567708 0.444335 0.567708 0.525390 0.464843 0.525390
0 0.766927 0.515625 0.899739 0.515625 0.899739 0.615235 0.766927 0.615235
0 0.447917 0.103516 0.557292 0.103516 0.557292 0.203125 0.447917 0.203125
0 0.252605 0.847656 0.393230 0.847656 0.393230 1.000000 0.252605 1.000000
0 0.657552 0.787109 0.783854 0.787109 0.783854 0.945312 0.657552 0.945312
0 0.264323 0.353515 0.367188 0.353515 0.367188 0.439453 0.264323 0.439453
0 0.147136 0.337891 0.263020 0.337891 0.263020 0.421875 0.147136 0.421875
0 0.708333 0.248047 0.805989 0.248047 0.805989 0.321289 0.708333 0.321289
0 0.544270 0.541016 0.684895 0.541016 0.684895 0.648438 0.544270 0.648438
0 0.712240 0.889648 0.837240 0.889648 0.837240 1.000000 0.712240 1.000000
0 0.033855 0.287110 0.138021 0.287110 0.138021 0.375000 0.033855 0.375000
0 0.042969 0.000977 0.223959 0.000977 0.223959 0.047852 0.042969 0.047852
0 0.774740 0.213867 0.875000 0.213867 0.875000 0.286133 0.774740 0.286133
0 0.720052 0.580079 0.792968 0.580079 0.792968 0.655273 0.720052 0.655273
0 0.213541 0.100586 0.364583 0.100586 0.364583 0.202148 0.213541 0.202148
0 0.367188 0.112304 0.446615 0.112304 0.446615 0.198242 0.367188 0.198242
0 0.606771 0.258789 0.704427 0.258789 0.704427 0.332031 0.606771 0.332031
0 0.001302 0.246094 0.061198 0.246094 0.061198 0.355469 0.001302 0.355469
0 0.921875 0.497070 1.000000 0.497070 1.000000 0.587890 0.921875 0.587890
0 0.373698 0.420899 0.476562 0.420899 0.476562 0.501954 0.373698 0.501954
