0 0.593750 0.136718 0.697916 0.136718 0.697916 0.243489 0.593750 0.243489
0 0.477865 0.115886 0.604167 0.115886 0.604167 0.222657 0.477865 0.222657
0 0.444010 0.514323 0.622395 0.514323 0.622395 0.733073 0.444010 0.733073
0 0.381511 0.046875 0.489584 0.046875 0.489584 0.164063 0.381511 0.164063
0 0.703125 0.221355 0.804687 0.221355 0.804687 0.326824 0.703125 0.326824
0 0.574218 0.798177 0.739583 0.798177 0.739583 0.998698 0.574218 0.998698
0 0.001302 0.269531 0.132812 0.269531 0.132812 0.480469 0.001302 0.480469
0 0.274740 0.003906 0.406250 0.003906 0.406250 0.132812 0.274740 0.132812
0 0.148438 0.718750 0.283855 0.718750 0.283855 0.944010 0.148438 0.944010
0 0.882812 0.378906 1.000000 0.378906 1.000000 0.540364 0.882812 0.540364
0 0.884115 0.001302 1.000000 0.001302 1.000000 0.141927 0.884115 0.141927
0 0.097656 0.941406 0.231772 0.941406 0.231772 1.000000 0.097656 1.000000
0 0.792969 0.255209 0.894531 0.255209 0.894531 0.360678 0.792969 0.360678
