0 0.717448 0.208008 0.807292 0.208008 0.807292 0.296875 0.717448 0.296875
0 0.710938 0.532227 0.807292 0.532227 0.807292 0.625000 0.710938 0.625000
0 0.520834 0.416992 0.622396 0.416992 0.622396 0.505860 0.520834 0.505860
0 0.627604 0.189453 0.721354 0.189453 0.721354 0.276367 0.627604 0.276367
0 0.220053 0.295898 0.326824 0.295898 0.326824 0.426758 0.220053 0.426758
0 0.304687 0.714843 0.454427 0.714843 0.454427 0.862305 0.304687 0.862305
0 0.433594 0.392578 0.527344 0.392578 0.527344 0.486328 0.433594 0.486328
0 0.830729 0.587891 0.932291 0.587891 0.932291 0.661133 0.830729 0.661133
0 0.229167 0.037110 0.416667 0.037110 0.416667 0.138672 0.229167 0.138672
0 0.613281 0.501953 0.721355 0.501953 0.721355 0.603515 0.613281 0.603515
0 0.420573 0.053711 0.503907 0.053711 0.503907 0.140625 0.420573 0.140625
0 0.791666 0.885742 0.934895 0.885742 0.934895 1.000000 0.791666 1.000000
0 0.001302 0.156250 0.066406 0.156250 0.066406 0.250000 0.001302 0.250000
0 0.010417 0.637695 0.154948 0.637695 0.154948 0.786133 0.010417 0.786133
0 0.503906 0.041992 0.615885 0.041992 0.615885 0.128906 0.503906 0.128906
0 0.057292 0.174805 0.123698 0.174805 0.123698 0.268555 0.057292 0.268555
0 0.111979 0.190430 0.178385 0.190430 0.178385 0.284180 0.111979 0.284180
0 0.140625 0.204101 0.233073 0.204101 0.233073 0.313476 0.140625 0.313476
0 0.309895 0.323242 0.416667 0.323242 0.416667 0.454102 0.309895 0.454102
0 0.925782 0.613281 1.000000 0.613281 1.000000 0.697265 0.925782 0.697265
0 0.805989 0.206054 0.895833 0.206054 0.895833 0.294922 0.805989 0.294922
0 0.899740 0.351562 0.997396 0.351562 0.997396 0.437500 0.899740 0.437500
