0 0.757813 0.760742 0.931641 0.760742 0.931641 0.928712 0.757813 0.928712
0 0.049805 0.336914 0.196289 0.336914 0.196289 0.458984 0.049805 0.458984
0 0.098633 0.000977 0.212891 0.000977 0.212891 0.067383 0.098633 0.067383
0 0.375000 0.281250 0.486328 0.281250 0.486328 0.428710 0.375000 0.428710
0 0.385742 0.428710 0.498047 0.428710 0.498047 0.593749 0.385742 0.593749
0 0.618165 0.000977 0.745118 0.000977 0.745118 0.047852 0.618165 0.047852
0 0.005859 0.197266 0.237305 0.197266 0.237305 0.341797 0.005859 0.341797
0 0.293945 0.023437 0.432617 0.023437 0.432617 0.293945 0.293945 0.293945
0 0.752930 0.250000 0.917968 0.250000 0.917968 0.334960 0.752930 0.334960
0 0.917968 0.241211 0.999999 0.241211 0.999999 0.327149 0.917968 0.327149
0 0.097657 0.636718 0.199219 0.636718 0.199219 0.749999 0.097657 0.749999
0 0.195312 0.721679 0.356445 0.721679 0.356445 0.894531 0.195312 0.894531
0 0.250000 0.817383 0.562500 0.817383 0.562500 0.999023 0.250000 0.999023
