0 0.6406112357313708 0.4390529518305183 0.5281145828125 0.2941471359375 0.3085567330186292 0.4645993919194818 0.4210533859375 0.6095052078125
0 0.44565755156250003 0.12804036406250005 0.3271831394931851 -0.031787424213769636 0.08243965043068507 0.14963184766123033 0.20091406250000002 0.30945963593750003
0 0.8096484374999999 0.20383463593750006 0.6721844934292338 -0.05215923912980989 0.5292001184292338 0.02462070774519014 0.6666640625 0.28061458281250007
0 0.9148268234374999 0.24183854218750014 0.8407661730673925 0.14545921478673413 0.695764869942393 0.2568823913492341 0.7698255203125001 0.3532617187500001
0 0.7977116890312637 0.6750723669142213 0.6943966811343952 0.5339707335438517 0.43479817656249986 0.7240494796875 0.5381131844593683 0.8651511130578695
0 0.34547656250000003 0.8049960937500001 0.23269972309778603 0.6568820622321454 -0.021696109714713873 0.8505838856696453 0.09108072968750011 0.9986979171875001
0 0.5483893234374999 0.30048828125 0.427890625 0.1236666671875 0.18474034281429824 0.2893663905127925 0.3052390412517982 0.4661880045752925
0 0.9720950515625002 0.9168723953125 0.8825950515625 0.7831614578124999 0.6387929152454943 0.9463514825655016 0.7282929152454946 1.0800624200655016
0 0.8628632812499999 1.0685896612017132e-16 0.7429912460389915 -0.0016897196547897189 0.7420716140624999 0.06355078125000008 0.8619436492735085 0.0652405009047899
0 0.9987626733259563 0.0001016079032807796 0.851835890381661 -0.0000014087082884712414 0.8517711342432046 0.09235661932593085 0.9986979171874998 0.0924596359375001
0 0.7105572921875001 0.5396380203125 0.6524669283724398 0.44513884207631094 0.41349739531249996 0.5920377609374999 0.47158775912756035 0.6865369391736891
0 0.22328654633041128 0.6858033230181062 0.16306119843750005 0.6010755203125 -0.054793055705411264 0.7559284472943939 0.005432292187499988 0.84065625
0 0.22488151093750003 0.5366054687499999 0.1221484375 0.42490234375 -0.03475694547653272 0.5692078162429781 0.06797612796096733 0.680910941242978
0 0.8820247390624999 0.7857682296875002 0.786986119252971 0.6601741446980667 0.5298684890625001 0.8547382812500002 0.6249071088720289 0.9803323662394338
0 1.0106353869254159 0.4307059338164363 0.9347096359375001 0.2631093749999999 0.848630019329246 0.3021057576339171 0.9245557703171616 0.4697023164503536
0 0.41232682343750005 0.9741106765625 0.31249999999999994 0.8513763015625001 0.2511872670946583 0.9012454222730764 0.3510140905321583 1.0239797972730764
0 0.11942774611075042 0.4218806952264636 0.046192707812500025 0.33377473906250005 -0.02828191329825038 0.3956792000860366 0.04495312500000002 0.48378515625000007
0 0.7962369796875001 0.002610676562500098 0.711194010234858 0.0025597675051257573 0.711157550859858 0.06346471594262577 0.7962005203125001 0.0635156250000001
0 0.9951041674837994 0.998336388608793 0.9950638010044639 0.9368793582152787 0.8549999975831645 0.9369713555439855 0.8550403640625 0.9984283859374999
0 0.2975325515625 0.5377135421875001 0.18670441487384432 0.37155857622621735 0.12587109375 0.41213541718749996 0.2366992304386557 0.5782903831487828