0 0.515269619478611 0.06328048627425535 0.40194526285749016 0.05882547997033598 0.394998885566379 0.2355241608835807 0.5083232421874999 0.23997916718750006
0 0.5340147268630374 0.6085333180761138 0.5331162109375001 0.4821080734375 0.43209075123546964 0.4828260707384858 0.432989267161007 0.6092513153770996
0 0.5495369535212709 0.7759034040158096 0.4461386718750001 0.7738697921874998 0.44357632772872935 0.9041512834841903 0.5469746093750001 0.9061848953125
0 0.3587295683118946 0.7503521926744285 0.3370869140625 0.5966302078125 0.26129113816823046 0.6073015621585792 0.28293379241762506 0.7610235470205078
0 0.31365936206565836 0.6012657749710075 0.27621093750000003 0.395390625 0.1902906040768786 0.4110194229647135 0.22773902864253692 0.616894572935721
0 0.5241880621871406 0.31202581818552505 0.4072607421875 0.31090364531250003 0.4057406487503594 0.469293191189475 0.5226679687500001 0.47041536406250006
0 0.30676600899618667 0.2854380110424825 0.275212890625 0.13475781250000002 0.21316563162881336 0.14775079052001755 0.24471874999999996 0.29843098906250004
0 0.24649153692882936 0.31445540327321286 0.20629980468750003 0.1269778640625 0.13232096307117064 0.1428375654767872 0.17251269531249996 0.3303151046875
0 0.5365980812424509 0.5916858935135102 0.4315937470340697 0.5914466140557415 0.431300353291619 0.7201982205422313 0.5363046875000002 0.7204375000000001
0 0.37009405719782645 0.2668494903914115 0.33551269531249994 0.10826822968750001 0.2729030131146735 0.12192134398358853 0.307484375 0.28050260468750005
0 0.35977288113973066 0.5176032762039807 0.32861621093750004 0.3673815109375 0.266703721946865 0.38022243979663434 0.2978603921490957 0.5304442050631151
0 0.32767161863794925 0.8338868590846827 0.29709277343750007 0.7375338546875001 0.17840260011205084 0.7752016831028173 0.2089814453125 0.8715546875000001
0 0.4206593854292834 0.23540157487629906 0.39062695312500006 0.09585546874999998 0.3356335833207167 0.10769087356120095 0.365666015625 0.24723697968750002
0 0.0985500583672417 0.2625660266969889 0.006582031250000025 0.2526015625 -0.007269784929741646 0.38044829674051106 0.08469824218750004 0.3904127609375
0 0.43069271638024526 0.5096799445288005 0.40438867187499994 0.3598020828125 0.32548013518225477 0.3736507835961996 0.3517841796875 0.5235286453125
0 0.13163073606598563 0.5726350600053136 0.036409179687500036 0.5238072921875 -0.037357298565985575 0.6676631181196865 0.05786425781250002 0.7164908859375001
0 0.24357153474289123 0.13510160905549679 0.23319335937500002 0.052256510937499986 0.11472241056960875 0.06709760969450324 0.12510058593749998 0.14994270781250002
0 0.998909669822552 0.1597594422806766 0.9261210937500002 0.1593880203125001 0.9256899395524482 0.24388248428182369 0.998478515625 0.24425390625000015
0 0.7189418924235196 0.013571193872680737 0.6346728515625001 0.012680989062500082 0.6334057638264807 0.13262672175231946 0.7176748046875001 0.1335169265625001
0 0.2507033718752591 0.058030874007609035 0.2404192668740918 -0.015189852786435216 0.09613874656133269 0.005074846643455741 0.10642285156250002 0.07829557343749999
0 0.5388681222382357 0.9205329540870677 0.41170507812500007 0.9130898437500002 0.4066985267013491 0.998625095910692 0.5338615708145846 1.0060682062477595
0 0.08325715636815367 0.1581029353016297 0.002401367187500017 0.1537669265625 -0.003693679805653631 0.2674244084483703 0.07716210937500002 0.2717604171875
0 0.05776279736909727 0.06772041037959009 7.979727989493312e-18 0.0666184890625 -0.002122172369097249 0.1778629224329099 0.05564062500000002 0.17896484375
0 0.5116933593749999 6.245004513516506e-17 0.387819023359519 -0.0012738974799514525 0.38730046867201906 0.049150582207548546 0.5111748046875 0.050424479687500065
0 0.04351190944574358 0.0723333237371249 0.04297460937500001 0.0038046875 -0.0005373000707435773 0.004145843450375104 0 0.0726744796875
0 0.9353103911941538 0.010523441878307737 0.8205626128746412 0.001087168037202102 0.8069846435554873 0.16619914334639446 0.9217324218749999 0.1756354171875001
0 0.997175468943402 0.07798878991680529 0.99668359375 0.007665364062499999 0.9275051860158016 0.008149230459367456 0.9279970612092034 0.07847265631367274
0 0.5497615074319484 0.7152934521704505 0.4415986328125001 0.7142838546875 0.44084200819305186 0.7953445697045496 0.5490048828125002 0.7963541671875001
0 0.8112263343701303 0.003005260958856423 0.719208984375 0.001683593750000087 0.71795530625487 0.08896739529114377 0.80997265625 0.0902890625000001
0 0.9968604191061374 0.9664796795537438 0.9950976562499999 0.8234908859375001 0.9531024715188625 0.8240086016962562 0.9548652343749999 0.9669973953125
0 0.7539740226778174 0.1257229569236403 0.6392021484375 0.12289583281250008 0.6358267585721825 0.25992548057635984 0.7505986328124999 0.26275260468750006
0 0.10848451606550498 0.6917601531882147 0.010920898437500081 0.6669830734375 -0.019931781690504847 0.7884703155617853 0.07763183593750005 0.8132473953125
0 0.9990234375 0.6294778640625002 0.988248046875 0.6294778640625002 0.988248046875 0.7440286453125002 0.9990234375 0.7440286453125002