0 0.5321943487205856 0.11390378165757442 0.43310450899433145 0.11305467927583876 0.4322919921874999 0.20787499999999998 0.531381831913754 0.20872410238173567
0 0.5431943359375002 0.5737011718750001 0.4063603227344042 0.5656479507618839 0.3983564164844042 0.7016440445118838 0.5351904296875002 0.7096972656250001
0 0.357078125 0.30702246093749996 0.336666015625 0.1980107421875 0.2629568587512145 0.21181255532556453 0.2833689681262145 0.3208242740755645
0 0.5499189453125001 0.3327626953125001 0.44600977872857384 0.33010690919010294 0.44347460937500005 0.429296875 0.5473837759589263 0.43195266112239716
0 0.3114091796875 0.192021484375 0.2782907223653251 0.04883271645689855 0.19430544966078783 0.06825786208946194 0.22742390698296275 0.2114466300075634
0 0.5323437509181985 0.4437500627322919 0.40549511718750003 0.4396777343749999 0.400885739258373 0.5832548827184637 0.5277343729890714 0.5873272110757557
0 0.536634765625 0.19472167968750007 0.43212767933248397 0.19440234298500364 0.4318349579443801 0.2901992217248838 0.5363420442368961 0.2905185584273802
0 0.38599902343750014 0.8790087890625001 0.2538431559731531 0.8757401301609988 0.25079394531250015 0.9990234375 0.3829498127768472 1.0022920964015012
0 0.6942109375000001 0.75623828125 0.610876953125 0.7443984375 0.5987311581367344 0.8298858401335096 0.6820651425117343 0.8417256838835095
0 0.31357812499999993 0.3830761718749999 0.30171459883727525 0.3086981254871204 0.1953601066497753 0.32566199267462037 0.20722363281249997 0.4000400390624999
0 0.11512597656250004 0.18750585937500003 0.024090820312500018 0.14527441406250002 -0.020252872717504034 0.24086278414590795 0.07078228353249597 0.28309422945840795
0 0.42421289062500006 0.03335058593750005 0.33602729161573414 0.03088956343498081 0.3333329556782342 0.12743546187248084 0.4215185546875001 0.1298964843750001
0 0.4256035200589138 0.5647839085772929 0.355876953125 0.5636435546875 0.35464843306608634 0.6387610132977072 0.4243750000000001 0.6399013671875
0 0.09599316406250011 0.6639560546875001 0.0035596249149253633 0.6552367258476023 -0.0050995547725746545 0.7470326242851023 0.08733398437500009 0.7557519531250001
0 0.3580417471251612 0.13013919103510402 0.33035631462279136 0.026754394782237567 0.268640625 0.04328125000000001 0.2963260575023698 0.14666604625286644
0 0.7336813313842524 0.851631289657068 0.7136971766645441 0.8095007890164869 0.6468967046552917 0.8411868821719187 0.666880859375 0.8833173828124998
0 0.527880859375 0.11120703125 0.5267159443446061 0.06130956741682447 0.4364892578125 0.063416015625 0.4376541728428939 0.11331347945817552
0 0.06664222437756825 0.5926072016324456 7.216449660063518e-17 0.5900849609375001 -0.0029693728150680916 0.6685412358675543 0.06367285156250009 0.6710634765624999
0 0.09903125 0.020419921875000004 0.09022562954841376 -0.019768964179222123 -0.0012773001390862483 0.0002798639457778703 0.0075283203125000005 0.04046875
0 0.4289560546875001 0.75796484375 0.35395410156250007 0.7541708984375 0.3483693441156324 0.8645751562069531 0.4233712972406325 0.8683691015194531
0 0.5199453124999999 0.05530957031249999 0.5179708300681333 0.002545123849227349 0.404533203125 0.006790039062499998 0.4065076855568666 0.05955448552577264
0 0.1471474609375001 0.7937236328125 0.00742408992354533 0.7598543887325309 -0.030547589763954643 0.9165018496700306 0.10917578125000013 0.9503710937499997
0 0.5457730649531415 0.28850586096890074 0.44030139042639027 0.28822753809302687 0.440142578125 0.34841015625000005 0.5456142526517513 0.34868847912587386
0 0.9995255619240224 0.8348446823896432 0.9629648437500002 0.8345634765625002 0.9624626929833932 0.8998501487674286 0.9990234111574153 0.9001313545945715
0 0.37396972656250005 0.5166708984375 0.2668232260991753 0.5099533816138263 0.25904002297417533 0.6340979128638262 0.3661865234375 0.6408154296874999
0 0.5067666273955587 0.7014988408361218 0.4190478515625 0.6995439453125 0.41691501322944136 0.7952472529138783 0.5046337890625 0.7972021484375
0 0.43222070312499994 0.9761640625000002 0.41793256856838035 0.8626910201282566 0.3632988281249999 0.8695703124999999 0.37758696268161956 0.9830433548717435
0 0.10331177286608476 0.2839092678807057 0.01101367187500002 0.2512744140625 -0.015617436928584683 0.3265926852442943 0.07668066406250004 0.3592275390625
0 0.9990234375 0.5645537109375002 0.9834833984375001 0.5645537109375002 0.9834833984375001 0.6254541015625001 0.9990234375 0.6254541015625001
0 0.9991258541837189 0.4867117847912617 0.9967558186156514 0.3701483859933994 0.9407471519319328 0.3712871871396377 0.9431171875000002 0.4878505859375
0 0.9990234375 0.22086523437500008 0.9881904296874999 0.22086523437500008 0.9881904296874999 0.3089326171875001 0.9990234375 0.3089326171875001