0 0.3474666370630298 0.4541407492122304 0.2743837890625 0.2178776046875 0.1650154178022667 0.2517083236892125 0.23809826580279644 0.48797146821394294
0 0.6654367403060768 0.8395829690521331 0.5813423978213628 0.8128644634715126 0.5378265559527862 0.9498270678568794 0.6219208984375001 0.9765455734374999
0 0.324662951019771 0.8344191626887885 0.22215917968750007 0.8222473953125 0.20536732241772918 0.9636589623112115 0.30787109375000005 0.9758307296875
0 0.448735918581213 0.699560286042126 0.38031445312500006 0.49114973906250003 0.28471622985628703 0.5225347655203743 0.3531376953125 0.7309453125
0 0.12963876583889516 0.8334809687031793 0.07465429687500003 0.6903854171875 0.0078037426110548315 0.7160727442022907 0.06278821157494999 0.8591682957179699
0 0.8944740864943842 0.7172666345512515 0.8126445312500001 0.7153294265625001 0.8098315775681162 0.8341513341987488 0.8916611328125003 0.8360885421875001
0 0.4713857542683299 0.8110333538330116 0.3791923828125 0.8091380203125 0.3765976441691702 0.9353520617919884 0.46879101562500003 0.9372473953124999
0 0.18810006813706973 0.7887464936962876 0.13550390624999997 0.6417239578125 0.0650572692252716 0.6669256910235297 0.11765343111234135 0.8139482269073174
0 0.9537360770429595 0.813197134673341 0.9337666015625 0.6824895828125 0.877520758661267 0.6910828122372985 0.8974902341417265 0.8217903640981395
0 0.7148846529229247 0.646213951363298 0.6514469420640522 0.6175962087241006 0.5946335782036274 0.7435359026733026 0.6580712890624999 0.7721536453125
0 0.9998045381251772 0.8025279286593943 0.9922578125000001 0.6613463546875 0.9306564795432003 0.6646391948570161 0.9382032051683774 0.8058207688289102
0 0.1147867207461752 0.5807477668840433 0.04999023437500001 0.4199427078125 -0.02782675980867517 0.45129910811595686 0.03696972656250001 0.6121041671875
0 0.5140639030719532 0.27681593371203295 0.410864717725042 0.22586693243210115 0.32609280684058894 0.3975757377825683 0.4292919921875001 0.4485247390625
0 0.84566017576714 0.9428746766442044 0.70319921875 0.9278841140624999 0.6957686824608275 0.9984992964571917 0.8382296394779676 1.0134898590388963
0 0.9605523498774586 0.17583167009227374 0.8284130859375003 0.12506250000000013 0.755753314185042 0.3141774439702265 0.8878925781250002 0.3649466140625001
0 0.3148526329049332 0.8099294082367932 0.27829003906249994 0.7232421875 0.17157607803256675 0.7682515808257069 0.20813867187500001 0.8549388015625
0 0.9991722195469948 0.3652211346779313 0.8973217437033766 0.36394800372988617 0.895255969468882 0.529209942489455 0.9971064453125003 0.5304830734375001
0 0.6901740951072236 0.5746613123406288 0.6059124279467137 0.516030792160233 0.5073213406519901 0.6577223438821044 0.5915830078125001 0.7163528640625001
0 0.32135470256316545 0.695913482460601 0.20588281249999998 0.55801171875 0.10732767646704797 0.6405367534336753 0.22279956653021338 0.7784385171442764
0 0.7460727486016607 0.6800188000646705 0.6950644528020666 0.668983073367633 0.672486821387906 0.7733392733029627 0.7234951171875001 0.7843750000000003
0 0.9259746083075193 0.05819966566322623 0.6988134765624999 0.03629427031250009 0.6913261727931953 0.11393835619737817 0.9184873045382146 0.1358437515481043
0 0.5981767571577128 0.7727505276273932 0.5108464667736691 0.7552653868448191 0.4873659986784564 0.872539598279926 0.5746962890625001 0.8900247390625001
0 0.9925834563749658 0.9047084230024595 0.9084726562500002 0.8753984375000001 0.8713103596687573 0.9820429972411624 0.9554211597937229 1.0113529827436216
0 0.815037128102392 0.7082344700539187 0.7329939975302789 0.6991028481356714 0.7208318694278869 0.8083735858942529 0.802875 0.8175052078125
0 0.9319833984375 0.006674479687500123 0.8206822427912532 -0.004573905341768936 0.8138091959162532 0.06343390715823105 0.9251103515624999 0.07468229218750011
0 0.0696319366133924 0.8817784444024868 0.04022460937500001 0.7924869796874999 -0.016154397550892385 0.8110548899725132 0.013252929687500003 0.9003463546875
0 0.4878572857851804 0.9302181715604128 0.41053710937500015 0.9143723953125 0.3934149030857022 0.9979209693998319 0.47073507949588256 1.0137667456477444
0 0.9990234375 0.16980989531250013 0.9615986328125 0.16980989531250013 0.9615986328125 0.28448567656250007 0.9990234375 0.28448567656250007
0 0.8081248761257278 0.35541787729921787 0.80494921875 0.1678606765625 0.7528809611915082 0.16874227932425706 0.7560566185672359 0.35629948006097495
0 0.650642578125 0.9785625000000001 0.5916386718750001 0.9608281250000001 0.5842223242585647 0.985502999613713 0.6432262305085646 1.003237374613713
0 0.1941083575146402 0.5425046035803455 0.11044531250000005 0.3528046875 0.032742387440299184 0.38707388198022097 0.11640543245493933 0.5767737980605665
0 0.04446191406250001 0.9978294265625 0.0426025390625 0.9157838546875 -0.0018562234008443173 0.9167914107269803 0.000003151599155690188 0.9988369826019803
0 0.4150654822164723 0.1995663160652716 0.3452451471990236 0.18713394551744106 0.3239189227950513 0.3069022653896695 0.3937392578125 0.3193346359375001
0 0.7127104972497132 0.9078110755335709 0.6362089843750002 0.8947877609375002 0.6193546455078971 0.9937934643108541 0.6958561583826104 1.006816778906925
0 0.6218405112331804 0.4851406108849227 0.54160546875 0.4378684890625001 0.4557844887668199 0.5835325656775776 0.5360195312500002 0.6308046875000002
0 0.308384765625 0.9986979171874998 0.304740234375 0.9580546874999998 0.23128667888990928 0.9646413633239282 0.2349312101399093 1.0052845930114283
0 0.5389660055316003 0.3736116521908802 0.4884921875 0.33596744843750004 0.38646172884339963 0.4727711603091199 0.4369355468749999 0.5104153640625
0 0.5542818862089574 0.4171969197905014 0.5075228164600796 0.38297871271155104 0.41917745368862225 0.5037023663585497 0.46593652343749997 0.5379205734375001
0 0.9990234375 0.028128906250000123 0.9717890625000001 0.028128906250000123 0.9717890625000001 0.17597916718750012 0.9990234375 0.17597916718750012
0 0.9990234375 0.8843893234375001 0.95911328125 0.8843893234375001 0.95911328125 0.9986979171874999 0.9990234375 0.9986979171874999