0 0.5128620928852128 0.49949869510646644 0.4411056146308335 0.4694280378275549 0.38848180299562074 0.5950022599085885 0.46023828125 0.6250729171875
0 0.4351836012348702 0.7617677320394984 0.360416015625 0.6237213546875 0.2710527268901297 0.6721215913980018 0.3458203125 0.8101679687500001
0 0.38654134107964744 0.6529853460003281 0.34003320312500007 0.5035104171875002 0.2616627604828527 0.5278948633746722 0.30817089843750006 0.6773697921875002
0 0.26122443847225957 0.7536094416674948 0.23617578125000005 0.6643294265625002 0.11367302246524047 0.6986991520825054 0.13872167968750002 0.7879791671875
0 0.24578930804098623 0.6690466592745097 0.22169433593749996 0.5794127609374999 0.0949753403965137 0.6134767782254903 0.11907031249999997 0.7031106765624999
0 0.20219919130059982 0.48362290391952223 0.172076171875 0.39528645781250005 0.05368850401190019 0.4356570429554779 0.08381152343750001 0.5239934890625001
0 0.5626314739943361 0.8871680816953498 0.5327968750000001 0.7510403640625 0.44721618225566384 0.7697967620546501 0.4770507812499999 0.9059244796874998
0 0.21966541695521613 0.5837773434565904 0.19463476562499996 0.4916966140624999 0.07621641898228379 0.5238867190434096 0.10124707031249999 0.6159674484375
0 0.2955498046875 0.9812265625000002 0.27088964843749996 0.8690221359375003 0.13126773473192882 0.8997080751057338 0.15592789098192883 1.0119125016682335
0 0.43782519531249997 0.9307200515625 0.40759863281250003 0.7807096359375001 0.3413007076823099 0.7940684308532981 0.3715272701823099 0.9440788464782981
0 0.17678296211643413 0.3970463852502617 0.157576171875 0.32457552031250003 0.0346115691335659 0.3571645522497383 0.05381835937500003 0.42963541718750003
0 0.2664200748128433 0.7639968202057187 0.18826363643588745 0.7618671865343429 0.18530156943554424 0.8705734913286243 0.2634580078125001 0.8727031249999999
0 0.35711426732561435 0.4889468473863328 0.30503027343750005 0.2802018234375 0.21318456079938572 0.3031182573011672 0.26526855468750005 0.5118632812499999
0 0.5710943543857531 0.5583783094734476 0.5131901221323096 0.5212400623382867 0.4470606114965566 0.6243461278648392 0.5049648437500001 0.6614843750000001
0 0.1502216796875 0.9926953124999999 0.13580468750000002 0.8916315109374999 0.0009002295764153123 0.9108759534171396 0.015317221763915301 1.0119397549796396
0 0.6208876130155858 0.631596497020467 0.565515625 0.58066015625 0.4710996916719143 0.6832980342295331 0.5264716796875 0.7342343750000001
0 0.05546805547159779 0.8150104590154988 0.032581054687500034 0.7018476562500001 -0.02195536015909776 0.7128775612970012 0.0009316406249999965 0.8260403640625
0 0.17830163122016987 0.3221006954794508 0.08186230468749998 0.1457291671875 -0.026276240595169875 0.20485894045804925 0.07016308593750001 0.38123046875
0 0.6667138671875 0.9976197921874999 0.6563535156250001 0.9364921875000001 0.5744183203751533 0.9503791610280838 0.5847786719376532 1.0115067657155836
0 0.7046546671089156 0.8286040107567612 0.6757661126439672 0.7419959295314393 0.5287344924100518 0.7910390547121783 0.5576230468750001 0.8776471359375
0 0.48450915633680564 0.9179047168383848 0.45618359374999995 0.8054973953125002 0.4029605702256943 0.8189090847241156 0.43128613281250006 0.9313164062500002
0 0.7909775390624999 0.9986979171875001 0.7909384765624999 0.9221510421875001 0.6576982164192505 0.9222190357883079 0.6577372789192505 0.9987659107883079
0 0.05214090376669735 0.6252373407283163 0.02780957031250003 0.5225807296875 -0.017428989704197307 0.5333030248966837 0.0069023437500000066 0.6359596359374999
0 0.030870708224936965 0.5445932805433034 0.03037988281249999 0.4400963546875 -0.0004908254124369734 0.44024135539419673 3.4694469519536144e-19 0.54473828125
0 0.46000628159687185 0.48431945425342315 0.35265527343749997 0.37550390625 0.29292340590312815 0.43443184730907686 0.40027441406250003 0.5432473953125
0 0.5900380859375 0.9986979171874999 0.58727734375 0.9682395828124998 0.505812307061837 0.9756235704206941 0.508573049249337 1.0060819047956944
0 0.7122367771845382 0.8072795123193426 0.6089267578124999 0.6323854171875 0.5388247462529617 0.6737947064306573 0.6421347656249999 0.8486888015624998
0 0.06368902325947812 0.25924729764680754 0.061408203125000005 0.0734283859375 -0.0016118748219781155 0.07420192110319243 0.0006689453125000002 0.2600208328125