0 0.6985988013157732 0.1776683033101995 0.5885771484375001 0.17674348906250006 0.5871931908717268 0.3413876857523007 0.6972148437500001 0.34231250000000013
0 0.6752482961907597 0.618427986284454 0.53955078125 0.6154140625000001 0.5355436959967405 0.7958272215280462 0.6712412109375001 0.7988411453125001
0 0.6646376316487995 0.7897346657298987 0.5618359375 0.788859375 0.5608701808512006 0.9022861670826012 0.663671875 0.9031614578125
0 0.8047954778884788 0.818557354236456 0.7180605468750001 0.8155729171875002 0.7139437799240216 0.9352160832635444 0.8006787109375002 0.9382005203125001
0 0.9484486474723081 0.15929733874554106 0.8300985141824049 0.14841925940868825 0.8147055307725969 0.3158901503506474 0.9330556640625002 0.3267682296875002
0 0.1335737001678178 0.15901721206139205 0.04999023437500001 0.09884895781250001 -0.02940768454281776 0.20914554731360804 0.05417578125000002 0.2693138015625
0 0.34460749348666175 0.6353457674218137 0.2651191406250001 0.6352591140625 0.2649833268258384 0.7598430341406863 0.3444716796875001 0.7599296875
0 0.6848872996452867 0.3335227691830577 0.5797108903658706 0.32971354048041884 0.572692731345584 0.5234915525473612 0.677869140625 0.5273007812500001
0 0.5438463048933352 0.35447658256397435 0.46789648437500003 0.35258203125000004 0.4637279138566649 0.5196939908735259 0.5396777343750001 0.5215885421875001
0 0.5336447673606084 0.5892943242168659 0.3944765625 0.5864817703125002 0.39155054513939175 0.7312642695331342 0.53071875 0.7340768234375
0 0.8323199303078102 0.5944402117761662 0.8030488281250001 0.4514544265625 0.7158145792799737 0.46931244376307557 0.7450856814627839 0.6122982289767419
0 0.1951302683312152 0.8476838861323724 0.11262243850750372 0.7909566129741925 0.018228498301288632 0.9282492893418202 0.10073632812500008 0.9849765625
0 0.4808437300529076 0.2615959124140231 0.39891441661424953 0.20093703915139835 0.2776488115613419 0.3647252407998754 0.35957812499999997 0.4253841140625001
0 0.7970610803730624 0.7165035774370868 0.7259745657256121 0.7141197907237791 0.7224349697275498 0.8196735054741925 0.7935214843750003 0.8220572921875002
0 0.48310248169264486 0.91352795040972 0.38025097656250006 0.9106080734374998 0.377750276524539 0.9986942377623402 0.4806017816546838 1.0016141147345603
0 0.48821150282000225 0.8445420034293543 0.39307910156250014 0.8419817703125 0.3910590049924981 0.9170439340706457 0.48619140625000024 0.9196041671874999
0 1.0039952465901245 0.6397317573620286 0.9781904296875 0.5092057296875001 0.899293195683714 0.5248036047922866 0.9250980125863384 0.6553296324668151
0 0.4934791110851361 0.7747829986485366 0.3935800781250001 0.7736067703125002 0.3927328029773642 0.8455672607264637 0.4926318359375002 0.8467434890625002
0 0.18191795826572438 0.5670096828531186 0.10724609310136668 0.5272018230917112 0.0544843848356424 0.6261726089885926 0.12915625000000008 0.6659804687500002
0 0.3396273190010134 0.4433943436627198 0.26204394531249997 0.3864700515625 0.17236975131148666 0.5086889891497804 0.24995312500000014 0.5656132812500001
0 0.7021392157788574 0.07488424324101461 0.6290214867245875 0.07123432636889253 0.6237055131332301 0.177727687815378 0.6968232421875 0.18137760468750005
0 0.8118359375000003 0.9986979171875001 0.8117304687500002 0.9357773437500001 0.7141550586980876 0.9359409016447661 0.7142605274480875 0.9988614750822661
0 0.8609342401706999 0.5934750552261113 0.7332499789169548 0.5914062496584017 0.7310960121837551 0.7243465584947903 0.8587802734375 0.7264153640625
0 0.4066689453125 0.022604167187500024 0.36208784268350735 -0.010882162789870198 0.30445893643350735 0.0658404934601298 0.34904003906250003 0.09932682343750002
0 0.6600810734087666 0.8975977038659305 0.5555947265625002 0.8941028640625002 0.5533632625287337 0.9608176601965696 0.6578496093750001 0.9643124999999999
0 0.3723815690628028 0.07019266947720526 0.29826953125 0.009026042187500027 0.2091643293746972 0.11698962271029478 0.2832763671875 0.17815625000000002
0 0.46662901381929067 0.4291189533021605 0.40930468750000004 0.42883593750000015 0.40882020493070953 0.5269669841978398 0.46614453125000016 0.5272500000000002
0 0.33639222172474575 0.7630014781493833 0.24062011718750004 0.7459557296875001 0.21759020015025438 0.8753500843506169 0.3133623046875001 0.8923958328125
0 0.5966786154461998 0.39714516114034515 0.5414208984375 0.39500390625000004 0.5366124001788001 0.5190931201096549 0.5918701171875 0.5212343749999999
0 0.7096376953124999 0.004503906250000101 0.6479271994898799 -0.013272725748455661 0.6298109885523798 0.04961659768904434 0.6915214843749999 0.0673932296875001
0 0.9168103684003996 0.8193292962513086 0.8211776583824866 0.8137265580479024 0.813423930607087 0.9460743446090939 0.909056640625 0.9516770828125001
0 0.9990234375 0.6266197921875002 0.9317880859375001 0.6266197921875002 0.9317880859375001 0.7458697921875002 0.9990234375 0.7458697921875002
0 0.8976538543401602 0.037065024924963434 0.7941913396927424 0.03176041377505286 0.7865687353525821 0.18043367010008954 0.89003125 0.1857382812500001
0 0.8872382812499999 1.1102230246251565e-16 0.7922284061028868 -0.0015344766884436006 0.7915789920403868 0.0386751592490564 0.8865888671875 0.04020963593750011
0 0.29118198636022774 0.13675911135875402 0.223357421875 0.08708854218750002 0.10856996676477226 0.24382943082874603 0.17639453125000001 0.29350000000000004
0 0.9461035156250002 0.9759700515624999 0.9298115234375001 0.9215117187499999 0.8491222546356401 0.9456510720691902 0.86541424682314 1.0001094048816903
0 0.9990234375 0.7733710937500001 0.9703681640624999 0.7733710937500001 0.9703681640624999 0.83908203125 0.9990234375 0.83908203125
0 0.6524335937500001 0.9986979171875001 0.6521005859375001 0.9560286453125002 0.5495214755787805 0.956829213113348 0.5498544833912805 0.9994984849883479
0 0.8911696303046597 0.7156262154168507 0.8122099609375001 0.7131914062500001 0.8086350571953405 0.8291237845831494 0.8875947265625002 0.83155859375
0 1.038881327481552 0.39688739505545534 0.98034494054763 0.28984410264347127 0.8231550193160778 0.37580306227551574 0.8816914062500001 0.4828463546874998
0 1.0025860141928713 0.7447363071990688 0.9693544921875 0.7416575515625 0.9657919154946285 0.7801113490509313 0.9990234374999998 0.7831901046875
0 0.0769786968698241 0.73789250561211 0.02766894531250008 0.6995065109375 -0.023035337494823872 0.7646400475128903 0.02627441406250015 0.8030260421875003
0 0.17958303292186192 0.27752795915752904 0.1289453125 0.24260546875000003 0.056408178015638064 0.347784540842471 0.10704589843750001 0.38270703125
0 0.530859506778251 0.16550389195496346 0.43851757812500003 0.13023958281250003 0.387889516659249 0.26281251429503666 0.48023144531249995 0.2980768234375001
0 0.23599947812657485 0.603904610085226 0.16330175781249998 0.479875 0.1115161468734251 0.5102282024147741 0.1842138671875 0.6342578125
0 0.9990234375 1.1724384556967887e-16 0.9144404296875001 1.1206463008068718e-16 0.9144404296875001 0.07564843750000012 0.9990234375 0.07564843750000014
0 0.1775115288028317 0.2725615603384881 0.1287829521278603 0.24198257626537334 0.06005072020002862 0.3515095581143853 0.10877929687500001 0.38208854218750005
0 0.8047880859375001 1.1102230246251565e-16 0.7601251833178935 -0.003219080907718841 0.7570714723803934 0.03914940815478115 0.801734375 0.042368489062500105
0 0.23056368373916766 0.9131294810274078 0.18166308593750005 0.8766210937500002 0.11614343180323931 0.9643803867195515 0.16504402960490694 1.0008887739969592
0 0.20324831217118203 0.03088186803191171 0.15964939560618147 -0.00544612792130379 0.1171559662474995 0.045552211859284535 0.16075488281250006 0.08188020781250002
0 0.06067953043005851 0.8809830378316079 0.01763378906250006 0.8078046875000002 -0.01215379878690892 0.8253266567261258 0.030891942580649534 0.8985050070577335
0 0.28025777628494636 0.9408788298129224 0.1852841796875001 0.9404778640625 0.18503838248361457 0.9986979101936466 0.2800119790810608 0.999098875944069
0 0.26342871093750003 0.022141926562500004 0.2237704457724722 -0.01219489076267608 0.1740321645224722 0.04525172486232393 0.21369042968749996 0.07958854218750001
0 0.9990234375 0.8371054687499999 0.9853300781250001 0.8371054687499999 0.9853300781250001 0.8928515625 0.9990234375 0.8928515625
0 0.13626417506364844 0.3695594230892986 0.07668945312500004 0.32814843750000006 -0.03375733912614831 0.4870395347232014 0.025817382812500077 0.5284505203125001
0 0.5794526928583295 0.1004959691600578 0.5092021484374999 0.05152213593750012 0.44942035401667024 0.13727616677744242 0.5196708984374999 0.18625000000000008