0 0.9498623046875 0.13428320312500014 0.8387633697119637 0.1333642553131777 0.8377529296206916 0.2555244221395224 0.9488518645962278 0.25644336995134487
0 0.9248471866808217 0.4655556790595483 0.7897539062500002 0.46155957031250006 0.7858149226941786 0.5947216646904518 0.920908203125 0.5987177734375001
0 0.8995371093750002 0.8005263671874999 0.8993721617838857 0.715729492009569 0.797458984375 0.715927734375 0.7976239319661145 0.8007246095529309
0 0.9143681640624999 0.5925302734375001 0.8117802734374999 0.5911953125000001 0.8106706990146435 0.6764629007378025 0.9132585896396435 0.6777978616753024
0 0.37255078125 0.13479687500000004 0.25976730222030453 0.042632587036483406 0.18697753906249998 0.13170703125000008 0.29976101809219546 0.22387131921351672
0 0.5949931649318676 0.4764937097100074 0.5153388671875001 0.47633300781250004 0.5151494120962761 0.5702392558383264 0.5948037098406437 0.5703999577358336
0 0.9357041015625003 0.25266992187500015 0.8301035156250001 0.2473349609375001 0.822863341729482 0.3906474639929346 0.9284639276669822 0.3959824249304347
0 0.7934003906250002 0.26687304687500013 0.7179658259654209 0.2644724786147149 0.7140146484375 0.3886328125000001 0.7894492130970792 0.39103338076028527
0 0.7833642578124999 0.4438105468750001 0.6446718808905663 0.4399831849806396 0.6417265624999999 0.5467128906250001 0.7804189394219335 0.5505402525193606
0 0.428298828125 0.6520791015625 0.36011577075703755 0.5934505480805338 0.28722363281250013 0.6782216796875 0.35540669018046256 0.7368502331694662
0 0.5345990314299176 0.7510152407244178 0.48328222656250003 0.6977832031250001 0.4005240154450823 0.7775638608380824 0.45184082031249995 0.8307958984375002
0 0.12292390430193875 0.7040677336175747 0.03990136718750008 0.6939609375 0.02944031254116066 0.7798935404266233 0.11246284965559934 0.7900003365441981
0 0.713048449467528 0.21452771849327384 0.648899899157669 0.15079638672914494 0.545075082502641 0.25530089479837115 0.6092236328125 0.3190322265625
0 0.7364521484375002 0.6336445312500002 0.6443833786758459 0.6312861223001456 0.6429530737213467 0.6871230955921868 0.7350218434830008 0.6894815045420415
0 0.9005585937499999 0.7952255859374999 0.8044345755843259 0.7941303966704267 0.8036005859375001 0.8673291015625001 0.8997246041031742 0.8684242908295735
0 0.7536669921875001 0.9351513671875002 0.7077353515625 0.8876777343750002 0.6223794087612664 0.9702612287841749 0.6683110493862665 1.017734861596675
0 0.5902402343750002 0.7959589843750002 0.5273095200379715 0.7466472553884637 0.4458089652587752 0.8506567524498887 0.5087396795958039 0.8999684814364255
0 0.18273437500000006 0.317884765625 0.09262003574018719 0.2251288224151477 0.03707519531249999 0.279091796875 0.12718953457231286 0.37184774008485233
0 0.952473831381574 0.05824903858172956 0.8787570401540237 0.052626894220637835 0.8727216796875 0.13176171875000012 0.9464384709150504 0.13738386311109183
0 0.9026074218750002 0.6723056640625 0.8047138354994747 0.6691074152353027 0.8030126636244747 0.7211777277353028 0.9009062500000002 0.7243759765625002
0 0.7434101562500001 0.5808925781250001 0.6436060186919204 0.5799238145047959 0.6430771389592447 0.6344101561579979 0.7428812765173245 0.635378919778202
0 0.7303095703125002 0.6890771484375001 0.6417783616413912 0.6748649769268908 0.6242919921875002 0.7837919921875002 0.7128232008586092 0.7980041636981094
0 0.36546582031249997 0.8536962890625002 0.2934650320773418 0.8064225647283815 0.23900781250000006 0.8893642578125001 0.31100860073515824 0.9366379821466186
0 0.42013964843749985 0.4397246093750001 0.35575661649552215 0.39686947030167763 0.31654372587052226 0.45578060311417756 0.38092675781249996 0.49863574218749995
0 0.5866419751062433 0.3114908908358743 0.4729765625 0.27874609375000003 0.43493126708125673 0.4108108669766259 0.5485966796875 0.44355566406250013
0 0.11339941406250001 0.882740234375 0.08430061420532375 0.831606961196548 0.008581792356430817 0.8746968458341428 0.03768059221360707 0.9258301190125948
0 0.7104330863423642 0.8933197138150177 0.5896502674709504 0.7960360336189283 0.5058652343750001 0.9000595703125001 0.6266480532464139 0.9973432505085894
0 0.5843671875 0.5818828125000002 0.49081920682404406 0.5598169536251627 0.4700760427615441 0.6477573833126626 0.5636240234375001 0.6698232421875001
0 0.9026670437075982 0.8705334904424884 0.8065859375000002 0.8633515625000001 0.8009384039714149 0.9389052680114183 0.8970195101790128 0.9460871959539064
0 0.6055771484374999 0.06882910156250013 0.5493496093749999 0.005767578125000128 0.47644258292433667 0.07077366193374712 0.5326701219868366 0.1338351853712471
0 1.0030132427346259 0.6156012615943882 0.9684833984375002 0.6139980468750001 0.9644860244690033 0.7000930028783096 0.9990158687661289 0.7016962175976976
0 0.646875 0.021911132812499946 0.6136136071719014 -0.008344742231365698 0.5657669274844014 0.04425486714363434 0.5990283203125 0.07451074218749998
0 0.7165703138113514 0.32200762720507836 0.6593310546875 0.3216025390625 0.6588115221261487 0.39501288060742173 0.7160507812500001 0.39541796875
0 1.0001815150918327 0.7226509989733483 0.960845703125 0.7220996093750001 0.9596874002393598 0.8047322608553242 0.9990232122061926 0.8052836504536722
0 0.1789759517518516 0.4605674891338142 0.09478906250000008 0.4251787109375 0.05877404824814845 0.5108553624286859 0.1429609375 0.546244140625
0 0.8463877735095213 0.29915662918984504 0.7912841796874999 0.2964189453125 0.7867303905529786 0.3880767692476551 0.8418339843749999 0.39081445312500007
0 0.31559493960668755 0.5674490270535391 0.2550552271463741 0.500167483177963 0.19932812500000002 0.550310546875 0.2598678374603135 0.6175920907505761
0 0.9596982421874998 0.0016904296875001723 0.9002607780850116 -0.019100688560987768 0.8832480468749999 0.02953515625000014 0.9426855109774881 0.050326274498488074
0 1.000622142738128 0.8077581418639375 0.9573105468750001 0.8071142578125002 0.9557115196932255 0.9146746468555147 0.9990231155563535 0.9153185309069519
0 0.9993185712896496 0.9174262335467605 0.9544453125000001 0.917208984375 0.9541501718664753 0.9781708831946292 0.9990234306561249 0.9783881323663897
0 0.5267934618765238 0.11773680127681443 0.4736357320065552 0.06566502908954139 0.3732392578125 0.1681552734375001 0.4263969876824687 0.22022704562477316
0 0.7959326171875002 0.7599951171875003 0.7395836631011491 0.7141056406654919 0.667731834721585 0.8023344827713427 0.7240807888079361 0.8482239592933511
0 0.9990234375 0.5590185546875002 0.96960546875 0.5590185546875002 0.96960546875 0.6170927734375001 0.9990234375 0.6170927734375001
0 0.1205380859375 0.36134374999999996 0.041013671875000025 0.26792187500000003 -0.03467262981714496 0.3323490639707356 0.044851784245355006 0.4257709389707355
0 0.7768115234374999 0.9564658203125 0.7464736328124999 0.9276562500000003 0.6973440833453004 0.9793920753533112 0.7276819739703004 1.008201645665811
0 0.06941796875000002 0.569744140625 0.026467746710336647 0.5161465993007128 -0.020661159539663344 0.5539132008632128 0.022289062500000022 0.6075107421875
0 0.8455654296875001 0.47172851562500007 0.7854201042251763 0.46878316423196303 0.7806181593898822 0.5668409157293408 0.8407634848522061 0.5697862671223779
0 0.7721142578125 0.13957421875000012 0.6877510867107706 0.09831227479351416 0.6469365234375 0.18176074218750005 0.7312996945392294 0.223022686143986
0 0.9990234375 0.3517958984375001 0.9792138671874999 0.3517958984375001 0.9792138671874999 0.4644101562500002 0.9990234375 0.4644101562500002
0 0.26004245438152845 0.6333279002607084 0.20718847656250006 0.547353515625 0.14836308690402283 0.5835172619940959 0.20121706472305126 0.6694916466298043
0 0.9971953125000004 0.9737080078125002 0.9543296820359618 0.9731699169029071 0.9540185546875002 0.9979550781250003 0.9968841851515388 0.9984931690345935
0 0.42554266490916454 0.2152936723556796 0.3861268890795606 0.17891957694751026 0.31904199218749996 0.25161425781249996 0.3584577680171039 0.28798835322066935
0 0.47742022081953744 0.44181873947772277 0.41316406250000004 0.3601181640625001 0.3699850526179625 0.3940777448972773 0.4342412109374999 0.4757783203125
0 0.05132619770865097 0.9965652713260365 0.05100097656250001 0.924794921875 -0.00032522114615095505 0.9250275021114633 0 0.9967978515624999
0 0.4826817403772471 0.7055350370532636 0.4250849609375001 0.657333984375 0.3560038064977531 0.7398809785717365 0.41360058593750004 0.7880820312500001
0 0.5109375 0.02659765625000001 0.47814268538480176 -0.011861234774649976 0.4321446385098017 0.02736239803785003 0.46493945312499996 0.06582128906250002
0 0.03135840149821422 0.046685484249872906 0.031210937301261742 0.002652284406230109 0.0031982389280475233 0.0027460970313572006 0.0033457031249999993 0.046779296875
0 0.23197292915448792 0.6512546384501822 0.16540039062499998 0.5769062500000001 0.10712494924232092 0.6290868573761887 0.17369748777180885 0.7034352458263708
0 0.1591202003537163 0.7018409249649091 0.10068820695215508 0.6283128850003921 0.06505140503593876 0.656633092847983 0.12348339843749997 0.7301611328125002
0 0.9996659044606437 0.6974454839120476 0.9647392578125003 0.6969052734375001 0.9640966695505832 0.7384510305482266 0.9990233161987266 0.7389912410227741
0 0.9990234375 0.44583984375000013 0.9787060546875 0.44583984375000013 0.9787060546875 0.5505634765625003 0.9990234375 0.5505634765625003
0 0.12678222656250004 0.5845185546875001 0.09185839843750006 0.5411435546875001 -0.024164330554984036 0.6345604502708309 0.010759497570015953 0.6779354502708308