0 0.2639873064489774 0.627874377797444 0.263408203125 0.5113749999999999 0.1469804669885226 0.511953747202556 0.14755957031249997 0.6284531250000001
0 0.7257645890841512 0.8508321001569461 0.6065380320649646 0.8418749959527311 0.5977578125 0.9587470703125002 0.7169843695191866 0.9677041745167152
0 0.3456865234375 0.8686406249999999 0.3370561864622024 0.8069237550738964 0.22450931146220238 0.8226620363238965 0.23313964843749996 0.88437890625
0 0.254779296875 0.1378974609375 0.19141297126780285 0.10275188952446786 0.1468960248909989 0.1830145003097544 0.21026235049819605 0.21816007172278656
0 0.9439648437500002 0.7900869140625002 0.8354638222522329 0.7846464039642087 0.8304804238147329 0.8840311695892087 0.9389814453125002 0.8894716796875001
0 0.6529570312499999 0.67675390625 0.6189662408609988 0.5950228564612486 0.5072318658609989 0.6414916064612487 0.5412226562500001 0.72322265625
0 0.37346679687500006 0.9279521484375 0.36691144373748014 0.8683290673773657 0.24336035156250002 0.8819130859375001 0.24991570470001995 0.9415361669976343
0 0.16204303079893448 0.32755291505145234 0.12565527343750002 0.22159765625000002 0.041943297326065575 0.25034649901104783 0.07833105468750003 0.35630175781250006
0 0.31041796874999994 0.4038056640625001 0.281655988423333 0.3129015170195896 0.19937988281250002 0.33893359375 0.228141863139167 0.4298377407929105
0 0.13045792070651546 0.22984242420385628 0.09034068987115651 0.12766861309392674 0.01853218322714108 0.15586329826507048 0.058649414062500016 0.258037109375
0 0.12988769531250002 0.76834375 0.11158340260931203 0.6809950344561587 -0.014996675515687974 0.7075204250811588 0.0033076171875000117 0.7948691406250001
0 0.3486811324725747 0.4984485331649872 0.26656868618187 0.4753084106422548 0.2428328662092954 0.5595346821647678 0.3249453125 0.5826748046875002
0 0.17197908338384899 0.8911529394384614 0.15489913102966058 0.8218992430181489 0.0479356726458116 0.8482795067046878 0.06501562500000002 0.9175332031250003
0 0.39538769531249995 0.9864785156250002 0.38283398437499994 0.9210478515625 0.25922446964492935 0.9447639201563278 0.27177818058242936 1.010194584218828
0 0.7051347656249998 0.825546875 0.6867618227648133 0.7536923562162853 0.570443359375 0.7834345703125002 0.5888163022351864 0.8552890890962148
0 0.19468580759619333 0.9657698593183662 0.17928320312499998 0.8886962890625 0.06622727834130666 0.911289710994134 0.08162988281250001 0.9883632812500002
0 0.15518274665207038 0.8251315679683063 0.13885932085412847 0.7577575890161029 0.026578917952058023 0.7849609819852965 0.04290234374999995 0.8523349609374999
0 0.42888399835069835 0.5514342453033991 0.39674504212849815 0.4513796491397553 0.32083272346529973 0.47576376321135616 0.35297167968749993 0.5758183593750001
0 0.8928232421875002 0.7385478515625001 0.8251516126468431 0.736183568207021 0.8230117187500001 0.7974326171875002 0.8906833482906572 0.7997969005429794
0 0.6853362247042893 0.7344157702680538 0.6282939453124998 0.6676445312500001 0.5536100643582105 0.7314465344194465 0.61065234375 0.7982177734375002
0 0.21402734375000004 0.43405078125000013 0.17296641520439834 0.32045556908154005 0.07458262614189834 0.35601806908154005 0.11564355468750002 0.4696132812500002
0 0.333529296875 0.8088320312500002 0.32322265625 0.7500058593750001 0.21085671344473664 0.7696929366412897 0.22116335406973664 0.8285191085162898
0 0.9061943359375002 0.6489414062500001 0.8019863225052634 0.6446095101882853 0.7976601506302632 0.7486798226882854 0.9018681640625001 0.7530117187500001
0 0.31103222656249996 0.181515625 0.2633182503933273 0.14064856474059179 0.2074842660183273 0.2058370413030918 0.2551982421875 0.2467041015625
0 1.001451277083308 0.7803841308698963 0.9479765625000003 0.7790000000000001 0.9455471964569071 0.8728564832258419 0.9990219110402148 0.8742406140957382
0 0.5808469741148286 0.5277849465910369 0.4889801401736231 0.3987749292001063 0.412837890625 0.4529951171875001 0.5047047245662054 0.5820051345784306
0 0.9982500033904598 0.9988135159109168 0.9981669921875002 0.9500302734374999 0.9471132778595406 0.9501171481515831 0.9471962890625003 0.998900390625
0 0.09896099365095212 0.5733323504447233 6.661338147750939e-17 0.5557041015624999 -0.019835017088451968 0.6670533917427766 0.07912597656250009 0.6846816406249999
0 0.356486328125 0.23561523437499998 0.3157991707273989 0.1854809832492464 0.23545542072739883 0.2506850848117464 0.2761425781249999 0.30081933593749993
0 0.9489912109375002 0.9548710937500001 0.8636954341819422 0.95343828175311 0.8629296875 0.9990234375000002 0.948225464255558 1.0004562494968903
0 0.8437939453125001 0.949228515625 0.7564230342512792 0.9475924476984764 0.7554599609375 0.9990234374999998 0.8428308719987209 1.0006595054265235
0 1.001152412263976 0.7151544473537463 0.9768583984374999 0.5748203125 0.9237023312910446 0.5840224516058058 0.9479963451175208 0.7243565864595521
0 0.47456027057229566 0.5195310252559289 0.44992382812500004 0.4427685546875 0.39653398673192874 0.45990369566212647 0.42117042917922437 0.5366661662305553
0 0.3203125 0.7487050781250001 0.28748891816578614 0.6267537489030977 0.18185955616250066 0.655184222190534 0.2146831379967145 0.7771355514124363
0 0.4405107421874999 0.37517773437500007 0.4245519671264427 0.3083222156606261 0.29118261718749994 0.34015820312499995 0.3071413922485572 0.40701372183937384
0 0.037963867187500014 0.49865624999999997 0.03201855468750001 0.3981953125 -0.005361313963351993 0.40040746585899356 0.000583998536648006 0.5008684033589935
0 0.6094687500000001 0.5922119140625001 0.5846601902507359 0.5370585784561055 0.46962695312499997 0.5888017578124999 0.4944355128742641 0.6439550934188945
0 0.19190039062500003 0.10225195312500002 0.10070389533223234 0.028077957264135013 0.05313671875000001 0.08656152343750002 0.14433321404276772 0.16073551929836502
0 0.121927734375 0.07658984375000004 0.05088979897569472 -0.009975123334725274 -0.02572445883680527 0.052896946977774695 0.0453134765625 0.13946191406250003
0 0.0872158974377661 0.13168477617003754 0.054341796874999994 0.04393945312500001 -0.006242264625266123 0.06663748945496248 0.026631835937499987 0.15438281250000002
0 0.19824609375 0.99590625 0.19141190287180224 0.95842562529089 0.08558691406249999 0.9777216796875002 0.09242110494069776 1.01520230439661
0 0.5714628906250001 0.8881093750000002 0.5630488281250001 0.8572998046875 0.5044541542853616 0.8733019508665334 0.5128682167853615 0.9041115211790334
0 0.45142648786381556 0.34205169626223964 0.3595527343749999 0.22308203125000006 0.29823464494868424 0.2704346318627605 0.3901083984374999 0.38940429687500006
0 0.02508789112192712 0.40742989426482284 0.025050781250000004 0.31906054687499996 -0.00003710987192711791 0.31907108229767717 2.168404344971009e-20 0.40744042968749994