0 0.15000311127312987 0.7084736640730724 0.13757322264659924 0.6394862196705443 0.03135058593750001 0.658625 0.043780474564030655 0.7276124444025281
0 0.7555728605572465 0.638015959089052 0.6910926259328937 0.6018065577925861 0.6456337890624999 0.6827578125 0.7101140236868527 0.7189672137964658
0 0.48491424836453606 0.7531581646028322 0.4707226160281309 0.6846853528096241 0.3555419921875 0.7085576171875002 0.3697336245239051 0.7770304289807084
0 0.43961333861884777 0.6158144382059619 0.42158398437500005 0.5464853515625 0.31659173950615227 0.573789077419038 0.33462109375 0.6431181640625001
0 0.6315157239130798 0.7275422313394446 0.5901903263482436 0.6276257267089499 0.5169792899351637 0.6579057609945052 0.5583046875 0.7578222656249999
0 0.6710697229678709 0.8075074392631313 0.6137782635221627 0.7181981536593929 0.5356733843042918 0.7683020425212616 0.59296484375 0.8576113281249998
0 0.1426524106242965 0.23223523476449567 0.07543847656250001 0.1937509765625 0.028361261250703484 0.2759727730480043 0.0955751953125 0.31445703125
0 0.18725707010943632 0.8404578673307264 0.17919921875 0.77101171875 0.06348023457806366 0.7844386170442735 0.07153808593749997 0.8538847656249999
0 0.4998000576655988 0.8170197441925529 0.48520981650950984 0.7484163130859303 0.37525546196891096 0.7718008657683773 0.389845703125 0.840404296875
0 0.8052529660759294 0.8279864557550898 0.7165332031250001 0.8241835937500002 0.712552692592633 0.9170478497715511 0.8012724555435623 0.9208507117766407
0 0.45908789062500005 0.689703125 0.444134765625 0.6184677734374999 0.3369305586693039 0.6409711776037297 0.35188368366930395 0.7122065291662297
0 0.2449193037850271 0.29500427719487643 0.19746021431331856 0.2669126578744002 0.14298426990329152 0.35894646661702384 0.19044335937500007 0.38703808593750005
0 0.19946191406249997 0.9638457031250001 0.18588909372038348 0.9085360292929672 0.10755175781249997 0.9277597656249998 0.12112457815461648 0.9830694394570327
0 0.20431445312499993 0.9161982421875001 0.19075980792488184 0.8322617119191259 0.08496195636238185 0.8493466728566258 0.09851660156249999 0.933283203125
0 0.16746992657848409 0.7720761481588041 0.15995800781249997 0.70872265625 0.04773319842151591 0.7220293205911957 0.05524511718749999 0.7853828124999999
0 0.10083691406249999 0.51445703125 0.0610871971883451 0.4163573071532484 -0.024410849686654877 0.45100086184074845 0.015338867187500016 0.5491005859375
0 0.5456162109374999 0.9857998046875002 0.5215781249999999 0.9028574218750002 0.3868115212241367 0.9419150314253854 0.41084960716163665 1.0248574142378852
0 0.3170596516715649 0.3530057381155757 0.253345703125 0.31025683593750003 0.19175577801593519 0.4020518790719244 0.2554697265625001 0.44480078125
0 0.7260610562770913 0.9124840780558156 0.6530322265625 0.8150527343750001 0.5655317171604086 0.8806379922566846 0.638560546875 0.9780693359375
0 0.3077333984375 0.85187109375 0.27896182116309104 0.7734655671519932 0.21730566406250004 0.7960908203125001 0.246077241336909 0.8744963469105068
0 0.07966719440454564 0.18630713277788927 0.004811523437500009 0.15505859375000003 -0.02895039752954558 0.2359350547221108 0.045905273437500047 0.26718359375000006
0 0.2012550119419499 0.26802614325693624 0.138517578125 0.23184863281250007 0.08293829765160692 0.32823175557183454 0.14567573146855678 0.3644092660162707
0 0.5160400390625002 0.8242255859374998 0.4379931640625002 0.8215019531249999 0.4351956805477187 0.9016650519064076 0.5132425555477187 0.9043886847189075
0 0.19584472656250002 0.9990234375 0.19206082348685535 0.9645980495648377 0.12279101562500001 0.9722119140625003 0.1265749187006447 1.0066373019976624
0 0.41851678674469583 0.5486405402009585 0.4070986235865373 0.4936552290089506 0.2940632821543415 0.5171279700579922 0.30548144531250004 0.57211328125
0 0.3852343750000001 0.9889267578125001 0.3611217834262222 0.915086035521929 0.2511533203125 0.95099609375 0.27526591188627786 1.0248368160405712
0 0.9161367187500001 0.998654296875 0.9062871093750001 0.9526416015624999 0.8258387242163593 0.9698626133567579 0.8356883335913594 1.015875308669258
0 0.12318196825704253 0.563603216145348 0.06565722656250009 0.5006708984375001 -0.004567710444542383 0.5648616276046521 0.052957031250000064 0.6277939453125001
0 0.27955078125000005 0.6490732421875001 0.2638876341191903 0.5799128786285507 0.22016400130669028 0.5898152223785507 0.23582714843750002 0.6589755859374999
0 0.810339341707604 0.6812855792558252 0.763384765625 0.6410351562500001 0.707901869229896 0.7057593426191751 0.7548564453125 0.7460097656250001
0 0.32200878906249997 4.4408920985006264e-17 0.21285915785730397 -0.03613326588810671 0.18226464843749998 0.056285156250000024 0.291414279642696 0.09241842213810678
0 0.9347060546874999 0.8772734374999999 0.919677734375 0.8129541015624999 0.7917988755086174 0.8428332106084703 0.8068271958211172 0.9071525465459702
0 0.9980615234374998 0.9990234375 0.9976626665689684 0.9434190751833252 0.9025175781250001 0.9441015625 0.9029164349935315 0.9997059248166748
0 0.2687216796875 0.9990234375 0.26498769740671335 0.9657921749742313 0.20634179687499996 0.9723818359375 0.21007577915578662 1.0056130984632687
0 0.856103876778492 0.7357799831183434 0.81594140625 0.685818359375 0.7354195607215082 0.7505471653191568 0.7755820312500001 0.8005087890624999
0 0.4101201171875 0.4730146484375 0.3334273535328933 0.36147014921560816 0.24561097849327815 0.4218485680789178 0.3223037421478848 0.5333930673008097
0 0.2501731268176983 0.43691077862912825 0.20835045025996984 0.404408097682598 0.15355566406250004 0.4749150390625 0.1953783406202285 0.5074177200090302
0 0.7320179687499999 0.931425 0.7061891601562501 0.85393857421875 0.6553505859375001 0.8708847656250001 0.68117939453125 0.94837119140625
0 0.13314746093750002 0.6431201171875001 0.12128360613214947 0.5818837109844643 0.013791992187500001 0.602708984375 0.025655846992850527 0.6639453905780357
0 0.04217005998703133 0.42620963309036614 0.01989746093750001 0.32159472656250004 -0.018368302174531302 0.32974153878463397 0.003904296875000013 0.43435644531250006
0 0.03627343750000012 0.968580078125 1.1868274576147001e-16 0.968580078125 1.2054686389216435e-16 0.9990234375 0.03627343750000012 0.9990234375
0 0.8401650390625001 0.9984335937500001 0.836953125 0.9760371093749999 0.7557977044914999 0.9876757322952262 0.7590096185540001 1.0100722166702263
0 0.02682128964251228 0.9844601383336627 0.02658203125 0.9112832031250001 0.00005371035748771777 0.9113699397913375 0.00029296875 0.9845468750000002
0 0.6932402883167619 0.6009432889044113 0.6026904296875 0.5316318359375001 0.5595346849066074 0.5880113579598687 0.6500845435358693 0.6573228109267799
0 0.5894151567442287 0.6279153931844166 0.5518447265625002 0.5148603515625 0.48561511669327134 0.5368697630655834 0.523185546875 0.6499248046874999
0 0.9519492187499999 0.8432841796874999 0.8589295539991303 0.723372874779524 0.8003050543847327 0.7688500823247486 0.8933247191356024 0.8887613872327247