0 0.2987314453125001 0.8564335937499999 0.19429108185859031 0.8500457920828091 0.18785351562500008 0.9552998046875001 0.2922938790789099 0.961687606354691
0 0.9376074218750002 0.19757812500000008 0.8325029296875002 0.07606054687500005 0.7369497221857418 0.15870761330211605 0.8420542143732419 0.28022519142711605
0 0.16059422797210887 0.6425740284818691 0.0811118109977115 0.6100154227684654 0.044201171875000035 0.7001220703125001 0.12368358884939741 0.7326806760259037
0 0.5130380973508217 0.8402760100888326 0.4140830078125002 0.8371132812500001 0.4104804573366786 0.9498294586611677 0.5094355468750001 0.9529921875000003
0 0.926061645604037 0.6467464026621705 0.884375 0.5413369140625 0.8194022215834629 0.5670319176503293 0.8610888671874999 0.6724414062499999
0 0.5014952333341232 0.7822386917140548 0.467748046875 0.6629755859375001 0.37642761822837684 0.6888159957859452 0.41017480468749995 0.8080791015625
0 0.6498068889832963 0.49897856265668805 0.5887481505118439 0.48741585031879653 0.5730809099660478 0.5701492017246086 0.6341396484375001 0.5817119140625
0 0.3946027585632309 0.5387627020041645 0.31269257347630547 0.5362656010412165 0.3100009477255747 0.6245566099745519 0.3919111328125001 0.6270537109375
0 0.6238164062499999 0.08538378906250005 0.5137177734375001 0.07189160156250006 0.5009794436999288 0.17583862189715066 0.6110780765124286 0.18933080939715063
0 0.15027636718750012 0.7417968750000001 0.09567090672700926 0.722060523940038 0.07006933593750012 0.7928935546875001 0.12467479639799098 0.8126299057474622
0 0.7268076171875001 0.7401357421875 0.6177441523225746 0.7391013057551875 0.6167060640369323 0.8485497955137549 0.7257695289018578 0.8495842319460672
0 0.5817802734375 0.5007675781250001 0.5070068267858394 0.4978576570364317 0.5038261627233395 0.5795881257864316 0.5785996093750001 0.582498046875
0 0.20769044306272005 0.49696677501206477 0.15257910156250004 0.4632509765625 0.10236326787477998 0.5453330296754354 0.157474609375 0.5790488281250001
0 0.7589248110302212 0.8482489506500379 0.6687558593750002 0.8403916015625003 0.660783196782279 0.9318838618499626 0.7509521484375001 0.9397412109375003
0 0.5133085937499999 0.5880341796875002 0.4928515625 0.4954345703125 0.4318202232399475 0.508917564710631 0.4522772544899475 0.6015171740856311
0 0.44082714843749987 0.13825976562500003 0.31208029911741353 0.10141719648906267 0.27514768192991357 0.23047871992656263 0.4038945312499999 0.26732128906249997
0 0.7937919921875001 0.066431640625 0.7875833688622953 -0.005399445269353598 0.6739775390625 0.004419921874999999 0.6801861623877048 0.07625100776935359
0 0.8955478515624999 0.9053554687499998 0.8584462890624998 0.8215527343750001 0.7990320048824421 0.8478569211576785 0.836133567382442 0.9316596555326783
0 0.6144892578125001 0.07025878906249998 0.5756745830127455 -0.014579000142677679 0.4757165752002456 0.031153421732322318 0.51453125 0.11599121093749998
0 0.5707431640625 0.26671093750000013 0.42785519441196695 0.26088573100338364 0.4225175781250002 0.3918134765625001 0.5654055477755333 0.3976386830591166
0 0.31895703125000013 0.7104697265625 0.20022910058974247 0.7015652538357039 0.19385351562500008 0.78657421875 0.31258144628525775 0.7954786914767962
0 0.19292872789591714 0.9584486664143912 0.18857812499999999 0.849615234375 0.12502342054158283 0.8521558257731089 0.12937402343749999 0.9609892578125001
0 0.1280009765625 0.9503984375 0.1271572230931941 0.8535679612319974 0.052471679687499995 0.8542187499999999 0.05331543315680588 0.9510492262680025
0 0.4521236211143654 0.6041991008096834 0.43312109374999996 0.5116777343749999 0.3782830501987845 0.5229406616678635 0.39728557756314975 0.615462028102547
0 0.9787851562500001 0.9255732421874999 0.9650610702052559 0.7781131416552406 0.8758198592677559 0.7864188057177406 0.8895439453125 0.9338789062499998
0 0.6231418546851908 0.9351972502179174 0.6170048828125 0.8343730468749999 0.5556679131326947 0.838106508139264 0.5618048850053855 0.9389307114821814
0 0.17435063128533418 0.4504697566518471 0.108357421875 0.3854619140625 0.02203022808966577 0.47309762616065293 0.08802343749999997 0.53810546875
0 0.5746310043853537 0.7425165214473954 0.5589912109375001 0.6458320312499999 0.5104276142664352 0.653687734056827 0.5260674077142887 0.7503722242542226
0 0.2442793403658972 0.5158064915142118 0.1952656250000001 0.5015107421875001 0.17407319869660298 0.5741700709857884 0.22308691406250009 0.5884658203125002
0 0.4242041198964247 0.043074937071469976 0.1984824957562693 0.027049740601287075 0.19430957031250004 0.08582714843750003 0.42003119445265547 0.10185234490768294
0 0.8114765625 0.125853515625 0.7953436021484971 0.056874058017105544 0.6871570787109971 0.08217679239210554 0.7032900390625001 0.15115625
0 0.8499013671875002 0.667421875 0.8243481754001767 0.6167458319706021 0.7345346988376767 0.6620339179081021 0.760087890625 0.7127099609375
0 0.4121318911775491 0.9476971343112599 0.39586132812499997 0.8198505859375 0.2817801666998709 0.8343692784926491 0.2980507297524201 0.9622158268664089
0 0.5638340612000371 0.9322941538376963 0.5574902343749999 0.8344355468750001 0.5043768762999628 0.8378786977248038 0.510720703125 0.9357373046875
0 0.09525037456998106 0.5905042753375166 0.01244628906250005 0.5678847656250001 -0.00881971050748096 0.6457340059124835 0.07398437500000006 0.668353515625
0 0.6347822265625 0.6413261718750001 0.5618564107929198 0.635422301392915 0.5543700826679199 0.727894957642915 0.6272958984375 0.7337988281250001
0 0.857193359375 0.82165625 0.83998046875 0.7459482421875 0.7777020133606746 0.7601078043247751 0.7949149039856745 0.8358158121372752
0 0.3150292968750001 0.5360361328125002 0.2335801213828954 0.5232790206902433 0.22142285156250008 0.6008984375 0.30287202705460475 0.6136555496222569
0 0.8282246743762416 0.4389491663429895 0.7851015625000001 0.3854628906250001 0.7191245228278124 0.43865663471831073 0.7622476347040539 0.49214291043630015
0 0.4327832031249999 0.005117187500000042 0.3217468851109147 -0.00992832070654696 0.31483184604841474 0.04110488241845304 0.42586816406249994 0.056150390625000046
0 0.8428003185912811 0.7493141688615762 0.8085908203125 0.6874687500000001 0.7502026110962188 0.719765909263424 0.7844121093749999 0.7816113281250001
0 0.9599705496758386 0.6966895754007844 0.8692440082612418 0.6832118943994943 0.8545546875000001 0.7820947265625 0.9452812289145968 0.7955724075637901
0 0.8831884765624999 0.5394687499999999 0.8269375190193837 0.44692419954722984 0.767587909644384 0.48299841829722984 0.8238388671875001 0.5755429687500001
0 0.7096669921875 0.7062998046875001 0.6746783536194199 0.6633803545568088 0.5910923835478104 0.7315210061097182 0.6260810221158906 0.7744404562404095
0 0.06302985941250053 0.974283889579931 0.04133886718750003 0.8256220703125001 -0.021690992225000504 0.8348186494825691 0 0.9834804687500001
0 0.8019462890625 0.9774511718750001 0.6938017578125002 0.9774511718750001 0.6938017578125002 0.9990234375 0.8019462890625 0.9990234375
0 0.6636972656249999 0.19968066406250004 0.6397396610037669 0.1493816438960462 0.5591708984375 0.1877568359375 0.583128503058733 0.23805585610395386
0 0.30845978681268643 0.2673945092235629 0.30450195238974354 0.1232079810266227 0.25344824218749995 0.124609375 0.2574060766104428 0.2687959031969402
0 0.3485195312499999 0.7785810546874999 0.3449335688621701 0.6875433134788193 0.304357421875 0.6891416015625 0.30794338426282986 0.7801793427711807
0 0.4014521484375001 0.8021650390625001 0.3943212890625001 0.6839638671875001 0.34287105789472083 0.6870677650376555 0.3500019172697208 0.8052689369126556
0 1.012187040432916 0.09850663116243323 0.9589423828125 0.04453808593749997 0.9250191153652203 0.07800633587953731 0.9782637729856367 0.1319748811044706
0 0.9742282034174246 0.13040003444089604 0.9459106967472837 0.0775821944632498 0.8650498046875 0.12093457031249995 0.8933673113576409 0.17375241029014615
0 0.11386328125000003 0.3639736328125 0.028406339007873573 0.306345571134777 -0.045657137554626394 0.416174672697277 0.039799804687500065 0.473802734375
0 0.9581429571622676 0.9961904217567742 0.9576669921875001 0.9734423828125 0.8597925897127323 0.9754902423057258 0.8602685546875 0.9982382812500001
0 0.9973924510512114 0.9951005853902812 0.9973613281249998 0.9467861328125 0.9488487598862884 0.9468173833597188 0.9488798828125 0.9951318359375
0 0.779029296875 0.566681640625 0.7371018272637345 0.5235729579198984 0.6693860069512345 0.5894333094823984 0.7113134765625 0.6325419921875001
0 0.037572513646132524 0.8363389331983159 0.01787109375000002 0.7405830078125001 -0.01970141989613248 0.7483134105516842 2.2204460492503132e-17 0.8440693359375
0 0.03263476562499999 0.6033154296875 0.030722233242660064 0.5296024993625511 -0.0014965167573399358 0.5304384368625511 0.0004160156249999991 0.6041513671875001
0 0.5011650390625001 6.106226635438361e-17 0.4061698629148059 -0.004668552950159044 0.4032509765624999 0.054724609375000045 0.4982461527101941 0.059393162325159156
0 0.9288154296875 0.073779296875 0.8821870034089162 -0.0011028379363482443 0.82514453125 0.03441699218749998 0.8717729575285837 0.10929912699884822
0 0.7009843750000002 0.986068359375 0.6092431640625001 0.986068359375 0.6092431640625001 0.9990234375 0.7009843750000002 0.9990234375
0 0.058432617187499994 0.38519140625 0.056780325129560286 0.2584697258885002 -0.0015644014329397084 0.2592304680760002 0.00008789062499999986 0.3859521484375
0 0.8747011718750001 0.9988359375000002 0.8739980468749999 0.9805830078125 0.804166862085858 0.9832729897850101 0.8048699870858581 1.0015259194725101
0 0.8038203125000001 0.3163994140625001 0.6541318359375 0.23909863281250007 0.5905297129243763 0.3622604527323372 0.7402181894868763 0.4395612339823372
0 1.0004080615519038 0.49619818030472385 0.9999999924683254 0.3358456732084615 0.9239942746664218 0.3360390944662378 0.9244023437500001 0.4963916015625001