0 0.18684811306203472 0.6008632771031206 0.18586458281249998 0.49251953125 0.07599303225046525 0.4935169307093794 0.07697656249999998 0.6018606765625
0 0.5285651104453188 0.15361445608730637 0.4008971359375001 0.14781380156250004 0.3946940051796812 0.28433997047519377 0.5223619796875 0.2901406250000001
0 0.24105210258957696 0.8305364589040216 0.09709244843750009 0.8225911453125002 0.08938018959792327 0.9623281239084784 0.23333984375000014 0.9702734374999998
0 0.7842408929659268 0.19774467065217144 0.6514010421875001 0.1900625000000001 0.6442342999811174 0.31398957847413433 0.777074150759544 0.3216717491263057
0 0.2844947921875001 0.4853463546875 0.1842369968380769 0.48172869188642337 0.18017052647719434 0.5944244779930029 0.2804283218266176 0.5980421407940796
0 0.9360533859375 0.9495221359375 0.7835491262291496 0.9406524254812509 0.7801731765625001 0.9986979171875001 0.9326774362708505 1.007567627643749
0 0.3771562500000001 0.7637473953125 0.22166885578160972 0.7576965472193009 0.21592447968750011 0.9053085937500003 0.3714118739058905 0.9113594418431994
0 0.4180585937500001 0.24031510468750006 0.26728780347155057 0.2314015978626749 0.25794270781250006 0.38947265625000005 0.4087134980909496 0.3983861630748252
0 0.9951054687499999 0.0848463546875001 0.8374920068972523 0.0788828056666159 0.8321783859375002 0.21931901093750011 0.9897918477902478 0.2252825599583843
0 0.64218359375 0.4773606765625001 0.5181764428983967 0.4734674283471712 0.5150104159043162 0.5743112393092826 0.6390175667559195 0.5782044875246115
0 1.0030695073675362 0.8877620635766812 0.998693356889475 0.7574358036993667 0.9330535370219388 0.7596398854351856 0.9374296875000001 0.8899661453125001
0 0.5212994796875001 0.48898958281250005 0.4223933555893697 0.4883619722273245 0.42179296874008554 0.5829778656249371 0.5206990928382159 0.5836054762101127
0 0.08296615866712984 0.5212980585984597 0.003308593750000064 0.5205494796875001 0.00245440364957267 0.6114453122846767 0.08211196856670244 0.6121938911956363
0 0.12969107746886 0.0012500347806122941 3.997995511040298e-20 0.0003255203125 -0.00048013996885999595 0.06767965271938772 0.1292109375 0.06860416718750002
0 0.411078126657601 0.36414900842881787 0.2805442703125 0.3638528640625 0.2800755186548991 0.5704681790711822 0.4106093750000001 0.5707643234375002
0 0.9464596359374999 0.24314453125000016 0.7892433902852144 0.23721484002443854 0.7839908859375002 0.3764765625000001 0.9412071315897859 0.38240625372556175
0 0.052665417538988124 0.4174482477717036 5.134781488891349e-17 0.4171276046875 -0.0007370316014879971 0.5381845647282962 0.051928385937500064 0.5385052078124999
0 0.09610677031250012 0.97473046875 0.024519276024263903 0.9728320244816133 0.023833332812500125 0.9986979171874999 0.09542082710073634 1.0005963614558866
0 0.036635417187500026 0.21873177031249996 0.0006484375000000264 0.21844010468749997 -0.00046379234942703037 0.3556718850838431 0.03552318733807296 0.3559635507088431
0 0.03377757493378504 0.07514550792476996 9.107298248878237e-18 0.07486328125 -0.0011564811837850072 0.21327376238773005 0.032621093750000024 0.2135559890625
0 0.5219244796875 0.33513541718750006 0.5213536995079268 0.28380077196084075 0.41619140624980694 0.2849700515451289 0.41676218642938023 0.3363046967717882
0 0.1721992187500001 0.9751614578125001 0.09408767894611685 0.9736534275614257 0.09360416718750011 0.9986979171874999 0.1717157069913834 1.0002059474385743