0 0.201172 0.554687 0.367188 0.554687 0.367188 0.686523 0.201172 0.686523
0 0.178711 0.690430 0.317383 0.690430 0.317383 0.868164 0.178711 0.868164
0 0.394531 0.532227 0.546875 0.532227 0.546875 0.702149 0.394531 0.702149
0 0.323243 0.834962 0.439453 0.834962 0.439453 0.958985 0.323243 0.958985
0 0.000976 0.513672 0.104492 0.513672 0.104492 0.625000 0.000976 0.625000
0 0.000976 0.625000 0.104492 0.625000 0.104492 0.732422 0.000976 0.732422
0 0.876954 0.557617 1.000000 0.557617 1.000000 0.690429 0.876954 0.690429
0 0.403321 0.884766 0.504883 0.884766 0.504883 0.993164 0.403321 0.993164
0 0.030273 0.275390 0.137695 0.275390 0.137695 0.489258 0.030273 0.489258
0 0.552735 0.739259 0.704102 0.739259 0.704102 0.894532 0.552735 0.894532
0 0.246094 0.791015 0.364258 0.791015 0.364258 0.932617 0.246094 0.932617
0 0.459960 0.401367 0.593749 0.401367 0.593749 0.537109 0.459960 0.537109
0 0.000976 0.732422 0.099609 0.732422 0.099609 0.867188 0.000976 0.867188
0 0.478516 0.886718 0.605469 0.886718 0.605469 0.999024 0.478516 0.999024
0 0.118164 0.953125 0.301758 0.953125 0.301758 1.000000 0.118164 1.000000
