0 0.400390 0.292968 0.500000 0.292968 0.500000 0.436198 0.400390 0.436198
0 0.170898 0.294271 0.352540 0.294271 0.352540 0.552083 0.170898 0.552083
0 0.652344 0.596354 0.802735 0.596354 0.802735 0.716146 0.652344 0.716146
0 0.505860 0.315105 0.589844 0.315105 0.589844 0.454427 0.505860 0.454427
0 0.641602 0.475260 0.781250 0.475260 0.781250 0.595052 0.641602 0.595052
0 0.635742 0.358073 0.759765 0.358073 0.759765 0.479167 0.635742 0.479167
0 0.512695 0.455729 0.605468 0.455729 0.605468 0.559895 0.512695 0.559895
0 0.813476 0.403645 0.965820 0.403645 0.965820 0.576823 0.813476 0.576823
0 0.109375 0.648438 0.210937 0.648438 0.210937 0.790364 0.109375 0.790364
0 0.631837 0.212240 0.762696 0.212240 0.762696 0.358073 0.631837 0.358073
0 0.517578 0.644531 0.617188 0.644531 0.617188 0.738281 0.517578 0.738281
0 0.528320 0.562501 0.610351 0.562501 0.610351 0.644532 0.528320 0.644532
0 0.890625 0.696614 1.000000 0.696614 1.000000 0.907552 0.890625 0.907552
0 0.514649 0.738281 0.621093 0.738281 0.621093 0.834635 0.514649 0.834635
0 0.676758 0.132813 0.779296 0.132813 0.779296 0.229167 0.676758 0.229167
0 0.014648 0.615886 0.111328 0.615886 0.111328 0.744792 0.014648 0.744792
0 0.708985 0.070312 0.817383 0.070312 0.817383 0.156250 0.708985 0.156250
0 0.154297 0.863281 0.239258 0.863281 0.239258 0.984375 0.154297 0.984375
0 0.192383 0.015625 0.393555 0.015625 0.393555 0.270833 0.192383 0.270833
0 0.300781 0.764323 0.421875 0.764323 0.421875 0.860677 0.300781 0.860677
0 0.020508 0.808594 0.097656 0.808594 0.097656 0.925782 0.020508 0.925782
0 0.083008 0.834635 0.159180 0.834635 0.159180 0.954427 0.083008 0.954427
0 0.354492 0.540364 0.454102 0.540364 0.454102 0.623698 0.354492 0.623698
0 0.340821 0.618490 0.421876 0.618490 0.421876 0.694010 0.340821 0.694010
0 0.319335 0.690105 0.431640 0.690105 0.431640 0.774740 0.319335 0.774740
0 0.445312 0.049479 0.644532 0.049479 0.644532 0.285156 0.445312 0.285156
0 0.520508 0.834635 0.637696 0.834635 0.637696 0.925781 0.520508 0.925781
0 0.350585 0.911458 0.442383 0.911458 0.442383 1.000000 0.350585 1.000000
0 0.667969 0.847656 0.806641 0.847656 0.806641 0.996094 0.667969 0.996094
0 0.266601 0.886718 0.358399 0.886718 0.358399 0.999999 0.266601 0.999999
0 0.848633 0.001302 0.942383 0.001302 0.942383 0.085938 0.848633 0.085938
0 0.208985 0.566406 0.299805 0.566406 0.299805 0.809896 0.208985 0.809896
0 0.741211 0.019531 0.844727 0.019531 0.844727 0.088541 0.741211 0.088541
0 0.000977 0.782552 0.033203 0.782552 0.033203 0.897136 0.000977 0.897136
0 0.794922 0.877604 0.979492 0.877604 0.979492 1.000000 0.794922 1.000000
0 0.000977 0.591146 0.022461 0.591146 0.022461 0.705730 0.000977 0.705730
0 0.374023 0.438802 0.481445 0.438802 0.481445 0.540364 0.374023 0.540364
0 0.667969 0.712240 0.873047 0.712240 0.873047 0.816406 0.667969 0.816406
0 0.443359 0.927084 0.516601 0.927084 0.516601 1.000000 0.443359 1.000000
0 0.519532 0.954427 0.639649 0.954427 0.639649 1.000000 0.519532 1.000000
