0 0.002604 0.391927 0.104166 0.391927 0.104166 0.472657 0.002604 0.472657
0 0.221354 0.125000 0.375000 0.125000 0.375000 0.281250 0.221354 0.281250
0 0.408854 0.388020 0.563802 0.388020 0.563802 0.526042 0.408854 0.526042
0 0.171875 0.282552 0.333333 0.282552 0.333333 0.451824 0.171875 0.451824
0 0.274740 0.480468 0.500000 0.480468 0.500000 0.648438 0.274740 0.648438
0 0.078125 0.621094 0.230469 0.621094 0.230469 0.782552 0.078125 0.782552
0 0.070312 0.079427 0.207031 0.079427 0.207031 0.252605 0.070312 0.252605
0 0.032552 0.255208 0.157552 0.255208 0.157552 0.403646 0.032552 0.403646
0 0.628907 0.286458 0.833333 0.286458 0.833333 0.506510 0.628907 0.506510
0 0.009114 0.783854 0.174480 0.783854 0.174480 0.950522 0.009114 0.950522
0 0.019532 0.045574 0.096355 0.045574 0.096355 0.221355 0.019532 0.221355
0 0.134114 0.951823 0.277343 0.951823 0.277343 0.998698 0.134114 0.998698
0 0.114583 0.492187 0.270833 0.492187 0.270833 0.641927 0.114583 0.641927
0 0.285156 0.651042 0.425781 0.651042 0.425781 0.837240 0.285156 0.837240
0 0.313802 0.958334 0.475260 0.958334 0.475260 1.000000 0.313802 1.000000
0 0.726562 0.001302 0.868489 0.001302 0.868489 0.186198 0.726562 0.186198
0 0.822917 0.063802 0.999999 0.063802 0.999999 0.286458 0.822917 0.286458
0 0.475260 0.195312 0.644531 0.195312 0.644531 0.393230 0.475260 0.393230
0 0.565105 0.001302 0.769531 0.001302 0.769531 0.134114 0.565105 0.134114
0 0.468750 0.001302 0.570312 0.001302 0.570312 0.097656 0.468750 0.097656
0 0.412760 0.177084 0.501302 0.177084 0.501302 0.308594 0.412760 0.308594
0 0.194010 0.729166 0.285156 0.729166 0.285156 0.813801 0.194010 0.813801
0 0.270833 0.001303 0.483073 0.001303 0.483073 0.052084 0.270833 0.052084
0 0.149740 0.433593 0.279948 0.433593 0.279948 0.507812 0.149740 0.507812
0 0.001302 0.011719 0.040364 0.011719 0.040364 0.205729 0.001302 0.205729
0 0.347656 0.143229 0.451823 0.143229 0.451823 0.302083 0.347656 0.302083
0 0.001302 0.473959 0.093750 0.473959 0.093750 0.572917 0.001302 0.572917
0 0.156250 0.855469 0.305990 0.855469 0.305990 0.957031 0.156250 0.957031
0 0.001302 0.575520 0.054688 0.575520 0.054688 0.686197 0.001302 0.686197
