0 0.770508 0.569335 0.872070 0.569335 0.872070 0.681641 0.770508 0.681641
0 0.093750 0.499999 0.200195 0.499999 0.200195 0.574218 0.093750 0.574218
0 0.593750 0.000976 0.704102 0.000976 0.704102 0.090820 0.593750 0.090820
0 0.762695 0.121094 0.873047 0.121094 0.873047 0.194336 0.762695 0.194336
0 0.872070 0.575196 1.000000 0.575196 1.000000 0.714844 0.872070 0.714844
0 0.758790 0.045899 0.875001 0.045899 0.875001 0.120117 0.758790 0.120117
0 0.773437 0.422851 0.863281 0.422851 0.863281 0.487304 0.773437 0.487304
0 0.775391 0.367187 0.867188 0.367187 0.867188 0.421875 0.775391 0.421875
0 0.138672 0.567383 0.246094 0.567383 0.246094 0.633789 0.138672 0.633789
0 0.765626 0.264648 0.868165 0.264648 0.868165 0.321290 0.765626 0.321290
0 0.768555 0.317383 0.863282 0.317383 0.863282 0.373047 0.768555 0.373047
0 0.766602 0.195312 0.869140 0.195312 0.869140 0.263672 0.766602 0.263672
0 0.921875 0.279297 1.000000 0.279297 1.000000 0.414063 0.921875 0.414063
0 0.000976 0.095703 0.052734 0.095703 0.052734 0.179687 0.000976 0.179687
0 0.599609 0.333984 0.703125 0.333984 0.703125 0.445312 0.599609 0.445312
0 0.757812 0.000977 0.868164 0.000977 0.868164 0.044922 0.757812 0.044922
0 0.591797 0.208984 0.710938 0.208984 0.710938 0.281250 0.591797 0.281250
0 0.000976 0.812500 0.066406 0.812500 0.066406 0.999023 0.000976 0.999023
0 0.595703 0.276367 0.706055 0.276367 0.706055 0.331055 0.595703 0.331055
0 0.481445 0.621093 0.606445 0.621093 0.606445 0.750976 0.481445 0.750976
0 0.606445 0.602538 0.724609 0.602538 0.724609 0.728515 0.606445 0.728515
0 0.587891 0.916992 0.692383 0.916992 0.692383 1.000000 0.587891 1.000000
0 0.931640 0.412110 1.000000 0.412110 1.000000 0.528320 0.931640 0.528320
0 0.778320 0.500001 0.862304 0.500001 0.862304 0.575195 0.778320 0.575195
0 0.680663 0.868164 0.817383 0.868164 0.817383 0.993164 0.680663 0.993164
0 0.601562 0.086914 0.701172 0.086914 0.701172 0.140625 0.601562 0.140625
0 0.598633 0.143554 0.701171 0.143554 0.701171 0.201172 0.598633 0.201172
0 0.000977 0.015624 0.053711 0.015624 0.053711 0.096680 0.000977 0.096680
0 0.972656 0.107422 1.000000 0.107422 1.000000 0.186524 0.972656 0.186524
0 0.000977 0.329102 0.046875 0.329102 0.046875 0.451172 0.000977 0.451172
0 0.000977 0.000977 0.049805 0.000977 0.049805 0.033203 0.000977 0.033203
0 0.608398 0.445312 0.708008 0.445312 0.708008 0.520508 0.608398 0.520508
0 0.607422 0.518555 0.704102 0.518555 0.704102 0.581055 0.607422 0.581055
0 0.598633 0.091797 0.705077 0.091797 0.705077 0.202149 0.598633 0.202149
0 0.978516 0.190430 1.000000 0.190430 1.000000 0.255860 0.978516 0.255860
0 0.806640 0.840820 0.918946 0.840820 0.918946 0.933593 0.806640 0.933593
