0 0.432292 0.294922 0.558594 0.294922 0.558594 0.386719 0.432292 0.386719
0 0.223958 0.091797 0.378906 0.091797 0.378906 0.213867 0.223958 0.213867
0 0.166667 0.210938 0.330729 0.210938 0.330729 0.340820 0.166667 0.340820
0 0.631510 0.213867 0.838541 0.213867 0.838541 0.382812 0.631510 0.382812
0 0.464844 0.750977 0.597656 0.750977 0.597656 0.821289 0.464844 0.821289
0 0.134115 0.631836 0.312499 0.631836 0.312499 0.785156 0.134115 0.785156
0 0.300781 0.347656 0.527343 0.347656 0.527343 0.479492 0.300781 0.479492
0 0.337239 0.708008 0.472656 0.708008 0.472656 0.777344 0.337239 0.777344
0 0.072916 0.060548 0.210938 0.060548 0.210938 0.198243 0.072916 0.198243
0 0.089844 0.483398 0.229166 0.483398 0.229166 0.578125 0.089844 0.578125
0 0.286459 0.484374 0.430989 0.484374 0.430989 0.627930 0.286459 0.627930
0 0.121093 0.382813 0.259115 0.382813 0.259115 0.484375 0.121093 0.484375
0 0.233073 0.849610 0.365885 0.849610 0.365885 0.916992 0.233073 0.916992
0 0.259115 0.809570 0.414063 0.809570 0.414063 0.875000 0.259115 0.875000
0 0.466145 0.148438 0.640625 0.148438 0.640625 0.292969 0.466145 0.292969
0 0.574219 0.000976 0.765625 0.000976 0.765625 0.076172 0.574219 0.076172
0 0.479167 0.000977 0.569011 0.000977 0.569011 0.056641 0.479167 0.056641
0 0.006511 0.020507 0.117188 0.020507 0.117188 0.170899 0.006511 0.170899
0 0.190103 0.921875 0.386718 0.921875 0.386718 1.000000 0.190103 1.000000
0 0.735677 0.019532 0.859375 0.019532 0.859375 0.131836 0.735677 0.131836
0 0.196615 0.546875 0.290365 0.546875 0.290365 0.610352 0.196615 0.610352
0 0.013021 0.584960 0.174479 0.584960 0.174479 0.725585 0.013021 0.725585
0 0.143229 0.334961 0.270833 0.334961 0.270833 0.386719 0.143229 0.386719
0 0.305989 0.766602 0.459635 0.766602 0.459635 0.823242 0.305989 0.823242
0 0.414062 0.134766 0.500000 0.134766 0.500000 0.232422 0.414062 0.232422
0 0.295573 0.000977 0.484375 0.000977 0.484375 0.025391 0.295573 0.025391
0 0.346355 0.108399 0.457032 0.108399 0.457032 0.227540 0.346355 0.227540
0 0.839844 0.027344 1.000000 0.027344 1.000000 0.182617 0.839844 0.182617
0 0.015624 0.208984 0.149740 0.208984 0.149740 0.295898 0.015624 0.295898
0 0.001302 0.301758 0.102864 0.301758 0.102864 0.356446 0.001302 0.356446
0 0.001302 0.356446 0.096354 0.356446 0.096354 0.426758 0.001302 0.426758
0 0.001302 0.426758 0.061198 0.426758 0.061198 0.510742 0.001302 0.510742
0 0.001302 0.795899 0.180990 0.795899 0.180990 0.950195 0.001302 0.950195
