0 0.520508 0.436524 0.654296 0.436524 0.654296 0.558594 0.520508 0.558594
0 0.526368 0.621094 0.680665 0.621094 0.680665 0.735352 0.526368 0.735352
0 0.377930 0.461915 0.553710 0.461915 0.553710 0.689453 0.377930 0.689453
0 0.648438 0.693360 0.820312 0.693360 0.820312 0.839844 0.648438 0.839844
0 0.941406 0.375976 1.000000 0.375976 1.000000 0.580078 0.941406 0.580078
0 0.637695 0.398437 0.787109 0.398437 0.787109 0.578125 0.637695 0.578125
0 0.171875 0.633789 0.386719 0.633789 0.386719 0.817383 0.171875 0.817383
0 0.731445 0.808594 0.977539 0.808594 0.977539 1.000000 0.731445 1.000000
0 0.040039 0.330078 0.213867 0.330078 0.213867 0.489258 0.040039 0.489258
0 0.111328 0.508789 0.308594 0.508789 0.308594 0.693359 0.111328 0.693359
0 0.277344 0.841797 0.531250 0.841797 0.531250 0.996093 0.277344 0.996093
0 0.368165 0.915040 0.637695 0.915040 0.637695 1.000000 0.368165 1.000000
0 0.245117 0.735352 0.471679 0.735352 0.471679 0.947266 0.245117 0.947266
