0 0.417969 0.091797 0.534180 0.091797 0.534180 0.212891 0.417969 0.212891
0 0.557617 0.291015 0.670898 0.291015 0.670898 0.393555 0.557617 0.393555
0 0.723633 0.210938 0.877929 0.210938 0.877929 0.385742 0.723633 0.385742
0 0.378906 0.210938 0.500976 0.210938 0.500976 0.340820 0.378906 0.340820
0 0.297851 0.051758 0.403321 0.051758 0.403321 0.191406 0.297851 0.191406
0 0.308594 0.466796 0.421874 0.466796 0.421874 0.586913 0.308594 0.586913
0 0.247071 0.300781 0.328126 0.300781 0.328126 0.363281 0.247071 0.363281
0 0.365235 0.628907 0.492188 0.628907 0.492188 0.790040 0.365235 0.790040
0 0.053711 0.003906 0.277344 0.003906 0.277344 0.131836 0.053711 0.131836
0 0.594727 0.744140 0.706055 0.744140 0.706055 0.829102 0.594727 0.829102
0 0.460937 0.341797 0.630859 0.341797 0.630859 0.473633 0.460937 0.473633
0 0.072265 0.272461 0.185547 0.272461 0.185547 0.431641 0.072265 0.431641
0 0.002930 0.423829 0.047852 0.423829 0.047852 0.554688 0.002930 0.554688
0 0.261719 0.587891 0.360351 0.587891 0.360351 0.712891 0.261719 0.712891
0 0.870117 0.044922 1.000000 0.044922 1.000000 0.220703 0.870117 0.220703
0 0.268555 0.193360 0.365235 0.193360 0.365235 0.301758 0.268555 0.301758
0 0.506836 0.708008 0.608398 0.708008 0.608398 0.776367 0.506836 0.776367
0 0.334961 0.370117 0.452149 0.370117 0.452149 0.479492 0.334961 0.479492
0 0.266602 0.031250 0.323242 0.031250 0.323242 0.166016 0.266602 0.166016
0 0.464844 0.483399 0.573242 0.483399 0.573242 0.627930 0.464844 0.627930
0 0.140624 0.375977 0.208008 0.375977 0.208008 0.463867 0.140624 0.463867
0 0.000977 0.596680 0.061523 0.596680 0.061523 0.666016 0.000977 0.666016
0 0.815430 0.000977 0.904297 0.000977 0.904297 0.136719 0.815430 0.136719
0 0.108398 0.594726 0.245117 0.594726 0.245117 0.691406 0.108398 0.691406
0 0.217773 0.421875 0.297851 0.421875 0.297851 0.495117 0.217773 0.495117
0 0.000977 0.755860 0.144531 0.755860 0.144531 0.979492 0.000977 0.979492
0 0.664062 0.000976 0.833007 0.000976 0.833007 0.103516 0.664062 0.103516
0 0.454101 0.804688 0.568359 0.804688 0.568359 0.871094 0.454101 0.871094
0 0.421875 0.849609 0.529297 0.849609 0.529297 0.922851 0.421875 0.922851
0 0.366212 0.326172 0.465820 0.326172 0.465820 0.380860 0.366212 0.380860
0 0.603515 0.161133 0.733398 0.161133 0.733398 0.307617 0.603515 0.307617
0 0.373047 0.538085 0.472657 0.538085 0.472657 0.629882 0.373047 0.629882
0 0.143555 0.517578 0.261719 0.517578 0.261719 0.594726 0.143555 0.594726
0 0.606445 0.000976 0.678711 0.000976 0.678711 0.054688 0.606445 0.054688
0 0.081055 0.489257 0.156249 0.489257 0.156249 0.584960 0.081055 0.584960
0 0.250000 0.357422 0.326172 0.357422 0.326172 0.426758 0.250000 0.426758
0 0.193360 0.787110 0.395508 0.787110 0.395508 0.968750 0.193360 0.968750
0 0.484374 0.756836 0.600585 0.756836 0.600585 0.829102 0.484374 0.829102
0 0.000977 0.242188 0.084961 0.242188 0.084961 0.298829 0.000977 0.298829
0 0.000977 0.194335 0.087891 0.194335 0.087891 0.250976 0.000977 0.250976
0 0.377930 0.910156 0.516602 0.910156 0.516602 1.000000 0.377930 1.000000
0 0.560547 0.133788 0.625977 0.133788 0.625977 0.232422 0.560547 0.232422
0 0.504883 0.107422 0.592773 0.107422 0.592773 0.230469 0.504883 0.230469
0 0.062500 0.614258 0.103516 0.614258 0.103516 0.667969 0.062500 0.667969
0 0.000977 0.000977 0.053711 0.000977 0.053711 0.039063 0.000977 0.039063
0 0.461914 0.000977 0.607422 0.000977 0.607422 0.022461 0.461914 0.022461
0 0.051758 0.440429 0.096680 0.440429 0.096680 0.571288 0.051758 0.571288
