0 0.698242 0.407552 0.815430 0.407552 0.815430 0.596354 0.698242 0.596354
0 0.737305 0.562500 0.862305 0.562500 0.862305 0.781250 0.737305 0.781250
0 0.096680 0.360677 0.208984 0.360677 0.208984 0.555989 0.096680 0.555989
0 0.388671 0.397135 0.507812 0.397135 0.507812 0.597657 0.388671 0.597657
0 0.652344 0.244792 0.775390 0.244792 0.775390 0.437500 0.652344 0.437500
0 0.134765 0.587240 0.261719 0.587240 0.261719 0.783855 0.134765 0.783855
0 0.000976 0.619791 0.099609 0.619791 0.099609 0.763020 0.000976 0.763020
0 0.425781 0.552083 0.562500 0.552083 0.562500 0.828125 0.425781 0.828125
0 0.329101 0.177083 0.473632 0.177083 0.473632 0.450521 0.329101 0.450521
0 0.221680 0.809896 0.315430 0.809896 0.315430 0.990886 0.221680 0.990886
0 0.000977 0.149740 0.119141 0.149740 0.119141 0.250000 0.000977 0.250000
0 0.613282 0.093751 0.733399 0.093751 0.733399 0.268230 0.613282 0.268230
0 0.055664 0.802083 0.141602 0.802083 0.141602 0.880208 0.055664 0.880208
0 0.479492 0.803385 0.612304 0.803385 0.612304 0.981770 0.479492 0.981770
0 0.039062 0.743490 0.122070 0.743490 0.122070 0.828125 0.039062 0.828125
0 0.789062 0.761718 0.910156 0.761718 0.910156 0.933593 0.789062 0.933593
0 0.000976 0.458333 0.038086 0.458333 0.038086 0.610677 0.000976 0.610677
0 0.000977 0.049479 0.109375 0.049479 0.109375 0.152343 0.000977 0.152343
0 0.078125 0.867188 0.189453 0.867188 0.189453 0.996094 0.078125 0.996094
0 0.581055 0.001302 0.700195 0.001302 0.700195 0.114584 0.581055 0.114584
0 0.830079 0.923177 0.939454 0.923177 0.939454 1.000000 0.830079 1.000000
