0 0.653321 0.259115 0.803712 0.259115 0.803712 0.385417 0.653321 0.385417
0 0.157227 0.539063 0.238282 0.539063 0.238282 0.640625 0.157227 0.640625
0 0.520508 0.311198 0.615235 0.311198 0.615235 0.410156 0.520508 0.410156
0 0.098633 0.311198 0.223633 0.311198 0.223633 0.480468 0.098633 0.480468
0 0.352539 0.208333 0.453125 0.208333 0.453125 0.300781 0.352539 0.300781
0 0.782226 0.542969 0.975585 0.542969 0.975585 0.701823 0.782226 0.701823
0 0.340820 0.576823 0.438476 0.576823 0.438476 0.703125 0.340820 0.703125
0 0.242188 0.553386 0.353516 0.553386 0.353516 0.792968 0.242188 0.792968
0 0.514649 0.125000 0.606445 0.125000 0.606445 0.240886 0.514649 0.240886
0 0.090820 0.501302 0.158203 0.501302 0.158203 0.610677 0.090820 0.610677
0 0.526367 0.225260 0.610351 0.225260 0.610351 0.315104 0.526367 0.315104
0 0.339844 0.272135 0.423828 0.272135 0.423828 0.364583 0.339844 0.364583
0 0.889648 0.363281 1.000000 0.363281 1.000000 0.574219 0.889648 0.574219
0 0.170899 0.002604 0.356446 0.002604 0.356446 0.216146 0.170899 0.216146
0 0.816406 0.071615 0.963867 0.071615 0.963867 0.242188 0.816406 0.242188
0 0.299804 0.429688 0.425781 0.429688 0.425781 0.533855 0.299804 0.533855
0 0.198242 0.765626 0.327148 0.765626 0.327148 0.973958 0.198242 0.973958
0 0.918945 0.649740 1.000000 0.649740 1.000000 0.841146 0.918945 0.841146
0 0.534179 0.714844 0.650390 0.714844 0.650390 0.803386 0.534179 0.803386
0 0.645508 0.138021 0.781250 0.138021 0.781250 0.261719 0.645508 0.261719
0 0.427735 0.597657 0.523438 0.597657 0.523438 0.731772 0.427735 0.731772
0 0.696290 0.761719 0.785157 0.761719 0.785157 0.890625 0.696290 0.890625
0 0.513672 0.615886 0.645508 0.615886 0.645508 0.717448 0.513672 0.717448
0 0.666016 0.514322 0.803710 0.514322 0.803710 0.684895 0.666016 0.684895
0 0.321289 0.351563 0.435547 0.351563 0.435547 0.445313 0.321289 0.445313
0 0.005859 0.722656 0.132812 0.722656 0.132812 0.872396 0.005859 0.872396
0 0.116211 0.694010 0.206055 0.694010 0.206055 0.805990 0.116211 0.805990
0 0.882812 0.812500 0.981445 0.812500 0.981445 0.912760 0.882812 0.912760
0 0.028320 0.475260 0.100586 0.475260 0.100586 0.591145 0.028320 0.591145
0 0.560546 0.799480 0.656250 0.799480 0.656250 0.872396 0.560546 0.872396
0 0.372071 0.145834 0.481446 0.145834 0.481446 0.229166 0.372071 0.229166
0 0.500976 0.001302 0.589843 0.001302 0.589843 0.125000 0.500976 0.125000
0 0.000976 0.701823 0.026368 0.701823 0.026368 0.826823 0.000976 0.826823
0 0.814453 0.875000 0.941407 0.875000 0.941407 0.998698 0.814453 0.998698
0 0.940430 0.173177 1.000000 0.173177 1.000000 0.359375 0.940430 0.359375
0 0.379883 0.085938 0.483399 0.085938 0.483399 0.166666 0.379883 0.166666
0 0.511719 0.406250 0.622071 0.406250 0.622071 0.502604 0.511719 0.502604
0 0.395508 0.001302 0.495116 0.001302 0.495116 0.108074 0.395508 0.108074
0 0.491211 0.505208 0.628907 0.505208 0.628907 0.591146 0.491211 0.591146
0 0.322266 0.933594 0.419922 0.933594 0.419922 1.000000 0.322266 1.000000
0 0.702148 0.895834 0.783204 0.895834 0.783204 0.997396 0.702148 0.997396
0 0.204101 0.229167 0.310547 0.229167 0.310547 0.486979 0.204101 0.486979
0 0.000976 0.230468 0.026368 0.230468 0.026368 0.372395 0.000976 0.372395
0 0.642578 0.020833 0.750000 0.020833 0.750000 0.138021 0.642578 0.138021
0 0.016602 0.274740 0.118164 0.274740 0.118164 0.415365 0.016602 0.415365
0 0.657226 0.386719 0.872070 0.386719 0.872070 0.494791 0.657226 0.494791
0 0.692383 0.686198 0.765625 0.686198 0.765625 0.761718 0.692383 0.761718
0 0.565429 0.864584 0.661133 0.864584 0.661133 0.937500 0.565429 0.937500
0 0.585938 0.940104 0.663086 0.940104 0.663086 1.000000 0.585938 1.000000
0 0.000976 0.455730 0.035156 0.455730 0.035156 0.569010 0.000976 0.569010
