0 0.589844 0.407552 0.747396 0.407552 0.747396 0.619792 0.589844 0.619792
0 0.572917 0.216146 0.714843 0.216146 0.714843 0.373698 0.572917 0.373698
0 0.497395 0.510417 0.600260 0.510417 0.600260 0.601563 0.497395 0.601563
0 0.363281 0.424479 0.498698 0.424479 0.498698 0.575521 0.363281 0.575521
0 0.561199 0.042968 0.705730 0.042968 0.705730 0.220051 0.561199 0.220051
0 0.123698 0.109376 0.274740 0.109376 0.274740 0.252605 0.123698 0.252605
0 0.742188 0.490885 0.854167 0.490885 0.854167 0.602865 0.742188 0.602865
0 0.126302 0.035157 0.276042 0.035157 0.276042 0.109375 0.126302 0.109375
0 0.756510 0.832032 0.903645 0.832032 0.903645 0.964844 0.756510 0.964844
0 0.639323 0.001302 0.803385 0.001302 0.803385 0.055990 0.639323 0.055990
0 0.360677 0.166667 0.485677 0.166667 0.485677 0.227865 0.360677 0.227865
0 0.352864 0.027344 0.475260 0.027344 0.475260 0.093750 0.352864 0.093750
0 0.920573 0.218749 0.999999 0.218749 0.999999 0.479166 0.920573 0.479166
0 0.881510 0.761718 1.000000 0.761718 1.000000 0.907552 0.881510 0.907552
0 0.149739 0.479166 0.286459 0.479166 0.286459 0.626301 0.149739 0.626301
0 0.001302 0.509115 0.147135 0.509115 0.147135 0.670573 0.001302 0.670573
0 0.846355 0.479167 0.951824 0.479167 0.951824 0.592448 0.846355 0.592448
0 0.127605 0.001302 0.274739 0.001302 0.274739 0.040364 0.127605 0.040364
0 0.361979 0.229166 0.485677 0.229166 0.485677 0.313802 0.361979 0.313802
0 0.358073 0.096354 0.480469 0.096354 0.480469 0.165364 0.358073 0.165364
0 0.114583 0.880208 0.256510 0.880208 0.256510 1.000000 0.114583 1.000000
0 0.368490 0.322916 0.498698 0.322916 0.498698 0.428386 0.368490 0.428386
0 0.247395 0.834635 0.420573 0.834635 0.420573 0.988281 0.247395 0.988281
0 0.135416 0.252605 0.285156 0.252605 0.285156 0.455730 0.135416 0.455730
0 0.408855 0.795573 0.552083 0.795573 0.552083 0.914063 0.408855 0.914063
