0 0.400390 0.468750 0.500000 0.468750 0.500000 0.576172 0.400390 0.576172
0 0.164062 0.459961 0.363282 0.459961 0.363282 0.666016 0.164062 0.666016
0 0.652343 0.696290 0.803710 0.696290 0.803710 0.788086 0.652343 0.788086
0 0.506836 0.485351 0.589844 0.485351 0.589844 0.591796 0.506836 0.591796
0 0.512695 0.590820 0.605468 0.590820 0.605468 0.671876 0.512695 0.671876
0 0.154297 0.897462 0.237305 0.897462 0.237305 0.990235 0.154297 0.990235
0 0.642578 0.606445 0.782226 0.606445 0.782226 0.695312 0.642578 0.695312
0 0.842773 0.245117 0.955079 0.245117 0.955079 0.328125 0.842773 0.328125
0 0.613282 0.134766 0.719726 0.134766 0.719726 0.285157 0.613282 0.285157
0 0.519531 0.733399 0.615235 0.733399 0.615235 0.806641 0.519531 0.806641
0 0.814453 0.553711 0.964843 0.553711 0.964843 0.681641 0.814453 0.681641
0 0.341797 0.933594 0.439453 0.933594 0.439453 1.000000 0.341797 1.000000
0 0.526367 0.668945 0.609375 0.668945 0.609375 0.735351 0.526367 0.735351
0 0.016602 0.031250 0.135742 0.031250 0.135742 0.152344 0.016602 0.152344
0 0.185547 0.253906 0.393555 0.253906 0.393555 0.462890 0.185547 0.462890
0 0.634766 0.521485 0.763672 0.521485 0.763672 0.609375 0.634766 0.609375
0 0.101563 0.744140 0.212891 0.744140 0.212891 0.838867 0.101563 0.838867
0 0.660156 0.884766 0.807617 0.884766 0.807617 1.000000 0.660156 1.000000
0 0.757812 0.207032 0.858398 0.207032 0.858398 0.277344 0.757812 0.277344
0 0.350586 0.097656 0.486328 0.097656 0.486328 0.194336 0.350586 0.194336
0 0.246093 0.913086 0.359374 0.913086 0.359374 1.000000 0.246093 1.000000
0 0.109375 0.071289 0.191407 0.071289 0.191407 0.158203 0.109375 0.158203
0 0.237305 0.084961 0.328125 0.084961 0.328125 0.170899 0.237305 0.170899
0 0.176758 0.080078 0.248047 0.080078 0.248047 0.156250 0.176758 0.156250
0 0.630860 0.410156 0.760742 0.410156 0.760742 0.519532 0.630860 0.519532
0 0.082031 0.875000 0.161133 0.875000 0.161133 0.965820 0.082031 0.965820
0 0.313477 0.825195 0.421875 0.825195 0.421875 0.889649 0.313477 0.889649
0 0.505860 0.086913 0.628906 0.086913 0.628906 0.223633 0.505860 0.223633
0 0.889648 0.772461 1.000000 0.772461 1.000000 0.931641 0.889648 0.931641
0 0.395508 0.008789 0.514648 0.008789 0.514648 0.102539 0.395508 0.102539
0 0.705079 0.304688 0.818360 0.304688 0.818360 0.369140 0.705079 0.369140
0 0.673829 0.350586 0.780273 0.350586 0.780273 0.422852 0.673829 0.422852
0 0.563476 0.000976 0.660156 0.000976 0.660156 0.068359 0.563476 0.068359
0 0.352540 0.659179 0.448242 0.659179 0.448242 0.708985 0.352540 0.708985
0 0.340821 0.712890 0.421876 0.712890 0.421876 0.770508 0.340821 0.770508
0 0.714844 0.000977 0.811524 0.000977 0.811524 0.117188 0.714844 0.117188
0 0.004883 0.707031 0.119141 0.707031 0.119141 0.810547 0.004883 0.810547
0 0.785156 0.905273 0.975586 0.905273 0.975586 1.000000 0.785156 1.000000
0 0.318360 0.768555 0.431640 0.768555 0.431640 0.820313 0.318360 0.820313
0 0.022461 0.856445 0.099609 0.856445 0.099609 0.945312 0.022461 0.945312
0 0.444336 0.286133 0.644532 0.286133 0.644532 0.461913 0.444336 0.461913
0 0.303711 0.114258 0.358399 0.114258 0.358399 0.168946 0.303711 0.168946
0 0.648438 0.055664 0.709960 0.055664 0.709960 0.104492 0.648438 0.104492
0 0.513672 0.804687 0.622070 0.804687 0.622070 0.876953 0.513672 0.876953
0 0.734375 0.255859 0.849609 0.255859 0.849609 0.329101 0.734375 0.329101
0 0.335938 0.000977 0.419922 0.000977 0.419922 0.091797 0.335938 0.091797
0 0.517578 0.967773 0.645508 0.967773 0.645508 1.000000 0.517578 1.000000
0 0.207031 0.674805 0.296875 0.674805 0.296875 0.867188 0.207031 0.867188
0 0.501953 0.880860 0.630859 0.880860 0.630859 0.941406 0.501953 0.941406
0 0.928710 0.626953 0.999999 0.626953 0.999999 0.773437 0.928710 0.773437
0 0.658204 0.787110 0.875977 0.787110 0.875977 0.872071 0.658204 0.872071
0 0.441406 0.947266 0.513672 0.947266 0.513672 1.000000 0.441406 1.000000
0 0.372070 0.579101 0.483398 0.579101 0.483398 0.660157 0.372070 0.660157
