0 0.698193 0.407993 0.815385 0.407993 0.815385 0.596751 0.698193 0.596751
0 0.737020 0.562666 0.862412 0.562666 0.862412 0.780721 0.737020 0.780721
0 0.096516 0.361261 0.208894 0.361261 0.208894 0.555400 0.096516 0.555400
0 0.388762 0.397178 0.507992 0.397178 0.507992 0.597690 0.388762 0.597690
0 0.652743 0.244372 0.775538 0.244372 0.775538 0.438085 0.652743 0.438085
0 0.134962 0.586816 0.262166 0.586816 0.262166 0.784300 0.134962 0.784300
0 0.001171 0.619302 0.099664 0.619302 0.099664 0.763537 0.001171 0.763537
0 0.425593 0.551755 0.562126 0.551755 0.562126 0.828141 0.425593 0.828141
0 0.329046 0.176623 0.473195 0.176623 0.473195 0.450104 0.329046 0.450104
0 0.221950 0.810233 0.315168 0.810233 0.315168 0.990856 0.221950 0.990856
0 0.000485 0.149432 0.119562 0.149432 0.119562 0.250600 0.000485 0.250600
0 0.613376 0.094068 0.733335 0.094068 0.733335 0.268189 0.613376 0.268189
0 0.056142 0.801892 0.141995 0.801892 0.141995 0.879757 0.056142 0.879757
0 0.479179 0.803449 0.612224 0.803449 0.612224 0.981792 0.479179 0.981792
0 0.038956 0.742949 0.121656 0.742949 0.121656 0.828083 0.038956 0.828083
0 0.788857 0.761621 0.910150 0.761621 0.910150 0.933432 0.788857 0.933432
0 0.000000 0.458776 0.038358 0.458776 0.038358 0.610343 0.000000 0.610343
0 0.000545 0.049279 0.109308 0.049279 0.109308 0.152449 0.000545 0.152449
0 0.077655 0.867559 0.189274 0.867559 0.189274 0.996700 0.077655 0.996700
0 0.581308 0.000441 0.699730 0.000441 0.699730 0.114521 0.581308 0.114521
0 0.820221 0.897932 0.938134 0.897932 0.938134 1.000000 0.820221 1.000000
