0 0.519531 0.547851 0.677083 0.547851 0.677083 0.700195 0.519531 0.700195
0 0.127604 0.521485 0.281250 0.521485 0.281250 0.667969 0.127604 0.667969
0 0.570312 0.660157 0.757812 0.660157 0.757812 0.873047 0.570312 0.873047
0 0.651042 0.844727 0.809896 0.844727 0.809896 0.987305 0.651042 0.987305
0 0.178385 0.691406 0.351562 0.691406 0.351562 0.838867 0.178385 0.838867
0 0.300781 0.860352 0.423177 0.860352 0.423177 0.993164 0.300781 0.993164
0 0.436198 0.386719 0.630208 0.386719 0.630208 0.588867 0.436198 0.588867
0 0.820312 0.321290 0.973958 0.321290 0.973958 0.448242 0.820312 0.448242
0 0.742187 0.166016 0.924479 0.166016 0.924479 0.335938 0.742187 0.335938
0 0.108072 0.898437 0.243489 0.898437 0.243489 0.999023 0.108072 0.999023
0 0.075521 0.847656 0.186198 0.847656 0.186198 0.910156 0.075521 0.910156
0 0.003906 0.713867 0.126302 0.713867 0.126302 0.822265 0.003906 0.822265
0 0.005208 0.363281 0.160156 0.363281 0.160156 0.438476 0.005208 0.438476
0 0.054688 0.806640 0.160157 0.806640 0.160157 0.868163 0.054688 0.868163
0 0.005209 0.287110 0.149739 0.287110 0.149739 0.365235 0.005209 0.365235
0 0.001302 0.120117 0.088542 0.120117 0.088542 0.267578 0.001302 0.267578
0 0.001303 0.606445 0.053386 0.606445 0.053386 0.705078 0.001303 0.705078
0 0.934896 0.572265 1.000000 0.572265 1.000000 0.702148 0.934896 0.702148
0 0.875000 0.432618 1.000000 0.432618 1.000000 0.576172 0.875000 0.576172
