0 0.733399 0.171874 0.862305 0.171874 0.862305 0.339844 0.733399 0.339844
0 0.698242 0.056641 0.815430 0.056641 0.815430 0.197266 0.698242 0.197266
0 0.095703 0.021484 0.209961 0.021484 0.209961 0.166992 0.095703 0.166992
0 0.301758 0.721680 0.426758 0.721680 0.426758 0.842774 0.301758 0.842774
0 0.488282 0.343750 0.608399 0.343750 0.608399 0.495117 0.488282 0.495117
0 0.426758 0.160157 0.569336 0.160157 0.569336 0.373047 0.426758 0.373047
0 0.226563 0.359375 0.317383 0.359375 0.317383 0.491211 0.226563 0.491211
0 0.388671 0.048828 0.507812 0.048828 0.507812 0.198242 0.388671 0.198242
0 0.132812 0.190430 0.262696 0.190430 0.262696 0.337890 0.132812 0.337890
0 0.260742 0.520508 0.358398 0.520508 0.358398 0.606446 0.260742 0.606446
0 0.790040 0.319337 0.906251 0.319337 0.906251 0.450195 0.790040 0.450195
0 0.000976 0.212891 0.099609 0.212891 0.099609 0.324219 0.000976 0.324219
0 0.199219 0.759766 0.305664 0.759766 0.305664 0.853516 0.199219 0.853516
0 0.536133 0.463867 0.665039 0.463867 0.665039 0.639648 0.536133 0.639648
0 0.136718 0.510741 0.217773 0.510741 0.217773 0.605468 0.136718 0.605468
0 0.824219 0.419922 0.945313 0.419922 0.945313 0.550782 0.824219 0.550782
0 0.104492 0.793945 0.222656 0.793945 0.222656 0.878907 0.104492 0.878907
0 0.010743 0.823243 0.109376 0.823243 0.109376 0.898438 0.010743 0.898438
0 0.275390 0.597656 0.378906 0.597656 0.378906 0.667968 0.275390 0.667968
0 0.654297 0.000976 0.777343 0.000976 0.777343 0.077148 0.654297 0.077148
0 0.340820 0.000976 0.474610 0.000976 0.474610 0.083008 0.340820 0.083008
0 0.079102 0.399415 0.187500 0.399415 0.187500 0.512695 0.079102 0.512695
0 0.680664 0.903320 0.819336 0.903320 0.819336 1.000000 0.680664 1.000000
0 0.174804 0.593750 0.278320 0.593750 0.278320 0.691406 0.174804 0.691406
0 0.037109 0.636718 0.117187 0.636718 0.117187 0.691406 0.037109 0.691406
0 0.023437 0.574219 0.099609 0.574219 0.099609 0.645508 0.023437 0.645508
0 0.397461 0.867188 0.476563 0.867188 0.476563 0.948243 0.397461 0.948243
0 0.000976 0.458008 0.059570 0.458008 0.059570 0.556640 0.000976 0.556640
0 0.081055 0.918945 0.200195 0.918945 0.200195 1.000000 0.081055 1.000000
0 0.071289 0.677735 0.140625 0.677735 0.140625 0.741212 0.071289 0.741212
0 0.054688 0.349610 0.142578 0.349610 0.142578 0.410157 0.054688 0.410157
0 0.040038 0.306640 0.121093 0.306640 0.121093 0.371093 0.040038 0.371093
0 0.000976 0.089843 0.038086 0.089843 0.038086 0.208984 0.000976 0.208984
0 0.920898 0.660156 1.000000 0.660156 1.000000 0.910156 0.920898 0.910156
0 0.401367 0.939454 0.497070 0.939454 0.497070 1.000000 0.401367 1.000000
0 0.621094 0.753907 0.781250 0.753907 0.781250 0.936524 0.621094 0.936524
