0 0.398438 0.256510 0.573242 0.256510 0.573242 0.455730 0.398438 0.455730
0 0.487304 0.419271 0.728515 0.419271 0.728515 0.756511 0.487304 0.756511
0 0.277343 0.160156 0.431640 0.160156 0.431640 0.313802 0.277343 0.313802
0 0.000977 0.156250 0.125977 0.156250 0.125977 0.424480 0.000977 0.424480
0 0.149415 0.005208 0.311524 0.005208 0.311524 0.236980 0.149415 0.236980
0 0.006835 0.324218 0.206055 0.324218 0.206055 0.596353 0.006835 0.596353
0 0.058594 0.479167 0.284180 0.479167 0.284180 0.669271 0.058594 0.669271
0 0.105469 0.569010 0.338867 0.569010 0.338867 0.834635 0.105469 0.834635
0 0.626953 0.703126 0.816407 0.703126 0.816407 0.911458 0.626953 0.911458
0 0.706055 0.342448 0.927735 0.342448 0.927735 0.653646 0.706055 0.653646
0 0.245116 0.843750 0.458008 0.843750 0.458008 1.000000 0.245116 1.000000
0 0.181641 0.729167 0.390625 0.729167 0.390625 0.929688 0.181641 0.929688
0 0.283203 0.001301 0.398437 0.001301 0.398437 0.076823 0.283203 0.076823
0 0.400390 0.001302 0.562500 0.001302 0.562500 0.108074 0.400390 0.108074
0 0.688476 0.001301 0.798828 0.001301 0.798828 0.139323 0.688476 0.139323
0 0.732422 0.852865 0.866210 0.852865 0.866210 1.000000 0.732422 1.000000
