0 0.186523 0.553711 0.366211 0.553711 0.366211 0.692383 0.186523 0.692383
0 0.178711 0.690430 0.317383 0.690430 0.317383 0.868164 0.178711 0.868164
0 0.395508 0.525391 0.560546 0.525391 0.560546 0.695313 0.395508 0.695313
0 0.323243 0.834962 0.439453 0.834962 0.439453 0.958985 0.323243 0.958985
0 0.000977 0.511719 0.119141 0.511719 0.119141 0.625977 0.000977 0.625977
0 0.000977 0.625000 0.112305 0.625000 0.112305 0.732422 0.000977 0.732422
0 0.876954 0.557617 1.000000 0.557617 1.000000 0.690429 0.876954 0.690429
0 0.403321 0.884766 0.504883 0.884766 0.504883 0.993164 0.403321 0.993164
0 0.015626 0.273438 0.146485 0.273438 0.146485 0.486329 0.015626 0.486329
0 0.553711 0.737304 0.691407 0.737304 0.691407 0.885742 0.553711 0.885742
0 0.246094 0.791015 0.364258 0.791015 0.364258 0.932617 0.246094 0.932617
0 0.456055 0.394531 0.612305 0.394531 0.612305 0.537109 0.456055 0.537109
0 0.000976 0.731445 0.110351 0.731445 0.110351 0.867187 0.000976 0.867187
0 0.478516 0.886718 0.605469 0.886718 0.605469 0.999024 0.478516 0.999024
0 0.118164 0.953125 0.301758 0.953125 0.301758 1.000000 0.118164 1.000000
