0 0.6875026046875001 0.7991308593750002 0.53289388894402 0.7931827005292564 0.5278580734351908 0.9240771484975243 0.682466789178671 0.930025307343268
0 0.9480169265624998 0.6798828124999999 0.9473681101531177 0.5935977664624323 0.8238749999999998 0.5945263671874998 0.8245238164093818 0.6808114132250674
0 0.6303684890625 0.4466953124999999 0.61202734375 0.34385644531250004 0.4631108459588959 0.37041546137434966 0.4814519912713958 0.47325432856184946
0 0.9297903640625002 0.4552666015625001 0.814261106971595 0.45400483403352415 0.8132213546875 0.5492060546875002 0.9287506117784051 0.5504678222164762
0 0.40761328125 0.9577500000000001 0.3622034164391108 0.8374107517969698 0.2847526046875001 0.86663671875 0.33016246949838923 0.9869759669530304
0 0.3322239578125 0.788998046875 0.3237628338836337 0.718374818579343 0.13118998934452292 0.7414463028813417 0.13965111327338922 0.8120695311769988
0 0.9269830734375002 0.29057128906250007 0.7765034140279846 0.28536904607972324 0.7730768234375002 0.3844863281250001 0.9235564828470159 0.38968857110777694
0 0.32386718750000004 0.9774013671875001 0.26862465697026927 0.8313631169058476 0.17906250000000007 0.8652421875000001 0.23430503052973087 1.0112804377816527
0 0.5382044265625 0.17660156250000003 0.509769894814496 0.08787541151868752 0.34283463593749997 0.1413740234375 0.3712691676855039 0.23010017441881253
0 0.9605755203124999 0.850126953125 0.9596974240955529 0.7655866683440998 0.8426158760762871 0.766802761531584 0.8434939722932342 0.8513430463124839
0 0.4913255203125 0.9437910156249998 0.44209342508481353 0.8181737535983915 0.36552734375 0.8481816406249999 0.41475943897768647 0.9737989026516083
0 0.2977174484375 0.7218974609375 0.28867588593320337 0.6537148707818066 0.1109673436406371 0.6772804597249176 0.12000890614493373 0.745463049880611
0 0.26037499999999997 0.6597109375000001 0.25045492906060274 0.5916746662499384 0.07659505156249999 0.6170244140625 0.08651512250189726 0.6850606853125616
0 0.16309244843749998 0.42734667968749995 0.15708585034915828 0.36669461555039884 -0.000042193713079924366 0.38225558651678965 0.005964404375261745 0.4429076506538908
0 0.6590859375 0.59079296875 0.6575651584264506 0.5095462281863495 0.48760546875 0.5127275390624999 0.4891262478235494 0.5939742796261502
0 0.9986979171874999 0.6757050781250002 0.8365104171875 0.6757050781250002 0.8365104171875 0.7735087890625001 0.9986979171874999 0.7735087890625001
0 0.56331640625 0.9228710937500002 0.5141032471241415 0.8071679363195908 0.4498255203125 0.8345078125000001 0.49903867943835856 0.9502109699304094
0 0.6074908859375 0.3253681640625 0.5927889320426794 0.2508957075790647 0.4275533859375 0.283515625 0.4422553398323206 0.3579880814834353
0 0.3212643234375 0.8502910156250001 0.31565008572614517 0.7864599903076052 0.15842048820362464 0.8002890699967187 0.16403472591497947 0.8641200953141137
0 0.20003125000000002 0.4839287109375 0.18957384568359353 0.41647334319 0.015251301562499986 0.44349804687499983 0.025708705878906446 0.5109534146224999
0 0.8574257812500002 0.23854589843750013 0.7650091841370954 0.23666183944680666 0.7637578125 0.2980439453125001 0.8561744096129049 0.2999280043031936
0 0.1280403640625 0.370546875 0.11987985010271288 0.302874179311856 -0.0018948889597871165 0.317558749624356 0.006265624999999997 0.3852314453125
0 0.5798476562500001 0.252220703125 0.5567853518720793 0.16168833833779103 0.40324879867749724 0.20080039214565257 0.426311103055418 0.29133275693286154
0 0.181109375 0.05515625000000004 0.1639994935425398 -0.029319764991023844 0.000011718750000000097 0.003894531250000001 0.017121600207460216 0.08837054624102389
0 0.22754557343749995 0.6000517578125 0.22040201879153448 0.539921650160543 0.0565651046875 0.5593857421875 0.06370865933346545 0.619515849839457
0 0.9128125 0.22289160156249999 0.8950801210442 0.13265439042171095 0.7187685366716655 0.1673011153023527 0.7365009156274656 0.25753832644314173
0 0.20672135468749997 0.5434482421874999 0.19854148075543382 0.4846029986121498 0.0423723953125 0.5063115234375 0.05055226924456616 0.5651567670128501
0 1.0000530636654228 0.9546723257058918 0.9986976602387934 0.8253016466096954 0.8517864578124998 0.8268408203124998 0.8531418612391292 0.9562114994086963
0 0.07731249999999999 0.1245810546875 0.0015937500000000153 0.120947265625 -0.001177826943735201 0.17869974880410613 0.07454092305626478 0.18233353786660614
0 0.9125026046875 0.5455478515625001 0.8237786493171967 0.5446146210593105 0.8232265623558437 0.5971025527677216 0.911950517726147 0.5980357832709113
0 0.09871614531250002 0.311212890625 0.09172029449431926 0.2464589387730675 -0.0069958508181807546 0.2571239778355675 0 0.3218779296875
0 1.0000740591107329 0.454217089259775 0.9289838783149044 0.45273898457595624 0.9276067703124999 0.5189716796875001 0.9986969511083285 0.520449784371319
0 0.6642382812500001 0.71434375 0.6635748176514112 0.6442389619917378 0.5081878390207379 0.6457095263703649 0.5088513026193268 0.7158143143786272
0 1.000296931430694 0.28051174468664414 0.9296713952411025 0.27930287565824097 0.9280716140624999 0.37276660156250013 0.9986971502520914 0.3739754705909033
0 1.0437444646708491 0.1856416649563497 0.9929548211224235 0.05010906967344351 0.8950853564515743 0.08678478752959377 0.945875 0.22231738281249996
0 0.1256328125 0.99656640625 0.1243542069433875 0.9389573323139592 0.002512589679167726 0.9416615481295725 0.003791195235780212 0.9992706220656133
0 0.09412500000000003 0.18105078125000001 2.185751579730777e-17 0.17998046875 -0.0008527204366826399 0.25497007328396204 0.09327227956331736 0.25604038578396204
0 0.0779036453125001 0.8005039062499998 9.71445146547012e-17 0.7986718749999999 -0.0019878968079326707 0.8832034067863951 0.07591574850456734 0.8850354380363952
0 0.67041015625 0.7141220703125 0.5126409610573417 0.7101515674477372 0.5108541188890651 0.781152309778687 0.6686233140817233 0.7851228126434497
0 0.6630013514438838 0.6498526386828187 0.6624374999999999 0.589154296875 0.49500995063826114 0.5907095990898852 0.4955738020821451 0.6514079408977039
0 0.47991796875 0.09340625000000002 0.45946572425448756 0.03266252777419605 0.29397786406250004 0.08838183593749997 0.31443010855801246 0.14912555816330395
0 0.05835546874999999 0.8034208984374999 0.05584936945106348 0.7234238526537102 -0.0025060992989365065 0.7252519776537102 0 0.8052490234374998
0 0.4287135421875 0.38813085937499997 0.4221635399435789 0.3562293928420162 0.33900390625 0.37330371093750003 0.3455539084939211 0.4052051774704838
0 1.0037742224025652 0.6518200386917192 0.9976864614457099 0.5853780561366209 0.9338450515625001 0.5912275390625 0.9399328125193553 0.6576695216175984
0 0.11076953125 0.9448681640624998 0.08822398522402793 0.8591099279345904 -0.006361457946424886 0.8839761164042995 0.016184088079547188 0.969734352532209
0 0.9509388015624998 0.19823339843750004 0.918818755805837 0.09683485481097151 0.8726184890625 0.11146972656249998 0.9047385348191626 0.21286827018902849
0 0.6493723953125 0.5093427734375 0.6491722090197212 0.44637235346132237 0.48544174026972114 0.4468928612738223 0.4856419265625 0.5098632812499999