0 0.6740976562500002 0.6380087890625001 0.6016477772454435 0.5837511802228447 0.5274908849364423 0.6827724601878095 0.5999407639409989 0.7370300690274649
0 0.5447330734374999 0.8304375000000002 0.49927421887661066 0.7085617774168912 0.4031855726338199 0.744402219647091 0.4486444271947091 0.8662779422302
0 0.33431770781250003 0.8174140624999999 0.3231942192377173 0.7469355017474893 0.1655559574669635 0.7718152294977914 0.1766794460417462 0.842293790250302
0 0.5087239578124999 0.7275791015625 0.4434568971874292 0.6095374364217786 0.3556276046875 0.658099609375 0.4208946653125708 0.7761412745157215
0 0.3142213546875 0.7538310546875 0.3035654618777036 0.6833525509108384 0.14013932343750002 0.7080615234375001 0.15079521624729642 0.7785400272141617
0 0.2531627609375 0.6158652343750001 0.239486950415718 0.544513093844634 0.0879908859375 0.5735498046874999 0.10166669645928199 0.644901945217866
0 0.7603398437500001 0.9131445312500001 0.7441128613061274 0.8121533527978544 0.61330078125 0.8331718749999999 0.6295277636938726 0.9341630534521455
0 0.27886197968750004 0.6899726562499999 0.26777771528949457 0.617516312372972 0.11563411406249999 0.640791015625 0.12671837846050546 0.7132473595020279
0 0.39406380156250004 0.9859248046875002 0.3877882158417999 0.8998254971109294 0.17955884987535722 0.9150028692927823 0.18583443559605736 1.001102176869353
0 0.5805403640625 0.9439921874999999 0.5349529913040556 0.8148633137992508 0.4426432296874999 0.8474521484374999 0.4882306024459443 0.9765810221382492
0 0.22513541718750002 0.549349609375 0.2166498386872068 0.49240161050482134 0.056881510937500004 0.5162080078125001 0.06536708943779321 0.5731560066826787
0 0.3551653640625001 0.8242324218750001 0.2493206413073638 0.8213532363047328 0.24713541718750007 0.9016865234375004 0.35298013994263633 0.9045657090077677
0 0.4736289062500001 0.6258710937500002 0.4017598041332026 0.4627440928950515 0.29299869843750004 0.5106611328125 0.36486780055429746 0.6737881336674487
0 0.12304166718750013 0.9334462890624999 0.011046875000000116 0.9334462890624999 0.011046875000000119 0.9990234375 0.12304166718750013 0.9990234375
0 0.21496744843750007 0.4681367187500001 0.08888567059046315 0.3395406709640838 -0.00653206359374332 0.43309282728002857 0.11954971425329357 0.5616888750659449
0 0.7471197921875 0.6812910156250002 0.7000315714020575 0.6274604789088741 0.6105221359375 0.7057587890625002 0.6576103567229425 0.7595893257786263
0 0.8784296875000001 0.8822978515625002 0.8672747541897536 0.822416483774646 0.7390078124999998 0.846310546875 0.7501627458102463 0.906191914662854
0 0.9974153640625 0.9434775390624999 0.8700221359375 0.9434775390624999 0.8700221359375 0.9990234375 0.9974153640625 0.9990234375
0 0.8081367187499999 0.7357851562499998 0.7717648184314474 0.6754594049171583 0.6472083328125 0.7505576171874999 0.6835802331310524 0.8108833685203415
0 0.64269140625 0.9314296875000002 0.603372994482905 0.8429153067758332 0.5404713546874998 0.8708564453125002 0.5797897664545948 0.9593708260366671
0 0.591140625 0.6009101562499999 0.4512403007888402 0.5206668237221372 0.4125026046874999 0.5882041015625 0.5524029288986597 0.6684474340903627
0 0.0837213546875 0.4465537109374999 0.08214816540339277 0.31032081501991776 -0.0015731892841072202 0.3112876118949177 6.938893903907229e-19 0.44752050781249986
0 0.9028085937499999 0.8194619140625001 0.7998595959233802 0.7264374228523017 0.7527840897777287 0.7785352748999396 0.8557330876043483 0.8715597661101379
0 0.21446484375000008 0.931732421875 0.10094661406250013 0.931732421875 0.10094661406250013 0.9990234375 0.21446484375000008 0.9990234375