0 0.5321943487205856 0.11390378165757442 0.43310450899433145 0.11305467927583876 0.4322919921874999 0.20787499999999998 0.531381831913754 0.20872410238173567
0 0.5431943359375002 0.5737011718750001 0.4063603227344042 0.5656479507618839 0.3983564164844042 0.7016440445118838 0.5351904296875002 0.7096972656250001
0 0.357078125 0.30702246093749996 0.336666015625 0.1980107421875 0.2629568587512145 0.21181255532556453 0.2833689681262145 0.3208242740755645
0 0.5496199513360371 0.3475501958796592 0.4445556640625001 0.34476660156250005 0.4423169146651375 0.4292662028039665 0.5473812019386746 0.43204979712112557
0 0.3114091796875 0.192021484375 0.2782907223653251 0.04883271645689855 0.19430544966078783 0.06825786208946194 0.22742390698296275 0.2114466300075634
0 0.5323437509181985 0.4437500627322919 0.40549511718750003 0.4396777343749999 0.400885739258373 0.5832548827184637 0.5277343729890714 0.5873272110757557
0 0.5379293417388902 0.290513685838304 0.5376669921875001 0.2049189453125 0.43157457489580053 0.20524412064350037 0.43183692444719063 0.29083886116930435
0 0.38599902343750014 0.8790087890625001 0.2538431559731531 0.8757401301609988 0.25079394531250015 0.9990234375 0.3829498127768472 1.0022920964015012
0 0.7064110100561108 0.8162443903852982 0.6659481584899208 0.7332544250123296 0.5831709374963101 0.7736135502520317 0.6236337890625001 0.856603515625
0 0.31357812499999993 0.3830761718749999 0.30171459883727525 0.3086981254871204 0.1953601066497753 0.32566199267462037 0.20722363281249997 0.4000400390624999
0 0.12060548985589918 0.2471683332242872 0.10373976530995846 0.154431947615371 -0.016865724545940736 0.17636615345358383 0 0.26910253906250003
0 0.42421289062500006 0.03335058593750005 0.33602729161573414 0.03088956343498081 0.3333329556782342 0.12743546187248084 0.4215185546875001 0.1298964843750001
0 0.3580417471251612 0.13013919103510402 0.33035631462279136 0.026754394782237567 0.268640625 0.04328125000000001 0.2963260575023698 0.14666604625286644
0 0.7336813313842524 0.851631289657068 0.7136971766645441 0.8095007890164869 0.6468967046552917 0.8411868821719187 0.666880859375 0.8833173828124998
0 0.06664222437756825 0.5926072016324456 7.216449660063518e-17 0.5900849609375001 -0.0029693728150680916 0.6685412358675543 0.06367285156250009 0.6710634765624999
0 0.4289560546875001 0.75796484375 0.35395410156250007 0.7541708984375 0.3483693441156324 0.8645751562069531 0.4233712972406325 0.8683691015194531
0 0.5366835937500001 0.12080273437500003 0.5352606363757759 -0.001566055818511059 0.4005859375 0 0.40200889487422414 0.12236879019351107
0 0.5457730649531415 0.28850586096890074 0.44030139042639027 0.28822753809302687 0.440142578125 0.34841015625000005 0.5456142526517513 0.34868847912587386
0 0.37396972656250005 0.5166708984375 0.2668232260991753 0.5099533816138263 0.25904002297417533 0.6340979128638262 0.3661865234375 0.6408154296874999
0 0.43222070312499994 0.9761640625000002 0.41793256856838035 0.8626910201282566 0.3632988281249999 0.8695703124999999 0.37758696268161956 0.9830433548717435
0 0.10331177286608476 0.2839092678807057 0.01101367187500002 0.2512744140625 -0.015617436928584683 0.3265926852442943 0.07668066406250004 0.3592275390625
0 0.9991258541837189 0.4867117847912617 0.9967558186156514 0.3701483859933994 0.9407471519319328 0.3712871871396377 0.9431171875000002 0.4878505859375