0 0.261666231534205 0.9336429152483353 0.256779296875 0.7798919265625 0.16229291827102424 0.7828951512075528 0.16717985293022922 0.9366461398933881
0 0.6795720171892092 0.5430280064355891 0.6343232421874999 0.38857291718750014 0.5656825144591524 0.40868173237807515 0.6109312894608616 0.5631368216261642
0 0.23983469259890758 0.7186222527702174 0.21802832031250002 0.5581484374999999 0.13047585427609237 0.5700457159797825 0.15228222656249998 0.73051953125
0 0.40069163989016265 0.3254061048444097 0.3386894531250001 0.3165963546875001 0.32208570385983754 0.43345196859309054 0.3840878906250001 0.4422617187500001
0 0.14460572697293617 0.38366010747210677 0.0629414068097483 0.3817044031891007 0.06008665639931221 0.5009101816544939 0.14175097656250008 0.5028658859374999
0 0.8672585741788328 0.2570267105069105 0.7564580078125 0.09418880156250005 0.6362941601961671 0.17595245511808955 0.7470947265625 0.33879036406249996
0 0.926154373930405 0.6308906755527998 0.7927812500000001 0.6307500000000001 0.7926678916945953 0.7382239072597004 0.9260410156250002 0.7383645828125001
0 0.9485157508060051 0.23833878728543745 0.8620019531249999 0.07847135468750004 0.7734315148189946 0.12640209865206264 0.8599453125000001 0.28626953125000004
0 0.34073680027144615 0.43864938696381894 0.3288154296875 0.32040494843749995 0.24647902004105376 0.328706081786181 0.258400390625 0.44695052031250004
0 0.4768253752425185 0.6528046850878255 0.36784081026415516 0.6519622389848266 0.36670781783413675 0.7985338554595012 0.4756923828125001 0.7993763015625001
0 0.9059716796875001 0.5456328125 0.8776796875000002 0.40484114531250004 0.7497067316277672 0.43055722595899687 0.7779987238152671 0.5713488931464968
0 0.5092325006354214 0.7930650345528211 0.4187177734375001 0.7873216140625 0.4106708196770789 0.9141393920096791 0.5011855468750002 0.9198828125
0 0.26485749178712265 0.45801223120827095 0.24286230468749995 0.32713541718749994 0.18040230066250182 0.3376324596548922 0.2023974877621245 0.4685092736756631
0 0.9362441406249999 0.9986979171874999 0.9357822265625 0.8377421875 0.8112580321999692 0.8380995495933483 0.8117199462624691 0.9990552792808483
0 0.11585297816141463 0.937017466026249 0.10961328125 0.7688645828125 0.042852099963585376 0.7713419089737512 0.049091796875 0.9394947921875001
0 0.6505638532594828 0.888337651008808 0.6083701171874999 0.7623528640625 0.544350209240517 0.783793858366192 0.5865439453124999 0.9097786453125
0 1.0160390990052692 0.20992035816054963 0.94714453125 0.013507812500000016 0.8508300013997536 0.047291539910430336 0.9197245691550228 0.24370408557097994
0 0.3291375824221137 0.1986573132248627 0.3175224609375 0.0360299484375 0.1574698394528863 0.04746117740013731 0.16908496093750003 0.2100885421875
0 0.2070895805051367 0.4806334363148359 0.18678710937500004 0.3511171875000001 0.1295764351198633 0.3600853136851643 0.14987890625000003 0.48960156250000003
0 0.93613707075015 0.7330032920167253 0.8028525390625001 0.7325026046875001 0.8024322651873502 0.8443808236082747 0.9357167968750002 0.8448815109375
0 0.37329180449076527 0.9157706487721887 0.36701953125 0.7792018234374999 0.3055509689467347 0.782024924665311 0.3118232421875 0.9185937499999998
0 0.32514125399422245 0.6609318565958852 0.3089404296875001 0.528125 0.2599534868874572 0.5341008123486188 0.27615431119417955 0.6669076689445042
0 0.9236869514511834 0.6328291654031697 0.9201523437500002 0.5439544265625 0.7866001579238169 0.5492658861593306 0.7901347656250001 0.6381406250000001
0 0.7283346323600663 0.9047768362939873 0.7161630859375001 0.7052708328125001 0.6263020863899337 0.710753110581013 0.6384736328124999 0.9102591140625002
0 0.6133203400671992 0.5476888386221839 0.5744072265625001 0.48948177031249995 0.470959933370301 0.5586392863778161 0.509873046875 0.6168463546875
0 0.052017766398185325 0.9356117903010925 0.04420019531250002 0.8008880203125 -0.007817571085685315 0.8039064378239074 0 0.9386302078125001
0 0.3139257428473054 0.9117539291269303 0.307447265625 0.77939453125 0.2542695696526946 0.7819973724355695 0.260748046875 0.9143567703125
0 0.3850265236803928 0.5184973888987452 0.31206356083245346 0.5139712993361846 0.30420891215206064 0.6405923994999394 0.37717187500000005 0.6451184890625001
0 0.6090000169979463 0.7704238499542649 0.58973828125 0.6617747390625002 0.5257988406161604 0.6731101710715794 0.5450605763641068 0.7817592819633442
0 0.5999617504530407 0.6815469315465734 0.5584873046875002 0.5833802078124999 0.4932491870469596 0.6109426512659265 0.5347236328125 0.7091093749999999
0 0.10060771594116577 0.7243669420506483 0.0984013671875 0.5773007812500001 -0.002206348753665767 0.5788101407618517 0 0.7258763015625
0 0.5943000290414919 0.23407992744903378 0.5344863281250001 0.17923958281249996 0.4529812209585081 0.26813621786346625 0.5127949218750001 0.32297656250000006
0 0.06928635037358369 0.28278945922379906 3.3306690738754695e-17 0.27916796875 -0.010878147248583579 0.48728866577620106 0.05840820312500008 0.49091015625
0 0.7105493719495859 0.7141886204648671 0.684037109375 0.5297330734375 0.5955161120879509 0.5424564203970265 0.6220283746625368 0.7269119674243936
0 0.8639582430122805 0.4164440088417497 0.8270683593749999 0.2715611984375001 0.727936288237719 0.2968020849082505 0.7648261718749998 0.4416848953125001
0 0.47841966984455675 0.59386841274393 0.39828808593750004 0.5353919265625001 0.3137551348429433 0.6512292435060703 0.39388671875000003 0.7097057296875001
0 0.6381767819271141 0.405774641680111 0.571802734375 0.2633632812499999 0.5082646237246073 0.2929766601612302 0.5746386712767215 0.4353880205913413
0 0.7128085937499999 0.99723046875 0.7123896484375 0.96554296875 0.5565442109577753 0.9676034252551405 0.5569631562702753 0.9992909252551405
0 0.15140115569860813 0.737443702418774 0.14419921875 0.5790195312499999 0.09246407867639188 0.581371402268726 0.099666015625 0.7397955734375
0 0.5404816340010032 0.4064183014619923 0.486802734375 0.3652265625000001 0.40745781912399687 0.46862466728800795 0.46113671875000006 0.5098164062500001
0 0.49225419043560414 0.3641535428214272 0.41056152343749996 0.3224583328125 0.3510231533143958 0.43911077905357293 0.4327158203125 0.48080598906249994
0 0.2836629702462664 0.6795767025618201 0.2659228515625 0.5453802078125001 0.2116749850507423 0.5525515098055767 0.22941510373450863 0.6867480045548968
0 0.16240791426870965 0.9281555939008459 0.15837792968750003 0.7920794265625001 0.10863017166879038 0.7935527389116542 0.11266015625000003 0.9296289062499999
0 0.5533926600570934 0.15971077270921713 0.46917480468750006 2.2204460492503132e-17 0.3503778477554066 0.06264339447828289 0.434595703125 0.2223541671875