0 0.7472096359375 0.9309557296875003 0.6232656249999999 0.9306015625000003 0.6230714244517765 0.9985638010206916 0.7470154353892765 0.9989179682081917
0 0.5533647507611762 0.7912695335200475 0.41502749278508544 0.7893997234845759 0.41345831546140943 0.9054947727770285 0.5517955734375002 0.9073645828125002
0 0.5981315109375 0.17945963593750008 0.45304954826965105 0.17525804902677844 0.44836204826965104 0.3371187255892784 0.5934440109375001 0.34132031250000006
0 0.1285598953125001 0.63078515625 0.016861985038523566 0.6273409211041949 0.012765625000000095 0.7601874999999999 0.12446353527397662 0.763631735145805
0 0.7375543748367639 0.820764346765529 0.6240686974733662 0.8180872316679144 0.6213645828125002 0.9327174484375002 0.7348502601758977 0.9353945635351147
0 0.3146015625000001 0.9173554687499997 0.1790353458111506 0.9092503082779506 0.17368750000000013 0.9986979171874998 0.3092537166888496 1.006803077659549
0 0.7738255203125 0.5971627609375002 0.7453774696949573 0.43888023363715173 0.6317446571949572 0.4593034101996517 0.6601927078125 0.6175859375000001
0 0.28458724825342546 0.43276657320007494 0.21354297602015943 0.4323723881311931 0.21305729026673395 0.5199078977436182 0.28410156249999996 0.5203020828125
0 0.458614588293345 0.4021443918144797 0.3880273437500001 0.3993697921875 0.38335411610541403 0.5182591120545971 0.4539413606487589 0.5210337116815767
0 0.11549681371960888 0.7651130612948146 8.881784197001253e-17 0.7439960937500001 -0.024343168407108706 0.8771382402676853 0.09115364531250007 0.8982552078124998
0 0.32081250000000006 0.8487148437500001 0.19175127090874605 0.8434022888475875 0.1888528640625001 0.9138151046875003 0.31791409315375413 0.9191276595899127
0 0.3603702332407521 0.1958223234456533 0.2714908859375 0.12979947968750008 0.1970568511342478 0.23000189530434678 0.28593619843749996 0.29602473906250004
0 0.27782942656250004 0.2789479171875001 0.19194763842940377 0.19803146433662325 0.05816076831997681 0.3400279956836269 0.14404255645307312 0.42094444853450386
0 0.5804010886607976 0.34321779764527793 0.4432434890625 0.3365247390625001 0.434283789689485 0.5201315077657069 0.5714413892877827 0.5268245663484847
0 0.470018648306685 0.6199166812136994 0.3807139187051585 0.6169244486930692 0.3761145407109736 0.7541952674793699 0.4654192703125001 0.7571875
0 0.9419479171875 0.2932304687500001 0.8865578567734923 0.14235448044247856 0.7513391067734922 0.19199640700497858 0.8067291671874998 0.3428723953125001
0 0.3929080016385943 0.36487501308695064 0.286911908989434 0.36179294397773953 0.28260416718750003 0.5099414062500001 0.38860025983666036 0.5130234753592111
0 0.7276094045543421 0.7157557415079034 0.6346106765625 0.7121835937500001 0.6303710438297035 0.8225598933950258 0.7233697718215456 0.826132041152929
0 0.38146747055243946 0.6031480078293658 0.19409244843750012 0.59350390625 0.1872264956862062 0.7269023403111265 0.37460151780114553 0.7365464418904922
0 0.8553895809554521 0.721919283987899 0.7464505203125001 0.7161341140625002 0.7404593768570479 0.8289518097621013 0.8493984375 0.8347369796875002
0 0.32544285645821985 0.782097679376853 0.2062330536030748 0.7635505756621604 0.19340347839485508 0.8460114900353075 0.31261328125000015 0.8645585937499998
0 0.9995866134355429 0.7783485949712498 0.9586588546874998 0.7777057296875001 0.9577699827589292 0.8342954021586098 0.9986977415069724 0.8349382674423594
0 1.0058496972536992 0.7348395500588552 0.9552005203125 0.7273815109375 0.9479160135164124 0.7768521918552171 0.9985651904576114 0.7843102309765723
0 0.5362213546875002 0.9600768234375001 0.39933145228486894 0.9577129250900042 0.3986236984375001 0.9986979171874999 0.5355136008401314 1.001061815534996
0 0.9071888015624999 0.9244309890625001 0.8709470551204559 0.8033306806223706 0.751006951995456 0.8392252118723705 0.7872486984375 0.9603255203125001
0 0.9362747390624999 0.9962877609374999 0.9114890692338916 0.9226065467046851 0.7783385421874998 0.9673971359375001 0.803124212016108 1.041078350170315
0 0.5422122390624999 0.95614453125 0.5406848953125001 0.89886328125 0.4105405905820231 0.9023334410392536 0.412067934332023 0.9596146910392536
0 0.8580885421875001 0.1596757812500001 0.810230201439197 0.022518765165101096 0.7010403640625001 0.060618489062500024 0.7488987048108032 0.197775505147399
0 0.437718164448733 0.11931777902537896 0.3704883486380651 0.04712961458699476 0.2786497390625 0.13266015624999997 0.345879554873168 0.20484832068838416
0 0.8345351562500001 0.5857630203125 0.6404804687500001 0.5755664062500001 0.6326460589118741 0.7246653074701304 0.8267007464118741 0.7348619215326303
0 0.8474375000000001 1.0824674490095276e-16 0.6930110939773624 -0.004302121812641208 0.6916705734374999 0.043816406250000085 0.8460969794601375 0.0481185280626414
0 0.5693085937500002 0.6278893234375003 0.4421104726384546 0.6209937742584939 0.4329674484375001 0.7896497390625001 0.5601655695490457 0.7965452882415065
0 0.9987709785883583 0.8347383550428875 0.9780716140624998 0.8347174484375002 0.9779985526616415 0.9070546137071126 0.9986979171874999 0.9070755203124999
0 0.3836966140625001 0.8183606765624999 0.3242590901683809 0.816564592286688 0.3224778401683809 0.875511207911688 0.3819153640625001 0.8773072921875
0 1.0325907790495215 0.38869676584754165 0.9780665713886132 0.27071260718641377 0.7853599064015917 0.35976844602637204 0.8398841140625002 0.47775260468749997
0 0.13760580673489808 0.08920572930544005 0.07028385468750001 0.021743489062500003 -0.016913097359898037 0.10875911444456002 0.05040885468750004 0.17622135468750005