0 0.6985988013157732 0.1776683033101995 0.5885771484375001 0.17674348906250006 0.5871931908717268 0.3413876857523007 0.6972148437500001 0.34231250000000013
0 0.6752482961907597 0.618427986284454 0.53955078125 0.6154140625000001 0.5355436959967405 0.7958272215280462 0.6712412109375001 0.7988411453125001
0 0.6646376316487995 0.7897346657298987 0.5618359375 0.788859375 0.5608701808512006 0.9022861670826012 0.663671875 0.9031614578125
0 0.8047954778884788 0.818557354236456 0.7180605468750001 0.8155729171875002 0.7139437799240216 0.9352160832635444 0.8006787109375002 0.9382005203125001
0 0.9611437163750146 0.3179958344427246 0.9161914062500001 0.1427682296875 0.8043592133124857 0.1714572905572755 0.8493115234375003 0.3466848953125001
0 0.34460749348666175 0.6353457674218137 0.2651191406250001 0.6352591140625 0.2649833268258384 0.7598430341406863 0.3444716796875001 0.7599296875
0 0.6848872996452867 0.3335227691830577 0.5797108903658706 0.32971354048041884 0.572692731345584 0.5234915525473612 0.677869140625 0.5273007812500001
0 0.5438463048933352 0.35447658256397435 0.46789648437500003 0.35258203125000004 0.4637279138566649 0.5196939908735259 0.5396777343750001 0.5215885421875001
0 0.5336447673606084 0.5892943242168659 0.3944765625 0.5864817703125002 0.39155054513939175 0.7312642695331342 0.53071875 0.7340768234375
0 0.8323199303078102 0.5944402117761662 0.8030488281250001 0.4514544265625 0.7158145792799737 0.46931244376307557 0.7450856814627839 0.6122982289767419
0 0.1951302683312152 0.8476838861323724 0.11262243850750372 0.7909566129741925 0.018228498301288632 0.9282492893418202 0.10073632812500008 0.9849765625
0 0.4808437300529076 0.2615959124140231 0.39891441661424953 0.20093703915139835 0.2776488115613419 0.3647252407998754 0.35957812499999997 0.4253841140625001
0 0.7970610803730624 0.7165035774370868 0.7259745657256121 0.7141197907237791 0.7224349697275498 0.8196735054741925 0.7935214843750003 0.8220572921875002
0 0.48310248169264486 0.91352795040972 0.38025097656250006 0.9106080734374998 0.377750276524539 0.9986942377623402 0.4806017816546838 1.0016141147345603
0 0.48821150282000225 0.8445420034293543 0.39307910156250014 0.8419817703125 0.3910590049924981 0.9170439340706457 0.48619140625000024 0.9196041671874999
0 0.4934791110851361 0.7747829986485366 0.3935800781250001 0.7736067703125002 0.3927328029773642 0.8455672607264637 0.4926318359375002 0.8467434890625002
0 0.18191795826572438 0.5670096828531186 0.10724609310136668 0.5272018230917112 0.0544843848356424 0.6261726089885926 0.12915625000000008 0.6659804687500002
0 0.3562957818355839 0.43413984132289796 0.271251953125 0.3641835937500001 0.14576769472691622 0.5167312524271022 0.2308115234375001 0.5866875000000003
0 0.7021392157788574 0.07488424324101461 0.6290214867245875 0.07123432636889253 0.6237055131332301 0.177727687815378 0.6968232421875 0.18137760468750005
0 0.8118359375000003 0.9986979171875001 0.8117304687500002 0.9357773437500001 0.7141550586980876 0.9359409016447661 0.7142605274480875 0.9988614750822661
0 0.8609342401706999 0.5934750552261113 0.7332499789169548 0.5914062496584017 0.7310960121837551 0.7243465584947903 0.8587802734375 0.7264153640625
0 0.6600810734087666 0.8975977038659305 0.5555947265625002 0.8941028640625002 0.5533632625287337 0.9608176601965696 0.6578496093750001 0.9643124999999999
0 0.3723815690628028 0.07019266947720526 0.29826953125 0.009026042187500027 0.2091643293746972 0.11698962271029478 0.2832763671875 0.17815625000000002
0 0.46662901381929067 0.4291189533021605 0.40930468750000004 0.42883593750000015 0.40882020493070953 0.5269669841978398 0.46614453125000016 0.5272500000000002
0 0.3592437103907292 0.8344090104724508 0.26546484375 0.7344049484375 0.19119351170498602 0.8040529327428221 0.28497237834571526 0.9040569947777726
0 0.5966786154461998 0.39714516114034515 0.5414208984375 0.39500390625000004 0.5366124001788001 0.5190931201096549 0.5918701171875 0.5212343749999999
0 0.9168103684003996 0.8193292962513086 0.8211776583824866 0.8137265580479024 0.813423930607087 0.9460743446090939 0.909056640625 0.9516770828125001
0 0.9236294783850955 0.17082410032609469 0.8824111328124999 0.02275781250000004 0.772141029427404 0.05345454498640543 0.8133593749999998 0.20152083281250005
0 0.8872382812499999 1.0076481167306627e-16 0.7583759765625 9.287427122475139e-17 0.7583759765625 0.0402096359375001 0.8872382812499999 0.04020963593750011
0 0.2911826067939254 0.135997846976506 0.223357421875 0.08632682343750002 0.10856934633107462 0.24306855927349408 0.17639453125000001 0.2927395828125
0 0.9465517578125002 0.9946914062499997 0.9298115234375002 0.9215117187499999 0.8263645864472225 0.945175743970019 0.8431048208222226 1.018355431470019
0 0.6524335937500001 0.9986979171875001 0.6521005859375001 0.9560286453125002 0.5495214755787805 0.956829213113348 0.5498544833912805 0.9994984849883479
0 0.8911696303046597 0.7156262154168507 0.8122099609375001 0.7131914062500001 0.8086350571953405 0.8291237845831494 0.8875947265625002 0.83155859375
0 1.028646848289421 0.4024840972920794 0.9701104613554989 0.29544080488009533 0.8231550193160778 0.37580306227551574 0.8816914062500001 0.4828463546874998
0 0.17958303292186192 0.27752795915752904 0.1289453125 0.24260546875000003 0.056408178015638064 0.347784540842471 0.10704589843750001 0.38270703125
0 0.5381128825358493 0.17789188661844496 0.4575588410505912 0.1263758512696512 0.38269400538974185 0.24343969433870635 0.463248046875 0.2949557296875001
0 0.23599947812657485 0.603904610085226 0.16330175781249998 0.479875 0.1115161468734251 0.5102282024147741 0.1842138671875 0.6342578125
0 0.18051591018182553 0.2717235874917124 0.13204259985342182 0.24021620248607006 0.060305986546596316 0.35058115718185784 0.10877929687500003 0.3820885421875001
0 0.13626417506364844 0.3695594230892986 0.07668945312500004 0.32814843750000006 -0.03375733912614831 0.4870395347232014 0.025817382812500077 0.5284505203125001
0 0.28202317210198846 0.7567756114175165 0.20468457031249992 0.6716562500000001 0.13926393727301156 0.7310967838949836 0.21660253906250007 0.8162161453125
0 0.5908458894143191 0.1071276427330707 0.5222122231413252 0.05151911263049658 0.4476876227895062 0.14349954333492598 0.5163212890625 0.1991080734375001