0 0.3405146484375 0.323755859375 0.274375 0.16340332031250002 0.17195438075269404 0.20564813782129895 0.238094029190194 0.366000676883799
0 0.7988449276042296 0.8560527464652316 0.693909384248309 0.8497421410734235 0.687544921875 0.9555732421874998 0.7924804652309209 0.9618838475793078
0 0.6603632812500001 0.6422675781250001 0.5810419427000966 0.609816386004184 0.5442342349857503 0.6997864750531694 0.6235555735356538 0.7322376671739855
0 0.329869140625 0.7114238281250002 0.30275683593749997 0.6092587890625001 0.20402604852476433 0.6354597205644528 0.23113835321226434 0.7376247596269527
0 0.5719609375000001 0.9644423828124999 0.536682448555608 0.8292210333267093 0.4369628906249998 0.8552373046874997 0.47224137956939194 0.9904586541732904
0 0.12341463534528649 0.6132565431490898 0.07462500000000001 0.5177988281250001 0.01394376309221359 0.5488137693509104 0.06273339843750007 0.6442714843750001
0 0.4423614253668299 0.5098478795436028 0.3806595385222919 0.3681636205922225 0.29125123815546206 0.4070999207361197 0.352953125 0.5487841796874999
0 1.0008027017787904 0.8370144318829551 0.9108232421875002 0.8356425781250001 0.9090436016275248 0.9523686467199786 0.9990230612188151 0.9537405004779336
0 0.8943701235164404 0.5388816235835983 0.812330078125 0.5364365234375 0.8096962827335595 0.6248078295414018 0.8917363281249999 0.6272529296875
0 0.3699246494578757 0.8656337533693945 0.34377246093749997 0.7632392578125 0.24392162533395817 0.7887417798222883 0.2700738138543339 0.8911362753791827
0 0.6506572265625 0.7422812500000001 0.595636462068353 0.7220251112743743 0.5697311886308529 0.7923903456493745 0.6247519531250001 0.8126464843750002
0 1.0063776059508533 0.7708355967810542 0.9599900964235868 0.6586319960463884 0.8690988185977332 0.6962085086403341 0.9154863281249999 0.808412109375
0 0.18238724723867467 0.5795891262232267 0.13552600547979457 0.4812951397360449 0.07078906250000001 0.512158203125 0.11765030425888012 0.6104521896121818
0 0.9528135991039683 0.6054576277965245 0.933545636015832 0.5116588787499298 0.8782544978493638 0.5230166806409053 0.8975224609374999 0.6168154296874999
0 0.7078310546875001 0.4972988281250001 0.6522047506268529 0.4630337347888519 0.6016793600018528 0.5450571722888519 0.6573056640625001 0.5793222656250001
0 0.9996910321452278 0.6007683797753716 0.9922978515624999 0.49593164062500017 0.9307620430865604 0.5002712008598357 0.9381552236692883 0.6051079400102071
0 0.8209863643421915 0.7084164539847213 0.6992666015625001 0.7002255859375002 0.6933544311703387 0.7880829379908221 0.81507419395003 0.7962738060380431
0 0.692904296875 0.9595380859375002 0.6887109123966395 0.8490628152111371 0.6251718749999999 0.8514746093750002 0.6293652594783604 0.9619498801013633
0 0.5004130859375 0.22835351562500011 0.4108801139908775 0.16939613330637432 0.3397306999283775 0.2774439848688743 0.429263671875 0.3364013671875001
0 0.628708984375 0.9522968750000003 0.6281718739762939 0.8541755942356625 0.5508896484374999 0.8545986328125 0.5514267588362058 0.9527199135768377
0 0.4708872377880258 0.6102480668045629 0.3793520829756899 0.6067333809250823 0.3757890625000001 0.69952734375 0.46732421731233603 0.7030420296294807
0 0.8976679687500001 0.1308105468750001 0.8281484375 0.1308105468750001 0.8281484375 0.2121259765625001 0.8976679687500001 0.2121259765625001
0 0.30021093749999994 0.6120273437499999 0.27832244546372575 0.5425647041820012 0.18610564858872577 0.5716232979320013 0.20799414062499996 0.6410859375
0 0.9997477902269699 0.39782173121041325 0.9990234375000002 0.28279296875000004 0.9059989230230185 0.2833787575500807 0.9067232757499882 0.3984075200104939
0 0.6733711858884288 0.4495370105230111 0.6061171875 0.3868505859375001 0.5240791039728292 0.47486627950764204 0.591333102361258 0.537552704093153
0 0.30831835937499996 0.5300283203125 0.2422531967721647 0.41620395988381836 0.12756835937499997 0.4827685546875 0.19363352197783526 0.5965929151161816
0 0.7445654296875002 0.5159082031250002 0.6953445668971441 0.5015405860471899 0.6741033559596441 0.5743091407346899 0.7233242187500001 0.5886767578125002
0 0.3063515625000001 0.9339550781250002 0.24124941089848365 0.9333534921331827 0.24064257812500012 0.9990234375 0.3057447297265166 0.9996250234918176
0 0.9152587890625 0.9452783203124998 0.8935009090811097 0.8181499963404434 0.778701171875 0.8377978515625 0.8004590518563903 0.9649261755345566
0 0.9227138671875 0.04340917968750011 0.6988203414352435 0.027220634607134243 0.6945927734375001 0.08568945312500009 0.9184862991897564 0.10187799820536596
0 0.5954931640625002 0.5888876953125001 0.5109218121959661 0.5661220534063716 0.4896435546875001 0.64516796875 0.5742149065540342 0.6679336106561287
0 0.41259667968749997 0.9884189453125002 0.37546135418651116 0.8588426913766855 0.27307660607770917 0.8881851891868202 0.3102119315786979 1.017761443122635
0 0.5489135244963432 0.8291311706569339 0.5178447265624999 0.737896484375 0.40765092862865665 0.7754215637180665 0.43871972656249997 0.8666562500000001
0 0.9319726562499999 0.004996093750000141 0.8215431847157406 -0.009883438742066365 0.814669921875 0.0411269531250001 0.9250993934092593 0.0560064856170666
0 0.81558203125 0.5374638671875 0.735380859375 0.5218291015625 0.7201765049049128 0.5998224066974394 0.8003776767799128 0.6154571723224393
0 0.4869427983411443 0.7540032185576495 0.464736328125 0.6860937500000001 0.38760993603385563 0.7113141642548506 0.40981640625000004 0.7792236328125002
0 0.5311798807717075 0.7932714266562838 0.51576171875 0.7416435546875 0.413919386354176 0.7720577771155877 0.42933754837588367 0.8236856490843714
0 0.8487151534709174 0.7794990106049358 0.8448867170764413 0.6870976158577493 0.804369140625 0.6887763671875 0.8081975770194761 0.7811777619346866
0 0.8408193398545029 0.28267634761112737 0.8287373609051176 0.09510417351202125 0.7424658203125001 0.1006611328125 0.7545477992618853 0.28823330691160615
0 0.9011904296875002 0.8023759765624998 0.8938769531250002 0.6831396484374999 0.8428710685692481 0.6862681441494528 0.8501845451317482 0.8055044722744528
0 0.1853911372944908 0.3918495035768467 0.11050569375892945 0.2645641716217395 0.04150000000000002 0.30516210937500005 0.11638544353556138 0.43244744133010726
0 0.3259153254156153 0.7724071361251796 0.30591015625000006 0.709064453125 0.2280661198968848 0.7336495044998202 0.24807128906250003 0.7969921875
0 0.41343030549855425 0.15654116231612838 0.34524068502241173 0.1403553439162489 0.32554963733635744 0.22331222847512056 0.39373925781249997 0.239498046875
0 0.25096484375 0.9959287109374999 0.24053710937499995 0.9411894531249999 0.18329046376964533 0.9520948405578578 0.19371819814464536 1.0068340983703579
0 0.6083712699838137 0.3811104908949662 0.545440981546838 0.3313570860998295 0.4729160156249999 0.42308984375000014 0.5358463040619758 0.4728432485451369
0 0.527891967425918 0.29117712145548796 0.48846862759121523 0.2519930423966157 0.3974262695402972 0.34359131156612766 0.436849609375 0.382775390625
0 0.5442554671882229 0.3231576041650041 0.5076293824972256 0.28742333999206593 0.42925184499650254 0.3677569467645618 0.4658779296875 0.4034912109375
0 0.5412080078124999 0.557796875 0.4960205078125 0.5202666015624999 0.4414909549292692 0.5859217099649057 0.48667845492926914 0.6234519834024057
0 0.49741015624999996 0.5265214843750001 0.4558201595801221 0.48804041939612075 0.40437582364262215 0.5436410053336208 0.4459658203125 0.5821220703125001
0 0.24453417968750002 0.36002734374999995 0.19308984375 0.24813281250000002 0.11868102961024077 0.2823428135479 0.17012536554774077 0.3942373447978999