0 0.9669716796875001 0.8774482421875002 0.7777225006921024 0.6097254050900371 0.6047001953125 0.7320322265625002 0.7939493743078977 0.9997550636599633
0 0.3806639804697478 0.7914525519410524 0.3318572971219642 0.7152664068257912 0.17301074218750007 0.8170273437500002 0.22181742553528366 0.8932134888652612
0 0.8001484375000001 0.14042968750000012 0.724738264869273 0.016608408413761478 0.650589827369273 0.061766611538761486 0.726 0.18558789062500014
0 0.6320029296875 0.418556640625 0.5569527478828273 0.31345925367486754 0.3731129041328272 0.44473952711236747 0.4481630859375 0.5498369140625
0 0.35020347851109956 0.7039470163246556 0.3044547537675859 0.639074735369509 0.13738476562500002 0.7568945312500001 0.1831334903685137 0.8217668122051467
0 0.9634732643508972 0.32571479775738504 0.8361166089867018 0.13082235689518104 0.7329206883858047 0.19825794976279604 0.86027734375 0.39315039062500007
0 0.4819954853129348 0.1866362626491171 0.41276748585132356 0.08876061172950296 0.22579934428838871 0.22100423189288584 0.29502734375 0.3188798828125
0 0.22207780092179058 0.48548476736958135 0.14660058593750003 0.40242675781250004 -0.01945768373429053 0.5533287091929188 0.05601953125000003 0.6363867187500001
0 0.4429814453125 0.8427890625000002 0.3913195001674111 0.7697020323507383 0.21676757812500003 0.8930849609375 0.2684295232700889 0.9661719910867619
0 0.33028222656250006 0.61287109375 0.2544941788640705 0.5014247786833697 0.05658984374999996 0.6360078125 0.13237789144842954 0.7474541275666304
0 0.7640439453125 0.9176767578125002 0.6696399574049228 0.7735204649473936 0.5428037109375 0.8565820312500003 0.6372076988450772 1.0007383241151069
0 0.4054599609375 0.09730078125000005 0.3403027108042675 0.01006740041819285 0.15396189049176753 0.14925099416819282 0.21911914062500001 0.23648437500000002
0 0.543203125 0.30967285156250013 0.47072329239286165 0.1905757847325678 0.27759243301786163 0.30811094098256775 0.350072265625 0.42720800781250007
0 0.7527460937500001 0.9990234375 0.7260262232043349 0.9445518799791162 0.64337890625 0.9850927734375 0.6700987767956652 1.039564330958384
0 0.7519873046875001 0.5769169921875 0.6173359375000002 0.40299804687499996 0.5121359817746388 0.48444586063118356 0.6467873489621387 0.6583648059436836