0 0.7317890625000001 0.8560478515625002 0.5881757875508764 0.8495752902344542 0.5833984375000002 0.9555751953125002 0.727011712449124 0.9620477566405462
0 0.5472044265625 0.6422636718750001 0.42174303960957776 0.6037269411954223 0.3922432150968216 0.6997674934937405 0.5177046020497439 0.7383042241733183
0 0.2566419265625 0.5113857421874999 0.16268383342609244 0.34525135153528963 0.05423599354486321 0.4065845420926487 0.1481940866812708 0.572718932744859
0 0.42901953125 0.9644648437500001 0.3761241947650993 0.8112764761652178 0.24934158541346158 0.8550540089362817 0.3022369218983623 1.008242376521064
0 1.0000344018165976 0.837005538735456 0.8802742788641916 0.8356341409281137 0.8789375000000001 0.9523710937500004 0.9986976229524063 0.9537424915573427
0 0.8591588546875 0.5388808593750001 0.7482372315667571 0.5364022247405751 0.7462617187500001 0.6248085937500002 0.857183341870743 0.6272872283844253
0 0.5342239578125001 0.7422509765625 0.46706872155978657 0.7093534409633365 0.42639544700522664 0.7923816469409418 0.4935506832579401 0.8252791825401055
0 0.9986979171874999 0.7738818359375 0.9406663442532375 0.6448583018216852 0.8288437500000001 0.6951533203125 0.8868753229342623 0.8241768544283147
0 0.9370794265625001 0.6054462890625001 0.9091395297594488 0.5034417301513641 0.8376744796875 0.5230166015625001 0.8656143764905513 0.6250211604736362
0 0.1490902203787518 0.8620087659763508 0.12669531250000002 0.766275390625 0.006831270104123877 0.7943151852899082 0.029226177982875655 0.8900485606412589
0 0.6104635421875 0.49726464843749996 0.5493088842836517 0.44706355869909575 0.4688515625 0.545076171875 0.5300062204038484 0.5952772616134042
0 1.008679420743507 0.5892822769822436 0.9890215589020859 0.4924489382881738 0.9084830734374998 0.5087988281250002 0.9281409352789212 0.60563216681907
0 0.7613111984375001 0.7084267578125001 0.5955739709568986 0.7000668314600023 0.5911340616257346 0.7880889301944618 0.756871289106336 0.7964488565469596
0 0.5905078125000001 0.9595253906250003 0.5848448695172241 0.8471884082167455 0.5002434923656076 0.8514531905244347 0.5059064353483836 0.9637901729326895
0 0.5049309890625 0.9523085937500001 0.5045328535151758 0.8541452368202588 0.401171875 0.8545644531250002 0.401570010547324 0.9527278100547415
0 0.8576106765624998 0.20869531250000004 0.8543151046874998 0.12837402343749998 0.7726450155751066 0.1317249364002901 0.7759405874501064 0.21204622546279012
0 1.0051826024494601 0.2832835558492877 0.8697072777448401 0.2727283869191745 0.8607096359374999 0.3882128906250002 0.9961849606421198 0.3987680595551134
0 0.2944843750000001 0.6100742187500001 0.17008559411503615 0.6064815518532061 0.1673905968201427 0.6997978507486591 0.2917893777051066 0.703390517645453
0 0.5645065109375001 0.44963183593750006 0.49901651578226874 0.36777303651334864 0.36521223906250005 0.4748212890625001 0.43070223421773146 0.5566800884866515
0 0.21569010468750002 0.9775810546875002 0.19475709261990776 0.8512819409799052 0.0429907250851652 0.876435935412634 0.06392373715275748 1.002735049120229
0 0.659421875 0.5159238281250002 0.5975830916838083 0.4918479289299233 0.5654791671875001 0.574306640625 0.6273179505036919 0.5983825398200769
0 0.8870403640625 0.9452578125000001 0.8704763643806798 0.816530370307925 0.7048997390625 0.8378359374999998 0.7214637387443201 0.966563379692075
0 0.8969518234375 0.04341308593750006 0.5959678327611657 0.027092304295230442 0.5927903640625 0.08569042968750007 0.8937743547388342 0.10201121132976969
0 0.3347135421875 0.22892285156250008 0.23868422376737067 0.14274251527945997 0.11830184645367003 0.2768826003826614 0.21433116487379938 0.3630629366657015
0 0.46070963593750014 0.58876171875 0.33581950831198576 0.5636027861268144 0.31935546875000004 0.6453310546875001 0.4442455963755144 0.6704899873106858
0 0.3993723953125 0.8282998046875003 0.37354710633187027 0.7322446610939085 0.20932543257124098 0.7763971345907458 0.23515072155187075 0.8724522781843376
0 0.09930338593749999 0.7191943359375 0.08414477855700175 0.6116795145774903 -0.01161303394299824 0.6251804911399903 0.0035455734374999935 0.7326953125
0 0.07416406250000011 0.9298427734374999 1.1379786002407854e-16 0.9295292968749997 -0.00027509245346985097 0.9946122292311266 0.07388897004653015 0.9949257057936267
0 0.90931640625 0.005002929687500079 0.75431021138874 -0.0002636157231811098 0.7525684509030238 0.0510002857905143 0.9075746457642838 0.05626683120119549
0 0.7541106765624999 0.5374707031250001 0.6384933133738543 0.5205629095313968 0.6269022039611835 0.5998241980788931 0.742519567149829 0.6167319916724964
0 0.31354427031249993 0.7586992187499999 0.30102763485594497 0.6853672085459397 0.1844174413048283 0.7052707578845727 0.1969340767613832 0.7786027680886328
0 0.06880729218750001 0.6216552734375 0.0622176564560042 0.5401138349101563 -0.006589635731495802 0.5456743817851563 1.1102230246251566e-17 0.6272158203125
0 0.11179557343750006 0.7183095703124999 0.0024236755102760577 0.714405198266533 -0.0000024327959434577993 0.7823669772425748 0.10936946513128054 0.7862713492885416
0 0.7982877609374999 0.7795009765625 0.7931103933903593 0.6857973581022003 0.7391588546875 0.6887783203124999 0.7443362222346406 0.7824819387727995
0 0.7925130203125 0.2828369140625 0.7822488696181917 0.09363808737448168 0.65569140625 0.10050390625000002 0.6659555569443083 0.28970273293801835
0 0.0430234375 0.5570605468750001 0.03085190455676879 0.43374466028352765 -0.010881168880731217 0.4378638009085276 0.0012903640624999935 0.5611796874999999
0 0.8682526046875001 0.8023720703125002 0.8583049777302998 0.6807208823150693 0.7904973953125001 0.6862656250000001 0.8004450222697004 0.807916812997431
0 0.0815755203125 0.13589257812500002 0.06935739864566264 0.0025652857165325824 -0.012218121666837363 0.010040871654032568 0 0.14336816406250003
0 0.3700455734375 0.29026660156250006 0.333032984774262 0.24106567258071138 0.1967304675156633 0.34360253742169317 0.2337430561789013 0.39280346640348185
0 0.39535937500000007 0.32966210937500007 0.36154502050863335 0.2853762357144834 0.24389014507237716 0.3752112855124541 0.2777044995637438 0.41949715917297076
0 0.2399986984375 0.2306123046875 0.22616040568484513 0.1342287009795114 0.10568229218749998 0.1515263671875 0.11952058494015486 0.24790997089548855
0 0.4293203125000001 0.35546582031250007 0.3906037699059681 0.3153433256943209 0.2865559890625 0.41574511718749996 0.3252725316565319 0.4558676118056792
0 0.10238541718750001 0.34800390624999994 0.0916731765625 0.171916015625 -0.010634283908511946 0.17813985151972428 0.00007795671648806457 0.35422774214472424
0 0.4751393234375 0.38117578125 0.4345049174001746 0.3391402072873834 0.32302083281250005 0.4469082031250001 0.36365523884982537 0.4889437770876167
0 0.7523411453125 0.4695068359375 0.64365359828532 0.4524813403159649 0.6325602940232196 0.5232988986106426 0.7412478410503995 0.5403243942321778