0 0.226625 0.473568359375 0.11295419677112276 0.4646491510099399 0.10502213593750005 0.5657392578125 0.21869293916637728 0.5746584661775601
0 0.12373437500000004 0.46360742187500004 0.009093934508019874 0.45578152117531723 0.0020325515625000735 0.55922265625 0.11667299205448026 0.5670485569496828
0 0.1159453125 0.14772070312500002 0.0013945312500000182 0.141654296875 -0.003226280059472744 0.22890818718426517 0.11132450119052724 0.23497459343426516
0 0.9822395828125 0.5645126953125 0.8153443146860659 0.5583357268162393 0.8124804687500001 0.6357138671875001 0.9793757368764341 0.6418908356837608
0 0.110109375 0.0594951171875 0.004641826384559083 0.05420586022321768 -0.000008013183493860154 0.1469234543974624 0.10545953543194705 0.15221271136174475
0 0.4810507812500001 0.331404296875 0.287227332222621 0.3155750469876904 0.27857421012645067 0.4215294024672482 0.4723976591538298 0.4373586523545578
0 0.8060390625000002 0.6711035156250003 0.6428869679862774 0.6570736349409128 0.6317974759781733 0.7860322404312254 0.7949495704918961 0.8000621211153129
0 0.34867057343750013 0.9611113281250002 0.12354338225661454 0.9402595496940286 0.11818619843750014 0.9980986328125001 0.34331338961838576 1.0189504112434717
0 0.30523177031250004 0.33499707031250003 0.24971559325350778 0.3178299782948157 0.22228255156250007 0.40654492187500013 0.27779872862149224 0.4237120138926844
0 0.0974895828125 0.23296777343750003 0.004368489062500031 0.22589648437499998 -0.002721445025673788 0.3192631125909785 0.09039964872432618 0.3263344016534785
0 0.9241640624999998 0.1257421875000001 0.7937535015677621 0.09574985217262569 0.7723216140625 0.18893847656250012 0.9027321749947376 0.2189308118898745
0 0.9467825515625 0.7307851562500001 0.7857941580291335 0.7182315345550401 0.7791302078125001 0.8036904296875 0.9401186013458667 0.81624405138246
0 0.33175390625000006 0.48320898437500004 0.22253219791231524 0.476687886364474 0.21714453125000008 0.5669257812499999 0.3263662395876849 0.5734468792605261
0 0.9637669265625 0.4102568359375002 0.8392600241216236 0.359578254081711 0.8215658802609239 0.40304914380999807 0.9460727827018003 0.45372772566578723
0 0.7991888015625 0.35709472656250013 0.6464630345048975 0.30383364770175403 0.6182135421875001 0.38483886718750016 0.7709393092451027 0.4380999460482462
0 0.1486588546875 0.0011103515625000178 0.013259979479892856 -0.000050064421109250606 0.012704824895651329 0.0647261083775937 0.14810370010325846 0.06588652436120296
0 0.5419075515625003 0.7239453125000002 0.40101048704392517 0.6535736124303262 0.37217447968750006 0.7113085937500002 0.5130715442060751 0.7816802938196742
0 0.97756640625 0.06068847656250005 0.8655738044725707 0.029680477723091302 0.8424414062500001 0.11322851562500011 0.9544340080274294 0.14423651446440885
0 0.2927122390625001 0.702251953125 0.1187121011354565 0.6926407166498629 0.11229291101260848 0.8088526077676021 0.28629304893965213 0.8184638442427392
0 0.46948828125000003 0.5040185546875 0.32483174881955 0.4857784390475148 0.31655063966976177 0.5514532712651582 0.4612071721002118 0.5696933869051434
0 0.61610546875 0.39223828125000004 0.5409670612186083 0.38281432798008325 0.5335755203125001 0.4417480468750001 0.6087139278438919 0.4511720001449168
0 0.6027591140625 0.6429189453125 0.439681684310478 0.5800422990376364 0.40685530960325644 0.6651810768269115 0.5699327393552786 0.7280577231017753
0 0.08335677031250004 0.33074609374999997 0.0003723953125000401 0.32424609374999996 -0.00513710070642392 0.3945848758569836 0.07784727429357607 0.40108487585698355
0 0.9958098953125001 0.44752148437500006 0.8921950690283025 0.4456326245553909 0.8910794265625002 0.5068320312500001 0.9946942528466979 0.5087208910696093
0 0.2344479171875001 3.3306690738754695e-17 0.15094547445781867 -0.004874256307596114 0.14638688070781863 0.07322047025490389 0.22988932343750004 0.07809472656250004
0 0.7070559890624999 0.25909863281250006 0.5955841045416799 0.22587785284316286 0.5776130139553822 0.28617960784102847 0.6890848984762022 0.3194003878103656
0 0.4585963546875 0.9708134765624999 0.3461652000615196 0.96467067551699 0.3443815109375001 0.9973173828125 0.45681266556348055 1.00346018385801
0 0.25128255156250007 0.31432031250000003 0.08219960953942777 0.2860146294848528 0.06820166441076086 0.3696308327527967 0.23728460643383315 0.39793651576794387
0 0.5724713546875002 0.9773750000000001 0.4595242764010735 0.9698703775571849 0.4575872390625001 0.9990234375000002 0.5705343173489268 1.0065280599428155
0 0.6149375 0.32047851562500007 0.5961478664115384 0.2642729902432028 0.4775299295221023 0.30392723341648314 0.49631956311056397 0.36013275879828044
0 0.9986979171874998 0.318109375 0.8872369774075075 0.27781308299936863 0.8531875 0.3719951171875001 0.9646484397799922 0.41229140918813156
0 0.5559466140625 0.3712792968750001 0.46228057362504177 0.35745079262113344 0.4511783859375001 0.432650390625 0.5448444263749583 0.44647889487886666
0 1.003393734661673 0.7133733746991854 0.9408168109097771 0.7105450185219903 0.9361067703125002 0.81475390625 0.9986836940643962 0.817582262427195
0 0.10800651093750009 0.6768623046874999 7.771561172376095e-17 0.6702343749999999 -0.007270590989555787 0.7887134781679992 0.10073591994794422 0.7953414078554991
0 0.7426744796874999 0.4228173828125 0.6159812908754198 0.3991548378881337 0.6061183128174659 0.45196285770763434 0.732811501629546 0.4756254026320006
0 0.8319973953124998 0.5619238281250001 0.706127050544776 0.5400696234669795 0.6823684890624999 0.6769082031250001 0.808238833830224 0.6987624077830208
0 0.9286341140625002 0.43640429687500004 0.8179366725009143 0.3969640502679462 0.8035846359375002 0.4372460937500001 0.914282077499086 0.47668634035705415
0 0.86776171875 0.21265234375000014 0.75145778502041 0.17630170698375752 0.7324710764879618 0.23704971822496895 0.8487750102175518 0.2734003549912115
0 0.6620208328125001 0.5164628906250002 0.46634314575354585 0.47752290920668283 0.4401575515625001 0.6091083984375002 0.6358352386214543 0.6480483798558175
0 0.6790846359375 6.919023205693888e-17 0.4452877609375 5.487430232596868e-17 0.4452877609375 0.12753710937500007 0.6790846359375 0.1275371093750001
0 0.13301562500000014 0.9488574218749999 0.001058593750000117 0.946130859375 -0.00002454272150074488 0.9985512506984534 0.13193248852849926 1.0012778131984534
0 0.6855039062500001 0.9841914062500002 0.5664130166361317 0.9783066767279438 0.5653893234375003 0.9990234375 0.6844802130513685 1.0049081670220565
0 0.36469010468750007 0.07715136718750006 0.2810709183481558 0.07075366218805981 0.2755677078125 0.14268164062500005 0.35918689415184424 0.1490793456244403
0 0.8527473953125002 0.24836230468750015 0.7220468413858903 0.2089770251401724 0.7025481765625 0.27368359375000006 0.83324873048911 0.3130688732973278
0 0.45035677031250004 0.008580078125000057 0.3640799185162821 0.004640563732898975 0.35882552031250003 0.11971386718750003 0.44510237210871806 0.12365338157960112
0 0.9042434890625002 0.4569189453125002 0.7792286992091483 0.42657122438771256 0.7633307296875002 0.4920615234375001 0.888345519540852 0.5224092443622878
0 0.30348046875 3.8857805861880476e-17 0.23426102529274115 -0.005953791017152099 0.22592638935524115 0.0909456230453479 0.2951458328125 0.09689941406250005
0 0.3749544265625 0.002165039062500046 0.3001543303498348 -0.003466502647778991 0.29550260468750006 0.05831933593750003 0.37030270090016526 0.06395087764777907
0 0.8117018234375 0.3178750000000001 0.7183667581744835 0.2748791564745824 0.6996354171875 0.31554101562500003 0.7929704824505163 0.3585368591504177