0 0.26491145781250014 0.8489140625000001 0.12396886716760824 0.8463634319171053 0.12189583281250012 0.9609150390625002 0.262838423457392 0.963465669645395
0 0.2787486984375001 0.7120644531250001 0.11055836404234157 0.7068409610998041 0.10631119843599449 0.8435947266109798 0.27450153283115303 0.8488182186361757
0 0.3535247390625 0.05468847656250002 0.16517202712805343 0.052556322605726014 0.16369401093750005 0.183123046875 0.3520467228719466 0.18525520083177402
0 0.9302851562500001 0.49723925781249995 0.860040745736433 0.33651801051193914 0.758478431421734 0.38090657157187285 0.8287228419353012 0.5416278188724336
0 0.7152135421875 0.63728125 0.5610032718769618 0.6370339364373553 0.56080859375 0.758423828125 0.7150188640605383 0.7586711416876446
0 0.43293489531250007 0.6725703125 0.4323107046026739 0.5628204827524541 0.2726536453125 0.563728515625 0.27327783602232614 0.6734783453725459
0 0.7684778640625002 0.7453886718750001 0.6443062125725187 0.7426093025678663 0.6416093538040417 0.8630946969548221 0.7657810052940233 0.8658740662619561
0 0.5994713546875001 0.5559169921875002 0.4379279158162279 0.5516160377765613 0.43503903651828474 0.6601220696207594 0.596582475389557 0.6644230240316982
0 0.1203450515625 0.15121777343749998 1.8041124150158794e-17 0.14937988281249998 -0.0014872994917037134 0.2467682320337536 0.11885775207079625 0.24860612265875356
0 0.7074648437500002 0.8612011718750002 0.5528396289372152 0.8593078903583233 0.5511289062500001 0.9990234375 0.7057541210627851 1.000916719016677
0 0.29192187500000005 0.17315917968750005 0.11731391869621902 0.1705752809988561 0.11528255156250004 0.30784570312500004 0.2898905078662811 0.310429601813644
0 0.10608723906250006 0.3932548828125001 4.718447854656915e-17 0.39171191406250006 -0.0015293273224531688 0.49686123303730784 0.10455791174004685 0.4984042017873079
0 0.5845299484375001 0.005360351562500051 0.3973831937627463 0.00016661044366179795 0.39527994843750003 0.07595312500000005 0.5824267031122538 0.0811468661188383
0 0.84828515625 0.3789736328125 0.8323462277946388 0.17396801923491734 0.7260625 0.18223144531250002 0.7420014284553613 0.3872370588900827
0 0.2497070312500001 0.9625341796875 0.10544791718750013 0.9625341796875 0.10544791718750013 0.9990234375 0.2497070312500001 0.9990234375
0 0.10579166718750002 0.2556484375 2.914335439641036e-17 0.251701171875 -0.00521135879917204 0.39137212084405026 0.10058030838832795 0.3953193864690503
0 0.043937500000000074 0.5865361328125 7.216449660063518e-17 0.5858857421875001 -0.0013003199102040465 0.6737295761212923 0.04263718008979595 0.6743799667462922
0 1.0009095965278272 0.34960488477658613 0.9653561363455994 0.3482014021359488 0.9631393234375001 0.4043583984375002 0.9986927836197278 0.4057618810781375
0 0.41933984375 0.03852246093750002 0.41928703570268844 0.0005058006955280402 0.3517539048934826 0.000599609376884291 0.35180671294079413 0.038616269618856267