0 0.5152763671875001 0.7994326171874999 0.40261723723762194 0.7936621148960008 0.3959473153626219 0.9238808648960006 0.5086064453125001 0.9296513671875
0 0.711701171875 0.6798242187500001 0.7107792968750001 0.5929707031250002 0.6178554685164681 0.5939570092480347 0.6187773435164681 0.6808105248730346
0 0.6982099695063727 0.4556587370052946 0.6118105468749999 0.45398632812499995 0.6099892492436274 0.5480775911197054 0.6963886718750001 0.5497500000000001
0 0.4766972656250001 0.4504687500000001 0.4538056640625001 0.34367089843750004 0.340872441671406 0.36787758698341344 0.363764043233906 0.4746754385459135
0 0.7818447301106468 0.45265238570830235 0.6994013743085434 0.44912300537344335 0.6961416015624999 0.5252685546875001 0.7785849573646033 0.5287979350223591
0 0.30570996093749997 0.9577441406249999 0.27500781250000006 0.8492460937500003 0.21356424101131308 0.8666330394758452 0.24426638944881301 0.9751310863508449
0 0.24916601562500001 0.7889990234375 0.23800866225745532 0.7191443955246445 0.09838654235767608 0.7414451846948469 0.10954389572522072 0.8112998126077023
0 0.9307007468583322 0.7345087971895652 0.8032534814453195 0.7326308531154744 0.8012275390625 0.8701220703124998 0.9286748044755126 0.8720000143865907
0 0.6934151564526622 0.2910664118256721 0.5837451171875 0.285857421875 0.5790340622973378 0.385043939736828 0.6887041015625 0.3902529296875
0 0.2429003906250001 0.9774013671875004 0.20536132812500005 0.8450878906250004 0.13430069539328607 0.8652487208193858 0.17183975789328612 0.9975621973818857
0 0.4036486307016623 0.17661515195468308 0.3683623046875001 0.09390039062500002 0.2571179708608377 0.14135750429531696 0.2924042968749999 0.224072265625
0 0.36848632812499993 0.94376171875 0.3351259765625 0.8302695312499999 0.2741573623763046 0.8481908917271683 0.3075177139388046 0.9616830792271684
0 0.223283203125 0.721896484375 0.21138768309014194 0.6546199466774251 0.08323027170816862 0.6772801356063325 0.09512579174302664 0.7445566733039073
0 0.19528027343750004 0.659712890625 0.18226464843750004 0.5927607421875 0.05744652407619085 0.6170256229688348 0.07046214907619085 0.6839777714063348
0 1.0021832226286094 0.27419307049070846 0.9347949218749999 0.2720957031250001 0.9316323346423635 0.3737094609610972 0.999020635395973 0.37580682832680556
0 0.7749092061062693 0.2834489754058157 0.6970439453125 0.2817626953125001 0.6949491923312308 0.37848950115668445 0.7728144531250001 0.38017578125000007
0 0.12231066363174928 0.4273456877067116 0.114361328125 0.3671484375 -0.0032657417567492574 0.38268165604328847 0.004683593750000015 0.4428789062500001
0 0.7185410156249998 0.8280195312499998 0.715775898780177 0.7628336948676425 0.6316933593749999 0.7664003906249999 0.6344584762198229 0.8315862270073572
0 0.49410644942727855 0.5908478290125714 0.4921708793061539 0.5095812280037367 0.36572849237887534 0.5125927739911653 0.36766406249999994 0.593859375
0 1.0004956436773391 0.6584276702578642 0.9182919921875001 0.656958984375 0.9163417533463898 0.7661155820430776 0.9985454048362288 0.7675842679259417
0 0.4224990234375001 0.9228232421874999 0.3890233973392241 0.8180047570615525 0.33735839843749993 0.8345048828125001 0.37083402453577596 0.9393233679384474
0 0.9156563002539381 0.7262080071229272 0.9148251953125 0.6656396484375 0.765655223183562 0.6676865241270729 0.7664863281250001 0.7282548828125001
0 0.4555498046875 0.32524414062500007 0.4365616778962771 0.2530448812529372 0.3205791015625 0.28354785156249995 0.3395672283537229 0.3557471109345628
0 0.24094824218749994 0.8502890624999997 0.23350683593749996 0.7868369140625001 0.11881257905097142 0.8002877834349563 0.12625398530097137 0.863739931872456
0 0.15002639372488066 0.48392870545116445 0.136330078125 0.4176796874999999 0.011432590650119312 0.4435009820488355 0.025128906249999992 0.50975
0 0.8511738281249999 0.28616406250000004 0.774662109375 0.28509765625000005 0.7734418564175924 0.3726474536007047 0.8499535751675923 0.3737138598507047
0 0.9991035588704573 0.8694026400481405 0.9258759765625 0.8691318359375 0.9256396040969042 0.9330488279610233 0.9988671864048616 0.9333196320716638
0 0.4380517578124998 0.2582294921875 0.4042636718749998 0.16718066406250004 0.29943462565770274 0.2060825686259883 0.3332227115952027 0.2971313967509883
0 0.09603076511627132 0.3705497256536152 0.0852724609375 0.30362109374999996 -0.006058108866271316 0.31830183684638474 0.0047001953125 0.38523046875
0 0.6865071525135598 0.2282393324528469 0.6614448585084158 0.139152831629838 0.534248046875 0.17493652343750002 0.559310340880144 0.2640230242605089
0 0.1706561392756874 0.6000525972340767 0.1612342002068094 0.5405672558195065 0.042423764056121985 0.5593857523354296 0.05184570312499999 0.6188710937499999
0 0.72698828125 0.6776699218750001 0.631435546875 0.6755517578125001 0.6293484255763884 0.7697041186165332 0.7249011599513884 0.7718222826790333
0 0.6512431475459557 0.2903434381525735 0.6392685546874999 0.23333007812500012 0.563731887922794 0.2491951460661766 0.57570648078125 0.30620850609375
0 0.9306513684193227 0.2861180203278596 0.8552333984375002 0.2854716796875002 0.8544872963188622 0.37253027336578 0.9299052663006847 0.37317661400613944
0 0.15503222656250001 0.5434541015625001 0.14428515625 0.48546289062500003 0.03177615866352733 0.5063133279292644 0.042523228976027325 0.5643045388667646
0 0.6849601795628772 0.5447929713992747 0.6175878906250001 0.5439765624999999 0.6169421641871228 0.5972636692257253 0.684314453125 0.5980800781250001
0 0.05798828125000003 0.1245869140625 0.001197271257598377 0.12095401351138342 -0.002490228742401629 0.17859854476138343 0.05430078125000002 0.1822314453125
0 0.5018568191762296 0.6412363438286623 0.38294140625000006 0.6398535156250001 0.3817418021496433 0.7430126908313875 0.5006572150758728 0.7443955190350497
0 0.07171346070188292 0.31704848237015687 0.06356054687499998 0.25286425781249994 -0.0069107263268829155 0.261815775442343 0.0012421875000000026 0.32599999999999996
0 0.7674648437500001 0.5881728515625002 0.7105048958456208 0.5875086479468488 0.70970997245631 0.6556786996842331 0.7666699203606893 0.6563429032998845
0 0.09422460937500002 0.9975419921875 0.09333651516699486 0.9410563905041871 -0.0008880942080051579 0.942537835816687 -2.7755575615628915e-18 0.9990234375
0 0.9154951386574275 0.4580264272912878 0.8525478515625 0.4565517578125001 0.8500497832175725 0.5631835336462125 0.9129970703125 0.5646582031250003
0 0.9698261742983932 0.5506818121246434 0.968392578125 0.44922851562500005 0.9151210913266068 0.4499812738128566 0.9165546875 0.5514345703125
0 0.9995992165512405 0.4554707081377722 0.9689775390625002 0.4552626953125002 0.9684017363541558 0.540026915061934 0.9990234138428962 0.540234927887206
0 0.0705970389931754 0.1810266016470386 2.185751579730777e-17 0.1799775390625 -0.001114617118175363 0.2549860936654614 0.06948242187500002 0.25603515625
0 0.05843264224357675 0.8002862990418876 9.71445146547012e-17 0.798669921875 -0.002343775056076544 0.8833982712706124 0.05608886718750011 0.8850146484375001
0 0.8010136718749997 0.20223925781250002 0.7791337890624999 0.0577353515625 0.6821356446459393 0.07242220735719784 0.7040155274584393 0.21692611360719782
0 0.5040888671875001 0.7136298828125002 0.3868642366820266 0.7096881284034208 0.3844902132445266 0.7802896909034207 0.5017148437500001 0.7842314453125001
0 0.35992578124999997 0.09341113281250002 0.3346606571102256 0.03712379862145641 0.2204868289852256 0.08837184549645641 0.245751953125 0.14465917968750003
0 0.4948306826117005 0.5948701243256818 0.3725185546875001 0.5934257812500001 0.3718685361382998 0.6484716725493185 0.49418066406250016 0.6499160156250001
0 0.7488818359375001 0.9990234375 0.7485181166337476 0.9376330943709347 0.6376357421875001 0.9382900390625 0.6379994614912526 0.9996803821915654
0 0.04376593111376522 0.8035589434286854 0.04066796874999999 0.7234736328125001 -0.003097962363765222 0.7251666425088149 5.551115123125783e-18 0.8052519531250001
0 0.9990234375 1.0862180588825999e-16 0.7749052734374999 9.48985262757639e-17 0.7749052734374999 0.21538574218750012 0.9990234375 0.21538574218750012
0 0.8018906739904315 0.8301523460615444 0.639355519909714 0.822483354773679 0.6337275390625001 0.9417617187500001 0.7962626931432176 0.9494307100378656
0 0.07567578125 0.95228515625 0.06358245561349833 0.8623545530693122 -0.010788638136501683 0.8723555296318122 0.0013046874999999903 0.9622861328125
0 0.3215564274485974 0.388152135034283 0.31309472656250004 0.35720312499999995 0.2542586085557332 0.37328937885176783 0.26272030944183056 0.4042383888860509
0 0.9970048828125002 0.7597246093750001 0.9334433478238197 0.7587214350124966 0.9326738165738198 0.8074792475124968 0.9962353515625002 0.8084824218750002
0 0.8959179687500001 0.91569921875 0.8943466659308408 0.8646802173942877 0.8161396484375001 0.8670888671875 0.8177109512566594 0.9181078685432122
0 0.7159180931899336 0.20306595150572687 0.6928291015625 0.10624609375000002 0.6536170630600664 0.11559713443177325 0.6767060546874999 0.21241699218750004
0 0.8543916015624999 0.45723242187500024 0.7754648437500001 0.4552812500000002 0.7728639469588707 0.5604899985264554 0.8517907047713708 0.5624411704014555