0 0.5159483799777687 0.299019538383841 0.4026602966509102 0.29315425358425207 0.39586718750000005 0.42436328125000006 0.5091552708268585 0.4302285660495889
0 0.7111640625000001 0.18010546875 0.7103154291952969 0.09347162944029741 0.6181933593750001 0.09437402343750001 0.6190419926797033 0.1810078627472026
0 0.5340654302649475 0.7059697863802482 0.5331533114636311 0.6114834583462446 0.43209862338618354 0.6124589844659963 0.4330107421874999 0.7069453124999999
0 0.5495044416668304 0.8331103656003653 0.4461435546875001 0.8304003906250002 0.4436127458331699 0.9269277203371347 0.5469736328125002 0.9296376953125
0 0.3575986328125001 0.8067451171875002 0.3370896568310909 0.6974853323307768 0.26242679105001965 0.7115001770699932 0.28293576703142886 0.8207599619267165
0 0.3114746621511514 0.692407213795912 0.2761552734375 0.5463994140624999 0.19238557300094145 0.5666633630949973 0.2277049617145928 0.7126711628284094
0 0.9311796875000002 0.23503222656250017 0.803548837860569 0.23280315350448993 0.8011621191105689 0.3694603800669899 0.9287929687500002 0.3716894531250002
0 0.24888085937499999 0.28927832031249995 0.23766210937499999 0.21928613281249992 0.0984549884746447 0.24159905005916923 0.10967373847464472 0.3115912375591693
0 0.305334085394937 0.45753063276813766 0.27524594033490885 0.3505062902358882 0.21525365181497183 0.3673721418427506 0.24534179687499996 0.474396484375
0 0.5257343750000001 0.484607421875 0.40698633487363567 0.48323476773935975 0.405591796875 0.6038759765625 0.5243398370013644 0.6052486306981403
0 0.24470605468749995 0.4779853515625 0.20646860982443793 0.3449379888209965 0.1340361328125 0.3657548828125 0.172273577675562 0.49880224555400343
0 0.7181511056297476 0.32802189851126207 0.715288491065908 0.2628711717284108 0.6316992187499999 0.2665439453124999 0.6345618333138395 0.3316946720953512
0 0.3679941428510363 0.443551472429636 0.3350077359855061 0.3304167297628105 0.27472843688446985 0.3479922104581746 0.30771484375 0.46112695312500007
0 0.5365891775583187 0.6938642587939645 0.43158984375 0.6935322265625 0.4312848458791813 0.7899824208935355 0.5362841796875 0.790314453125
0 0.19578451039477257 0.15973626353373588 0.1827373046875 0.09293457031250003 0.05786197398022739 0.11732428334126419 0.07090917968749999 0.18412597656250002
0 0.2229208131402239 0.22189730224098203 0.21099707031249998 0.15493164062499995 0.08332723373477609 0.17766422119651792 0.0952509765625 0.24462988281249998
0 0.3577658853492098 0.6313114941040905 0.328638671875 0.525337890625 0.2686989584007902 0.5418125293334096 0.297826171875 0.6477861328125001
0 1.0008443706654329 0.15784382076714373 0.9185273437500001 0.1563837890625001 0.9165974519594631 0.2651916690285658 0.9989144788748959 0.26665170073320943
0 0.3150167042546732 0.8784262126880954 0.29709851552339855 0.8031469681736899 0.1910632565812253 0.8283857945480948 0.2089814453125 0.9036650390625003
0 0.6833505859375 0.04672851562500008 0.6143913462815416 0.04601855205927824 0.6138505859375 0.09854296875000007 0.6828098255934585 0.09925293231572191
0 0.422314453125 0.4230322265625001 0.38882016208393394 0.3176694487121399 0.3372579021308112 0.3340608288260716 0.37075219317187724 0.4394236066764319
0 0.9154052738798603 0.2255947608033168 0.914635717564434 0.16602739093093982 0.7654980218095737 0.16795411450262304 0.7662675781250001 0.22752148437500003
0 0.4287958984375 0.628490234375 0.40326857334543764 0.519758555411039 0.32899897242258336 0.5371950952058842 0.3545262975146457 0.6459267741698451
0 0.4914023437499999 0.09182519531250001 0.49071100464865836 0.01073339786503155 0.365625 0.011799804687499997 0.36631633910134154 0.09289160213496846
0 0.24077033759673894 0.3502997092607091 0.23328307566207215 0.28703310263864157 0.1189775390625 0.30056054687499995 0.12646480099716678 0.36382715349706746
0 0.11783886718749999 0.754650390625 0.10518970580871283 0.6592305133998116 -0.012649161378787155 0.6748516071498116 0 0.770271484375
0 0.09845396732489568 0.4535128332582244 0.007832031250000048 0.438671875 -0.006913928262395586 0.5287137292417755 0.08370800781250005 0.5435546874999999
0 0.9988642578124999 0.3704257812500001 0.9258534360455745 0.3696933585766832 0.9252080077142333 0.4340322363580965 0.9982188294811587 0.4347646590314135
0 0.9171279296874999 1.1171619185290639e-16 0.8443926068011601 -0.00033436303924355845 0.8440908203124999 0.06531445312500009 0.9168261431988398 0.06564881616424376
0 0.7275987247287375 0.17775099833055938 0.6313935546874999 0.17579101562500005 0.6294754936161014 0.2699384746816412 0.7256806636573391 0.2718984573872006
0 0.16988098126663953 0.10070686378898808 0.16082322000627775 0.04129282325311599 0.043667824677138194 0.05915334227662792 0.0527255859375 0.11856738281250001
0 0.5025286562420483 0.1402812553964805 0.3817971954977305 0.13834178633576436 0.3801718595681821 0.23951853875178392 0.5009033203125 0.24145800781250007
0 0.156359375 0.04642675781250001 0.14673741144458435 -0.01411607270088407 0.031604598944584394 0.004181778861615935 0.041226562499999994 0.06472460937500002
0 0.5386357421875001 0.9434003906250001 0.4116991361165582 0.934818353788249 0.40736035156250017 0.9989931640625004 0.5342969576334422 1.0075752008992516
0 0.6942255859375 8.743006318923108e-17 0.6090344336951615 -0.0009400123171075553 0.6084912109374999 0.048291015625000065 0.6936823631798383 0.04923102794210771
0 0.9705849609375002 0.000755859375000123 0.9122754250793251 -0.0008674485435416601 0.9108681640625003 0.04968164062500011 0.9691776999206754 0.051304948543541895
0 0.49360060800230443 0.0955761722856004 0.372060546875 0.09331445312500003 0.3710536888726956 0.14742089802689967 0.49259375 0.14968261718750006
0 0.05790773401247333 0.3006876712013112 3.608224830031759e-17 0.29908007812500004 -0.0022426949499732606 0.37986506317368895 0.055665039062500046 0.38147265625000004
0 0.08245996093750003 0.3715556640625 0.0011855468750000431 0.36657421874999996 -0.003772681147175469 0.44746983277579017 0.07750173291532451 0.4524512780882902
0 0.5042566672466051 0.21327932633737948 0.38795975797661947 0.2090380785356921 0.3853661766675145 0.2801552365733127 0.5016630859375002 0.2843964843750001
0 0.9989960937499998 0.0027490234375001205 0.9650097745773113 0.0025065576585150706 0.9647275390625 0.042067382812500116 0.9987138582351884 0.042309848591485164
0 0.7672514967372603 0.09371682297036728 0.7100776710637875 0.09084861004009158 0.706890625 0.15437792968750008 0.7640644506734728 0.15724614261777575
0 0.04504512458055486 0.299900163423042 0.04469433593750001 0.22931445312499998 -0.0003507886430548576 0.22953831313945802 0 0.30012402343750005
0 0.528029296875 0.6116601562499999 0.5267258867982506 0.5603173999661655 0.4368264727357506 0.5625996265286656 0.4381298828125 0.6139423828125
0 0.82221875 9.992007221626409e-17 0.7245817855932699 -0.0017181251114424313 0.7236396484374998 0.05182128906250009 0.82127661284423 0.05353941417394261
0 0.35454687500000004 0.04010644531250003 0.3526883587803928 -0.002770545036597931 0.25017675781250004 0.001672851562500001 0.2520352740321073 0.04454984191159796
0 0.9973046874999998 0.2594990234375001 0.9336960176194976 0.25841796413669843 0.9328603515625 0.30758789062500014 0.9964690214430021 0.3086689499258018
0 0.5494237380776131 0.7864668030821556 0.44160928500048635 0.785711913432346 0.4411835937500002 0.846509765625 0.5489980468271269 0.8472646552748095
0 0.996856448352195 0.9745578021124167 0.9950986203319007 0.8676174047844359 0.9531064297922056 0.8683076495470192 0.9548642578125 0.9752480468750001
0 0.7766640624999999 0.4432734375 0.7723836260151934 0.3268902374127587 0.6294951171875 0.3321455078125001 0.6337755536723064 0.44852870789974136
0 0.03184476776647628 0.22859325847588838 0.030188476562500004 0.178234375 -0.0016562912039762804 0.17928174152411158 0 0.229640625
0 0.10408886718750007 0.781787109375 0.010914066622222407 0.7502382690756303 -0.015546870877777596 0.8283867065756303 0.07762792968750007 0.859935546875
0 0.8950234375000002 0.414189453125 0.8917828920246296 0.36303413753234437 0.8161364076496295 0.36782612971984435 0.8193769531250001 0.4189814453125