0 0.4486290096089018 0.8481225529728048 0.3442540000000001 0.845879 0.3417759785148107 0.9611619995381734 0.44615098812371234 0.9634055525109781
0 0.45923700000000006 0.7118059999999999 0.33515400000000006 0.70652 0.3293255665837632 0.8433360241367615 0.45340856658376316 0.8486220241367614
0 0.5151830000000001 0.05576300000000006 0.3758455876497776 0.053411993042513 0.3736880000000001 0.18128600000000006 0.5130254123502225 0.18363700695748714
0 0.9477122402713783 0.4972387329147218 0.9007719442550556 0.35405382995773066 0.8188567039836775 0.38090809704300893 0.865797 0.524093
0 0.7864117402089205 0.6372810016081889 0.6708817402136406 0.6370299994355845 0.6706180000000002 0.7584230000000002 0.7861479999952801 0.7586740021726046
0 0.33912648860761707 0.15013300743791666 0.23756699999999994 0.14858700000000002 0.2360785113923829 0.24636799256208342 0.337638 0.24791400000000005
0 0.5746309999999999 0.672553 0.5739260871579279 0.5629619994393814 0.454527 0.56373 0.455231912842072 0.6733210005606185
0 0.8263580000000001 0.745379 0.7348020000000001 0.7426459999999999 0.7312061985648212 0.8631060059272757 0.8227621985648211 0.8658390059272756
0 0.14953300399664965 0.10686985486641917 0.05022000000000001 0.104135 0.04702699600335038 0.2200851451335808 0.14634 0.22282000000000002
0 0.6995809999999999 0.555882 0.5800889803005245 0.5516165518599785 0.5762159803005245 0.6601145518599785 0.695708 0.66438
0 0.7806030000000002 0.8612170000000002 0.6656224249550133 0.8593469743837213 0.6633490000000002 0.9991310000000002 0.778329575044987 1.0010010256162791
0 0.23175425649032283 0.3601410033886939 0.13994200000000007 0.358928 0.13901774350967727 0.42888499661130614 0.23083000000000004 0.4300980000000001
0 0.06736201990925128 0.3031186717301268 0.06298800000000002 0.15554099999999998 -0.0020730199092512556 0.1574693282698731 0.002301 0.30504699999999996
0 0.4654000084243187 0.17517045117723057 0.33872399999999997 0.17322600000000005 0.3366959915756812 0.30534554882276954 0.46337199999999995 0.30729000000000006
0 0.14101600185712618 0.36782065340944825 0.061507000000000055 0.36771099999999995 0.06141099814287391 0.43732134659055183 0.14092000000000005 0.4374310000000001
0 0.032498042299058456 0.5861268024276731 7.077671781985372e-17 0.5859050000000001 -0.0006120422990583019 0.6755801975723269 0.03188600000000008 0.675802
0 0.6887471742986975 0.005397006513809624 0.549898 0.00020800000000006648 0.5470688257013026 0.07591199348619053 0.6859179999999999 0.08110100000000009
0 0.8862230313799252 0.37897453806446385 0.8744770000000001 0.177568 0.7945479686200749 0.18222946193553616 0.806294 0.383636
0 0.051070000000000004 0.45044000000000006 0.05047949348630039 0.3719899962854447 0.0019884934863003785 0.37235499628544466 0.002579 0.450805
0 0.07871404486014522 0.9257440148642019 0.004764000000000113 0.9246919999999997 0.003732954937516303 0.99716799935894 0.0776829997976614 0.998220014223142
0 0.437113 1.0000000000000002 0.4360265103986835 0.96321975452702 0.32806299999999994 0.9664090000000002 0.3291494896013165 1.0031892454729803
0 1.0425974943776573 0.264821573038338 0.909921 0.13258399999999998 0.829049635532807 0.21372379171361736 0.9617261299104642 0.3459613647519553
0 1.0028329308768924 0.34966839540545636 0.9748110000000001 0.34825000000000006 0.9719717900956226 0.4043416535540086 0.999993720972515 0.4057600489594648
0 0.0468220000000001 0.29929700000000004 0.0008950013568387712 0.2986649014148549 -0.0009059986431612571 0.42952190141485486 0.04502100000000007 0.43015400000000004
0 0.5611080061197209 0.0012727424678387043 0.515712 0.0001940000000000608 0.5148739768148315 0.0354599756861146 0.5602699829345523 0.036538718153953244
0 0.679514 0.015431000000000005 0.6788976660697642 -0.0025439885500603138 0.5859216660697644 0.0006440114499396743 0.586538 0.018618999999999993
0 0.6801792860903779 0.013685009898858727 0.6245149999999999 0.011759000000000071 0.622646713909622 0.06575499010114143 0.678311 0.06768100000000007