0 0.8761458328125 0.28544726562500006 0.850173023902659 0.17837973925749 0.7107994796875 0.21218945312500007 0.7367722885973411 0.3192569794925101
0 0.7487669265625001 0.7331865234375001 0.6213573571738193 0.7317479479920915 0.6203450515625001 0.821404296875 0.7477546209511807 0.8228428723204086
0 0.5718632812500001 0.8667255859375 0.5326121510867103 0.7173153987881117 0.41390340532524766 0.7485010396088762 0.4531545354885374 0.8979112267582646
0 0.21152864531249999 0.5146787109375002 0.1962214099026663 0.42245588564496933 0.07393754022229429 0.4427526828216492 0.08924477563212802 0.53497550811418
0 0.4010625 0.2522490234375 0.3852329465837262 0.15573914974863615 0.2423619796875 0.17917285156249999 0.2581915331037738 0.2756827252513639
0 0.9981770828125001 0.12912890625 0.9974863473337429 0.05472450573821883 0.8985937500000001 0.055642578124999995 0.8992844854787572 0.1300469786367812
0 0.29456510468749997 0.7827656249999999 0.2854570424475751 0.7119961806593549 0.1562134185258545 0.7286298985267198 0.1653214807657794 0.7993993428673649
0 0.9171171875 0.6819003906250002 0.8361521429590362 0.5506896187585324 0.7420872390625 0.6087333984375001 0.8230522836034637 0.7399441703039679
0 0.27790624999999997 0.7160439453125 0.27295341484923963 0.6524278656388234 0.13776424001402984 0.6629530300400364 0.1427170751647902 0.726569109713713
0 0.7728580734375 0.43229589843749994 0.7614042756354917 0.3398396596937699 0.6480003163379171 0.3538885333813736 0.6594541141399254 0.4463447721251037
0 0.590359375 0.21020996093750005 0.46610091328239467 0.20610004897730955 0.46303776093750004 0.2987109375000001 0.5872962226551054 0.3028208494601906
0 0.3572864578125001 0.85266796875 0.20798581832393032 0.8414215364866214 0.19963151093750006 0.9523281250000002 0.3489321504260699 0.9635745572633787
0 0.6074778640625 0.19352636718750005 0.5910500053221137 0.1146854693024189 0.43188907426248574 0.14784939009194487 0.4483169330028721 0.226690287977026
0 0.9557526046874998 0.7630380859375002 0.8866581130765898 0.681044795228271 0.8254869796875001 0.7325927734375 0.89458147129841 0.8145860641467293
0 0.6671888015625002 0.5072636718750001 0.5496726408064068 0.5061919794930848 0.5487916671875002 0.6027949218750001 0.6663078279435937 0.6038666142569153
0 0.13128645781250003 0.223166015625 0.018367124773157672 0.22115543000047172 0.016755190017807432 0.31168556970531164 0.1296745230571498 0.3136961553298399
0 0.9986979171874999 0.5365654296875 0.9772102080785056 0.4591487909480202 0.8473828125 0.4951835937500002 0.8688705216089945 0.57260023248948
0 0.5034075515625 0.6093066406250001 0.4918599549229521 0.5203275691630346 0.33886848906250006 0.5401826171875 0.350416085702048 0.6291616886494655
0 0.9970117187499998 0.24498632812499999 0.994629737001025 0.12844266431335927 0.8994648237988276 0.13038769572027276 0.9018468055478023 0.24693135953191345
0 0.9940911453125001 0.007561523437500117 0.8968571285246594 0.007539059875423286 0.896845051336889 0.059815429687448 0.9940790681247297 0.05983789324952482
0 0.6088697921875 0.9369746093750002 0.5846492316567242 0.849921067701769 0.42139453125 0.8953427734375003 0.4456150917807758 0.9823963151107316
0 0.4760104171875 0.5261425781250001 0.4645958242292593 0.4431362260389247 0.31532552031250005 0.4636630859375 0.3267401132707407 0.5466694380235754
0 0.1855 0.43083007812500007 0.1779587490064461 0.3681015023693444 0.05434884208245807 0.3829619279756055 0.061890093076011995 0.4456905037312612
0 0.9986979171874999 0.7469716796875003 0.9517872651005523 0.6576527049265344 0.8985794265625 0.6855976562500001 0.9454900786494476 0.7749166310109661
0 0.5138385421875 0.6851845703125 0.5029154150669918 0.60363934611721 0.3503554458076211 0.6240750240390717 0.3612785729281293 0.7056202482343615
0 0.8773072921874998 0.7703457031249998 0.7828211776431611 0.7266256774620418 0.7507916671874999 0.7958466796874999 0.8452777817318389 0.8395667053504579
0 0.85670703125 0.5817041015625001 0.8400431557305253 0.4575516405510984 0.6480012527822578 0.4833277092587423 0.6646651283017324 0.6074801702701439
0 0.41509505156250004 0.325484375 0.4066879263832662 0.25550362056345954 0.28151552788956413 0.27054118384202885 0.28992265306879805 0.3405219382785693
0 0.32282291718749995 0.0445390625 0.3156330813279682 -0.013865683105467371 0.15020572968749998 0.0064990234374999985 0.15739556554703174 0.06490376904296738
0 0.6508203125 0.5013916015625 0.6472643834845946 0.4508597622261882 0.5326705670239915 0.4589237369852762 0.536226496039397 0.509455576321588
0 0.6722161453125001 0.04503515625000003 0.6600345539171357 -0.025870976199211082 0.4848723953124999 0.0042216796875000125 0.4970539867078642 0.07512781213671113
0 0.3197213546875 0.8453964843750003 0.3099270271937706 0.7764611725234766 0.17613918740208984 0.7954697456684078 0.18593351489581925 0.8644050575199314
0 0.44957812500000005 0.4462685546875001 0.4357593862339474 0.362789420125502 0.3027407582556176 0.38480869093725356 0.31655949702167024 0.46828782549925163
0 0.5231223953124999 0.7452607421875 0.5190415452839281 0.6849228112835812 0.40001953125 0.69297265625 0.40410038127857184 0.7533105871539189
0 0.405109375 0.3743642578125 0.3989904452959303 0.3218608022162262 0.2912018234375 0.33442285156249996 0.2973207531415697 0.38692630715877374
0 0.6157916671875001 0.35121777343750005 0.6103258241971075 0.29022312272248624 0.48215234375 0.301708984375 0.48761818674039265 0.3627036350900138
0 0.6580729171875 0.1781015625 0.6291147668243205 0.09959289104519471 0.5757057283121234 0.11929296925731159 0.6046638786753029 0.19780164071211687
0 0.22697135468749993 0.2716708984375 0.17977700487177098 0.17941593668611505 0.10620312499999998 0.2170537109375 0.15339747481572896 0.30930867268888496
0 0.9517539062499999 0.3817080078125 0.9073761279847561 0.29121610136923604 0.7535167931378048 0.3666696498051597 0.7978945714030484 0.45716155624842375
0 0.6260677078125001 0.39049902343750004 0.5231869619363516 0.38951056572182574 0.5225104171875001 0.4599267578125 0.6253911630636486 0.4609152155281744
0 0.6976953124999999 0.732958984375 0.6708135029538124 0.6097871826389932 0.5830401606214007 0.6289434037752994 0.6099219701675883 0.7521152055113063
0 0.27299218750000004 0.2580634765625 0.2381644093976964 0.17440103148477565 0.18231770781250003 0.1976494140625 0.21714548591480365 0.2813118591402244
0 0.0705625 0.0640224609375 0.06940049756671798 0.001293817563469277 0.0014374828090487775 0.002552782914444611 0.0025994852423307934 0.06528142628847534
0 0.25449479218750004 0.6566533203125 0.2503276430160787 0.5995721696884041 0.1272994796875 0.6085537109375 0.13146662885892132 0.6656348615615959
0 0.15931640625000004 0.3039501953125 0.05253686467969441 0.30076066280677616 0.05034244843750004 0.3742255859375 0.1571219900078057 0.37741511844322384
0 0.10220572968750001 0.8506962890625 0.09789322968750003 0.7084238281250002 -0.004218680539895445 0.7115189992491511 0.00009381946010453835 0.853791460186651
0 0.23153255156250002 0.584033203125 0.22177791725628762 0.5159820413218423 0.0943489578125 0.534248046875 0.10410359211871238 0.6022992086781578
0 0.6248372390625001 0.38506347656250006 0.6182502611584955 0.3345901020729612 0.5022656249999999 0.34972656250000006 0.5088526029040046 0.40019993698953893
0 0.6944687499999999 0.22758496093749994 0.6847695928877757 0.17089405842051547 0.56989453125 0.1905478515625 0.5795936883622242 0.24723875407948448
0 0.0606302078125 0.7222626953125 0.053225063995853736 0.5990952475494299 -0.006369987566646263 0.6026782553619299 0.0010351562499999966 0.725845703125
0 0.8304882812500001 0.19596582031250004 0.8092464567144203 0.07628338373538601 0.63658203125 0.10692871093750005 0.6578238557855799 0.22661114751461406
0 1.001999738219214 0.733091483633997 0.9888255203125 0.6470898437500001 0.9371444774145778 0.6550066383797517 0.950318695321292 0.7410082782637487
0 1.0111712666488353 0.6060635177261744 0.9846703650213939 0.5410316121723728 0.8832109375 0.5823769531249999 0.9097118391274414 0.6474088586788016
0 0.7204010421875 0.31085546875000003 0.6521844004336179 0.3097507750552857 0.65146875 0.35394335937500004 0.7196853917538821 0.3550480530697144
0 0.24456640625 0.62617578125 0.24186604476804688 0.578759053220871 0.12084114531249998 0.5856513671874999 0.12354150679445315 0.6330680952166289
0 0.6950559890624999 0.21657519531250005 0.5951447067831842 0.2133203279739016 0.5929843432213464 0.2796347645388261 0.6928956255006621 0.28288963187742455
0 1.0011903720121622 0.5286480092678317 0.9986930489165516 0.4596956627159015 0.9679375000000002 0.4608095703125 0.9704348230956109 0.5297619168644303
0 0.8867291671874998 0.316333984375 0.879589555871917 0.28198968428481125 0.7791639218162555 0.30286651075661347 0.7863035331318382 0.3372108108468022
0 0.9673554687499998 0.4622812500000002 0.9425720087826258 0.3873932899875902 0.8000117187500001 0.43457226562500006 0.824795178717374 0.50946022563741