0 0.2821262263679074 0.5003337873909207 0.25595605468749993 0.33416145781250006 0.1383161564445925 0.3526883469840794 0.164486328125 0.5188606765625001
0 0.732271595422314 0.9235090780677828 0.7047001953124999 0.7926783859375 0.5865653186401859 0.8175742563072174 0.61413671875 0.9484049484375001
0 0.35217304604333527 0.8236422038019381 0.33705758410047687 0.7425688334717705 0.2180261396196416 0.7647612656073326 0.2331416015625 0.8458346359375002
0 0.9440821167597233 0.7169488429480241 0.835466796875 0.7128632812500001 0.8303631957402766 0.8485433445519762 0.9389785156249999 0.8526289062500002
0 0.6731583100156926 0.557828995571808 0.618958984375 0.46001171875 0.48691395560930745 0.533176212240692 0.54111328125 0.6309934890625
0 0.3784531300466701 0.9032033900339463 0.36690820312500005 0.8244453124999997 0.23836913557832995 0.8432874959035536 0.24991406249999998 0.9220455734375002
0 0.30444152288144555 0.10188260336325505 0.21645698862354804 0.09892314228090651 0.21226253605460252 0.22362387173015144 0.30024707031250003 0.22658333281249998
0 0.14308013221884114 0.6874348759720127 0.11156835937500001 0.5746614578125 -0.02820415565634111 0.6137174677779873 0.0033076171875000117 0.7264908859375
0 0.16607425508394602 0.11223357745457138 0.11946591972588853 -0.02187823025863113 0.035486391204442504 0.007307462599297496 0.08209472656250001 0.14141927031250004
0 0.18396376340750392 0.8509360542791429 0.1548974609375 0.7625312500000001 0.03595029909249612 0.8016394660333577 0.06501660156250004 0.8900442703125003
0 0.3538020412679973 0.42663250266771324 0.3347470703125 0.3021705734375 0.2506056724926636 0.3150525197605908 0.2696606434481609 0.43951444899080394
0 0.3953876953125 0.9819752609375001 0.38283398437499994 0.894734375 0.2572731711871813 0.912802212538543 0.2698268821246813 1.0000430984760431
0 0.7179383193470243 0.7630272786841056 0.6867626953124999 0.6715885421875001 0.5576446884654755 0.7156107431908945 0.5888203125 0.8070494796875
0 0.20586888751716556 0.9513769108197477 0.1792856796100452 0.851593350407595 0.05504179209287967 0.8846930020878474 0.08162500000000002 0.9844765625000003
0 0.16669243134896247 0.7631153615488915 0.13886778325129762 0.6770053324261452 0.015080625339835185 0.7170045536897539 0.04290527343750004 0.8031145828125001
0 0.9119777165941951 0.7147598053959218 0.8886582031249999 0.6405234375000003 0.8060193537183048 0.6664823821040786 0.8293388671875 0.7407187500000002
0 0.43470651365157914 0.4118030062726013 0.39773242187499996 0.26364062499999996 0.3176388833416771 0.28362805918542555 0.3546129751182563 0.43179044045802684
0 0.6964951928361826 0.6612437683211743 0.6477587890625 0.5572187500000002 0.5451366431013174 0.6052978988663258 0.593873046875 0.7093229171875001
0 0.3411330262915479 0.7433339150669416 0.32322656250000004 0.66667578125 0.20326541120845212 0.6946973349330584 0.22117187500000002 0.7713554687499999
0 0.9572677572259177 0.6101892236869452 0.9122504284852262 0.507317946745973 0.7698313040718083 0.5696417433715278 0.8148486328125 0.6725130203124999
0 0.18888581413538005 0.2724498216240782 0.1579365234375 0.10557552031250002 0.0761522536326141 0.12074361462547165 0.10710154433049417 0.2876179159370499
0 0.9990234375 0.7053320312500002 0.945732421875 0.7053320312500002 0.945732421875 0.8322473953125 0.9990234375 0.8322473953125
0 0.5779146776867138 0.41323158358302325 0.5136103515625 0.2288111984375 0.3881751660632862 0.2725483648544767 0.45247949218749994 0.45696875
0 0.9982539709856922 0.9984621760685266 0.9981708984375002 0.9333776046875 0.9471141930768081 0.9334427723689736 0.9471972656250001 0.9985273437500002
0 0.10550246336981306 0.5970157739206565 0.10063867187500002 0.40900651093749996 -0.00475051024481304 0.41173292451684346 0.00011328125000000245 0.5997421875
0 0.949005455351854 0.9390481686480611 0.8637060546875001 0.9379231765625002 0.8629045164796778 0.9986975852133195 0.9482039171440318 0.9998225772988804
0 0.23807177692194745 0.2531437047889733 0.21127734375 0.1434505203125 0.16008325111515337 0.15595555150882826 0.1868776842871008 0.26564873598530153
0 0.3346269658990737 0.6593820253523306 0.30532519531249996 0.5644166671875 0.1808290887884263 0.6028302152726693 0.21013085937499998 0.6977955734374999
0 0.4443816443482406 0.16243982171526336 0.41536425781249997 0.07991015625 0.27995917596425934 0.12751851109723664 0.30897656249999994 0.21004817656250002
0 0.6237054981307663 0.4478377188625432 0.5848161485965356 0.382877174304643 0.45517217390326936 0.4604899757545999 0.49406152343749987 0.5254505203125001
0 0.19824609375 0.9945416671875 0.1914130859375 0.9445716140625 0.08407586600793654 0.9592491262219538 0.09090887382043654 1.0092191793469536
0 0.670907342573707 0.07706604771445488 0.6648489039720221 -0.005893463161551427 0.5841484375000001 0 0.590206876101685 0.08295951087600631
0 0.5772417585525913 0.8487072524461642 0.5630498046875 0.8097330734374999 0.4986752336349086 0.8331742584913358 0.5128671875 0.8721484374999999
0 0.3262105487395448 0.5587761172303857 0.2916712778187605 0.4701094500401871 0.15503885407921572 0.5233333328098015 0.18957812500000004 0.6120000000000001
0 0.43102066814114853 0.08599060530758056 0.35423393021452865 -0.00003988676537891589 0.31048181676087994 0.03901117511454055 0.3872685546874999 0.12504166718750004