0 0.45402994843750005 0.5736708984375001 0.352341332003221 0.38808589637480184 0.22944921875 0.45542285156249995 0.3311378351842791 0.6410078536251982
0 0.8798255203125003 0.8926689453125001 0.7549751826267701 0.8533760046350984 0.7248059890625003 0.9492363281250003 0.8496563267482303 0.988529268802402
0 0.4314166671875001 0.9619482421875002 0.41637096321272526 0.8590441427967972 0.2756050931783108 0.8796256514327959 0.2906507971530856 0.9825297508234989
0 0.589265625 0.7591835937500002 0.4936305262055198 0.5957645440896862 0.3885447208643558 0.6572622176876518 0.48417981965883605 0.8206812673479659
0 0.16474348906250014 0.8632421875000003 0.0882585246051574 0.7512776548906605 0.01850907489736402 0.7989247450672758 0.09499403935470677 0.9108892776766154
0 0.63864453125 0.938583984375 0.61782487586303 0.847055988599253 0.4908746809433082 0.8759330473301473 0.5116943363302783 0.9674610431058943
0 0.24318750000000006 0.8295771484375001 0.16979795364043843 0.7141880982293409 0.09435546875000003 0.7621708984375 0.1677450151095617 0.8775599486456593
0 0.9451145828124998 0.7454697265625001 0.8773724301832125 0.6968165365359456 0.8036471359374998 0.7994677734375 0.8713892885667871 0.8481209634640544
0 0.9989855830829069 0.26986246948378145 0.9295832469784427 0.2695871050174915 0.9292955734375001 0.3420917968750001 0.9986979095419641 0.34236716134129
0 0.8970338546875001 0.6994990234375001 0.8299329940702961 0.6179439102066394 0.6994486927074377 0.7253020950171687 0.7665495533246416 0.8068572082480294
0 0.6674713546875 0.47805859375000004 0.57012454814825 0.39327082115918477 0.4528138015625 0.5279580078125001 0.5501606081017499 0.6127457804033154
0 0.40041927031249996 0.86204296875 0.38321741703699497 0.7895441362116105 0.2481536453125 0.8215908203124999 0.265355498588005 0.8940896528508894
0 0.384234375 0.7851533203125003 0.33854359592092836 0.6671567451869129 0.18070703125 0.7282744140625 0.22639781032907164 0.8462709891880875
0 0.9952265625000003 0.7656367187500002 0.9329829871342248 0.7385480271539906 0.8965325515624999 0.8223027343750001 0.9587761269282753 0.8493914259710096
0 0.7943593750000001 0.8394560546875001 0.6694681724751971 0.8139115012922341 0.6529752086111621 0.894548107393916 0.7778664111359651 0.920092660789182
0 0.0902395828125 0.9068925781249998 0.049995663399766285 0.7925036152649676 -0.03616709597523373 0.8228170918274677 0.004076823437499977 0.9372060546874998
0 0.9987515329053357 0.9537674277307667 0.9338037806976569 0.952462783484535 0.9328684890625002 0.9990234375000002 0.997816241270179 1.0003280817462321
0 1.0108958172000677 0.7856242685393735 0.9619267652403265 0.7767434499597977 0.9492421875000001 0.8466865234375002 0.9982112394597413 0.855567342017076
0 0.9986979171874999 0.07911523437500012 0.8179564874336753 0.0029215385841765418 0.7644023437499999 0.12995898437500011 0.9451437735038246 0.2061526801658237
0 0.8660820312500002 0.9838027343749998 0.7844677713555129 0.9700036541788843 0.7795611984375 0.9990234374999998 0.8611754583319872 1.0128225176961152
0 0.24673046875000004 0.6424238281250001 0.131304184821409 0.49556485443503495 0.055470051562500046 0.5551679687500001 0.17089633549109107 0.7020269424399651
0 0.9496484374999998 0.9274072265625 0.843219064479527 0.9133897713842677 0.8326822921874999 0.9933916015625002 0.9391116652079727 1.0074090567407326
0 0.05928385468750001 0.9983720703125002 0.058607512608535375 0.9368151385267982 -0.0006763420789646452 0.9374665057142982 0 0.9990234375000002
0 0.57333203125 0.46875 0.546889383874263 0.3801439054644196 0.4377317703125 0.4127197265625 0.4641744176882369 0.5013258210980804
0 0.9906953125 1.1153550449654653e-16 0.8253789062499999 1.0141279410851624e-16 0.8253789062499999 0.05307128906250012 0.9906953125 0.05307128906250012
0 0.7003867187499999 0.535541015625 0.6631219093723313 0.48840482423283405 0.5303502609375 0.5933710937500001 0.5676150703151684 0.640507285142166
0 0.41117447968750015 0.9685410156250001 0.3089739578125001 0.9685410156250001 0.3089739578125001 0.9990234375 0.41117447968750015 0.9990234375
0 0.7255794265625 0.5730830078125001 0.6962051057168444 0.5349542999559483 0.5814937803645617 0.6233277976418753 0.6108681012102174 0.661456505498427
0 0.9986979171874999 0.6966367187500002 0.962109375 0.6966367187500002 0.962109375 0.7739853515625001 0.9986979171874999 0.7739853515625001
0 0.8007890625 0.62415625 0.7400015551801838 0.5545594093645541 0.61721875 0.6618007812500001 0.6780062573198162 0.731397621885446
0 0.6633958328125 0.7748710937500001 0.6287774790643846 0.7275388557925545 0.5443087322465026 0.7893185029039047 0.578927085994618 0.8366507408613503
0 0.7118893234374999 0.8103847656250002 0.6627825675123006 0.7583905877299457 0.5844531249999999 0.8323701171875 0.6335598809251992 0.8843642950825543
0 0.32648177031250003 0.607861328125 0.2428358067499043 0.47446391257301135 0.1528098953125 0.5309140625000002 0.2364558588750957 0.6643114780519889