0 0.7439010421875001 0.1701621093750001 0.5617632585645587 0.14545182376220897 0.5426171875000001 0.2865761718750001 0.7247549711229415 0.31128645748779127
0 0.9980924484375002 0.86525 0.9976703684059185 0.7996238675174385 0.8936367187500002 0.8002929687500002 0.8940587987815819 0.8659191012325618
0 0.7619700515625001 0.5074775390624999 0.7386694445903773 0.29216501176533904 0.6400091140625 0.302841796875 0.6633097210346228 0.5181543241721609
0 0.89876171875 0.7928359375000001 0.896747970883583 0.735069534324049 0.7253098953125001 0.7410458984375 0.7273236431789171 0.7988123016134512
0 0.5854075515625001 0.7545273437500001 0.4849945817350959 0.7515661494984933 0.48276432343750014 0.8271933593749999 0.5831772932649043 0.8301545536265069
0 0.22895833281250008 0.7934501953124999 0.09572359406068837 0.7896196620729572 0.09412760361125606 0.8451318733717388 0.2273623423630678 0.8489624066112815
0 0.7221247297101266 0.819207624783638 0.721296276732555 0.7469749425760667 0.6503984374999999 0.7477880859375 0.6512268904775715 0.8200207681450712
0 0.8079166671875001 0.311037109375 0.807687090719656 0.23906778749160087 0.7227070312499999 0.23933886718749994 0.722936607717844 0.3113081890708991
0 0.9970494796874998 0.7117187500000001 0.8881770002230904 0.7113243837705459 0.8878893234375 0.7907431640625001 0.9967618029019094 0.7911375302919543
0 0.9414205734375001 0.6680449218749999 0.9349493664593634 0.5673155198057819 0.8134460840539136 0.5751213130778232 0.8199172910320502 0.6758507151470414
0 0.5357786453125001 0.9206123046875 0.4664161314053888 0.9163173388030794 0.4629843750000001 0.9717392578125003 0.5323468889071113 0.9760342236969208
0 0.19532161406250012 0.877412109375 0.09918250059248242 0.8752449741864435 0.0973333321514777 0.9572783496369786 0.1934724456214954 0.9594454848255352
0 0.7579830734374999 0.640064453125 0.6391486155390697 0.4843159503581207 0.5462747390625 0.5551777343750001 0.6651091969609303 0.7109262371418794
0 0.14949739531250003 0.5077138671875001 0.10764650854441575 0.4311980728211168 -0.0046977048249789545 0.49264558168783124 0.03715318194310533 0.5691613760542145
0 0.9989304285373283 0.5841432670443284 0.9279929320923532 0.5839330828428244 0.9277604171875 0.6624072265625001 0.9986979136324751 0.662617410764004
0 0.9750911453124997 0.3087539062500001 0.8070820321695645 0.30874511718754816 0.8070769041762059 0.40677031852266843 0.9750860173191411 0.4067791075851204
0 0.6127291671874999 0.9125107421875001 0.5307987514461323 0.9109360432928867 0.5296549484369231 0.97044726565502 0.6115853641782907 0.9720219645496334
0 0.6838151046875 0.5035888671875 0.4627841221808133 0.2807454140267568 0.35305093766407597 0.38958609677199585 0.5740819201707626 0.6124295499327389
0 0.39798697968749996 0.861732421875 0.3940829865932419 0.7992217610439388 0.2431444654345007 0.808648360226017 0.24704845852875876 0.8711590210570781
0 0.062174479687500096 0.8495126953125001 1.0269562977782698e-16 0.848462890625 -0.0010557756224549297 0.9109909977810167 0.06111870406504507 0.9120408024685167
0 0.9663216140625 0.30107617187499996 0.9613758631789091 0.23280142744169235 0.8446558116164089 0.24125650556669237 0.8496015624999999 0.30953125
0 0.4503502609375 0.8265263671874999 0.44282410245879705 0.7597645429576841 0.3840886656856191 0.7663858749924274 0.39161482416432203 0.8331476992222431
0 0.1861158859375 0.7123134765625 0.18279446176433814 0.622454846701433 0.03473586801433814 0.6279275029514328 0.038057292187499994 0.7177861328124999
0 0.3453828125000001 0.6786972656250001 0.13721996314212923 0.481279617524906 0.046108022568921034 0.5773506696459801 0.2542708719267919 0.7747683177460741
0 0.9556253886883436 0.45243039208217894 0.9530703125000002 0.397482421875 0.8012656965627963 0.4045413242875787 0.8038207727511397 0.4594892944947576
0 0.0200716140625 0.7029736328124999 0.019323925593928242 0.6381319031699746 -0.000747688468571757 0.6383633484824746 -1.3877787807814458e-18 0.7032050781249999
0 0.39386588593749994 0.14521191406250003 0.20169034716743814 -0.060668492896421254 0.062233802416589025 0.06950482965706012 0.2544093411866508 0.2753852366159814
0 0.5137721359374998 0.3218945312500001 0.3436626063936989 0.13189425509964425 0.2346651355947679 0.22948099999678115 0.40477466513856886 0.41948127614713704
0 0.39749088593750004 0.8043486328125 0.39547967331293316 0.7649400955203418 0.23263281249594092 0.7732509764829649 0.23464402512050783 0.8126595137751232
0 0.6542708328125001 0.7457412109375 0.5760716140625001 0.7440703125 0.5743504958154187 0.8246198535597768 0.6525497145654188 0.8262907519972769
0 0.09323115173835592 0.7901572710987187 0.0013164062500000961 0.7856943359375002 -0.0011246324676270959 0.8359678542282442 0.09079011302072873 0.8404307893894629