0 0.5445126437459689 0.7600469545035958 0.4016679707350354 0.7536002169537449 0.3932666551140669 0.9397537827626493 0.5361113281250003 0.9462005203125001
0 0.5321975223838569 0.151377176410526 0.4331064453125001 0.15073958281250005 0.4322897823036434 0.27766058296447416 0.5313808593750001 0.2782981765625001
0 0.3581888149704831 0.4172474239467999 0.33666015625 0.264015625 0.261841656696969 0.27452742446934547 0.2833703154174521 0.4277592234161454
0 0.5474414062499999 0.5753372390624999 0.5467785127735254 0.45652966522016725 0.44077929687500006 0.45712109374999993 0.44144219035147464 0.5759286675923325
0 0.313315216707312 0.26702968519874953 0.27829101562499997 0.0651119796875 0.19239865048018803 0.08001068042625048 0.22742285156249994 0.2819283859375
0 0.5363378906250001 0.38734765625 0.535884150115874 0.2766523459882091 0.43137789634313045 0.277080717530613 0.4318316368522567 0.3877760277924039
0 0.5336585883799548 0.5891282698715561 0.4046572000893761 0.5865065103994735 0.40073591639692124 0.7794498545904175 0.5297373046875 0.7820716140625
0 0.3223983035436054 0.5089062106002843 0.30182421874999993 0.41168750000000004 0.18662025114389452 0.4360677472122158 0.20719433593749997 0.5332864578125001
0 0.107721117376501 0.3663294729325552 0.10295703125 0.20759505156249997 -0.0047640861265010204 0.2108280786299448 -1.3877787807814458e-18 0.3695625
0 0.42423989388640565 0.04303190153060206 0.33602539062500003 0.041187500000000044 0.3333040514260945 0.17134440003189805 0.4215185546875001 0.17318880156250005
0 0.3599010664417061 0.18278825665612922 0.33035546875 0.0356796875 0.26678448043329384 0.0484474199063708 0.29633007812499995 0.1955559890625
0 0.42523328854074965 0.7487759313224476 0.3562871093750001 0.7483710937500001 0.35568272708425064 0.8513008921150526 0.42462890625000027 0.8517057296875002
0 0.09311707629972987 0.8727981531679463 0.004646484375000104 0.8701106765625001 0.0008633924502703449 0.9946484608945537 0.0893339843750001 0.9973359374999999
0 0.06676828925410853 0.8966809831818537 0.06619335937500001 0.7866783859375001 -0.0005749298791085184 0.7870273511931465 6.938893903907229e-19 0.8970299484375002
0 0.5277141896991236 0.1506595798870305 0.5223866086844912 -0.003144864863088753 0.4002080078125 0.0010872390625000007 0.4055355888271325 0.15489168381261925
0 0.5458836161447909 0.3846488036956005 0.4402998046875001 0.38430989531250004 0.44004216509514765 0.46457515725148824 0.5456259765524385 0.4649140656345887
0 0.9990423549833535 0.6500268483728899 0.9963359374999999 0.49380729218749997 0.9417136708507078 0.49475359277271364 0.9444200883340613 0.6509731489581037