0 0.1806601562500001 0.8575429687500001 0.06971614396406292 0.7777807805956225 0.03184082031250015 0.8304628906250002 0.14278483259843733 0.9102250787793776
0 0.3249453125 0.9432656250000001 0.2165943930598379 0.8617624444468145 0.17183300781250005 0.9212685546875001 0.28018392725266217 1.0027717352406857
0 0.7439316406250002 0.895361328125 0.6521571940720382 0.786771445931451 0.5811728515624999 0.8467636718749999 0.6729472981154618 0.9553535540685489
0 0.7311522482930702 0.5219136579201518 0.6771950605708057 0.4868865552064549 0.6296707419652355 0.5600949675988032 0.6836279296875001 0.5951220703125001
0 0.42798925781249997 0.6293085937499999 0.237814556820305 0.503328523336952 0.19084082031249996 0.5742382812499999 0.38101552130469496 0.7002183516630479
0 0.8083730468749998 0.9889882812499998 0.7066884765625001 0.9014306640624999 0.6493678190973304 0.9679997029605557 0.7510523894098302 1.0555573201480557
0 0.5086552734375002 0.6633349609375001 0.424982546611495 0.619909915903844 0.3857431640625001 0.6955175781250001 0.4694158908885053 0.7389426231586562
0 1.008944257009859 0.8176523504651809 0.9032617187499999 0.7177529296875004 0.8566605442049816 0.7670518182443055 0.9623430824648407 0.8669512390219861
0 0.7346662318688914 0.7483894551319267 0.6829873046875 0.6905781250000003 0.5772807647726178 0.7850717228188332 0.6289596919540091 0.8428830529507596
0 0.5503953710171186 0.3236494872653727 0.4506678975910711 0.23094238540851025 0.39567871093750007 0.29009570312500005 0.49540618436354744 0.3828028049818625
0 0.5835273437499999 0.5443017578125 0.43879101562499995 0.4853056640625 0.40956594974988 0.5570041182330544 0.55430227787488 0.6160002119830544
0 0.8227177734375 0.048802734375000115 0.6636171815300149 0.018135552801013442 0.64826953125 0.09775878906250009 0.8073701231574851 0.12842597063648675
0 0.9053789062500002 0.71556640625 0.8265923462443059 0.6374644202686746 0.777138671875 0.6873515625000002 0.8559252318806942 0.7654535484813256
0 0.8200361328125 0.6423769531250001 0.7180398386266622 0.5356775246968987 0.6672695312499999 0.5842099609375002 0.7692658254358377 0.6909093893656016
0 0.9992691606884978 0.12264069945709377 0.9337720601703425 0.1207552675977297 0.9303593447943449 0.23930792751563607 0.9958564453125002 0.24119335937500014
0 0.015382812500000023 0.17000097656250004 0.0011621093750000208 0.16966699218750006 -0.00038499418383070445 0.23554103319245337 0.013835708941169297 0.23587501756745338
0 0.6834973958144392 0.42248016632524543 0.619611328125 0.3834980468750001 0.5701852213730609 0.4645003024247548 0.6340712890625001 0.503482421875
0 0.5856308593749999 0.45288671875000014 0.5236888531884 0.410842580768657 0.4687406110008999 0.49179570576865694 0.5306826171875 0.5338398437500002
0 0.6308036272689815 0.3973210128613559 0.5549033203125001 0.324626953125 0.4961596131712197 0.38596161265502704 0.5720599201277012 0.45865567239138294
0 0.23494921875000002 0.5121865234375 0.15806261818168213 0.4591257107514677 0.10572082130668217 0.5349704373139677 0.18260742187500006 0.58803125
0 0.15555468750000012 0.4839648437500001 0.07850616115838142 0.4209190960147188 0.021913178276730515 0.4900816658777377 0.09896170461834922 0.553127413613019
0 0.9612173993755008 0.11510460148893686 0.8151962890625001 0.06578515625000006 0.7807472589257216 0.1677791183760602 0.9267683692387223 0.217098563614997
0 0.672240234375 0.0162470703125001 0.5794667594054259 -0.011648871446311704 0.5484726187804259 0.0914282769911883 0.64124609375 0.1193242187500001