0 0.09914843750000003 0.199359375 2.4410811913511133e-17 0.1993408203125 -0.000017247810883290106 0.29150585943681523 0.09913118968911672 0.29152441412431523
0 0.7648808651531152 0.30386457083169394 0.6236523523272781 0.302634757195814 0.6225117187500001 0.4336220703125001 0.7637402315758373 0.4348518839483801
0 0.09559767727284525 0.1032041498481648 0.000600585937500013 0.10105273437499998 -0.0016396694603452039 0.19997260796433522 0.09335742187500004 0.20212402343750005
0 0.4894453125 0.20662304687500002 0.489302193031427 0.1144648430741155 0.3886889117814269 0.1146210930741155 0.38883203124999993 0.20677929687500002
0 0.26837402343750016 0.8227021484374999 0.16507422416819686 0.8211558880308024 0.1635019531250001 0.9261933593750001 0.26680175239430337 0.9277396197816976
0 0.6949853515625 0.05444433593750009 0.6003349663177159 0.051953897084682635 0.597673828125 0.15309179687500007 0.6923242133697841 0.15558223572781754
0 0.5895244140625 0.3997666015625 0.48748535054130365 0.39819342561165555 0.4859658192913037 0.49675299592415556 0.5880048828125 0.49832617187499995
0 0.9514912109375002 0.805958984375 0.8301513671875 0.8016025390625 0.8262352914975122 0.9106767907173661 0.9475751352475124 0.9150332360298661
0 0.8254550781249999 0.9219267578125001 0.8243035484031637 0.8127128820420463 0.7038055015281638 0.8139833898545463 0.70495703125 0.923197265625
0 0.9298974609374999 0.005617187500000112 0.830599609375 0.0029892578125001014 0.8273548663539458 0.1255937599023605 0.9266527179164458 0.1282216895898605
0 0.13935661362481078 0.617150414828649 0.05990332031250008 0.615470703125 0.058042800001423075 0.7034765589325084 0.1374960933137338 0.7051562706361574
0 0.39828027343750005 0.35835058593750013 0.30247341646057085 0.3552226491864644 0.2987548817726754 0.4691191724742156 0.3945617387496046 0.47224710922525126
0 0.17237403946753876 0.8719879063604209 0.07008886718750011 0.8676142578125001 0.06549510115746147 0.9750472498895792 0.16778027343750015 0.9794208984375
0 0.70541015625 0.9538535156249998 0.5850459932399574 0.9489987977435007 0.5830283203125 0.9990234375000002 0.7033924833225427 1.0038781553814993
0 0.21302832031250002 0.6133134765625 0.13537402343750007 0.6127910156249999 0.13481930204832523 0.6952402407173404 0.2124735989233252 0.6957627016548404
0 0.4813359375000001 0.6099990234375 0.39064741439452916 0.6085996086567953 0.3895683593750001 0.6785273437500001 0.48025688248047105 0.6799267585307047
0 0.09453710974094467 0.0020419511153586434 0.0008291015625000004 0.00120703125 -0.00007324255344466953 0.10248246294714133 0.09363476562500002 0.1033173828125
0 0.5736012808172499 0.11415235210729383 0.4876930895768707 0.11311913738014763 0.4866669921874999 0.19843554687500004 0.5725751834278792 0.19946876160214622
0 0.3195541265254 0.4286846005831042 0.19599414062500004 0.4272861328125 0.19391003949906935 0.6114244527279811 0.31747002539946934 0.6128229204985852
0 0.9990234375 0.8859257812499999 0.9220341796874999 0.8859257812499999 0.9220341796874999 0.9990234375 0.9990234375 0.9990234375
0 0.9353193359375 0.13113574218750013 0.8257285344572021 0.12770154747095502 0.8216611328125 0.2574990234375002 0.931251934292798 0.26093321815404524
0 0.7147626953125001 0.4250507812500001 0.5889931663036093 0.4231346185272355 0.5869882812500001 0.5547275390625 0.7127578102588908 0.5566437017852647
0 0.8330068359375 0.12475390625000009 0.7709023304746146 0.12338146009892689 0.7688671742246147 0.21547423353642695 0.8309716796875 0.2168466796875001
0 0.3927423948948987 0.6164902366315379 0.30352636718750015 0.6155195312500001 0.3027312379176016 0.6885986305559623 0.39194726562500015 0.6895693359375001
0 1.0007957926260063 0.004820406675965805 0.9475439453124999 0.0034091796875001133 0.9457704180367758 0.0703322221640936 0.9990222653502823 0.0717434491525593
0 0.05982617187500007 0.6293779296875 0.0032880859375000763 0.6288212890624999 0.0025242878087764083 0.7064003989966383 0.059062373746276396 0.7069570396216383
0 0.933872976483668 0.2580703390129518 0.8038671179439328 0.25426659952741365 0.8018945312500001 0.3216865234375001 0.9319003897897353 0.32549026292303823
0 0.04228029677130947 0.6703969033100291 0.0416748046875 0.558162109375 -0.0006054920838094634 0.5583902060649708 0 0.670625
0 0.13307226562500013 0.9769414062500001 0.015500541383390642 0.9762577531846244 0.015368164062500128 0.9990234375 0.13293988830410963 0.9997070905653758
0 0.3072383763929082 0.6092516169425766 0.20984863281250005 0.6063896484375 0.20743432804428644 0.6885458712904813 0.30482407162469455 0.6914078397955578
0 0.040067510018977646 0.43098919752645415 5.412337245047638e-17 0.43034179687499996 -0.0016309865814775365 0.5312832634110458 0.03843652343750006 0.5319306640625
0 0.02721094491883531 0.3254146671230026 0.00025292968750004056 0.3248769531249999 -0.001497077731335225 0.4126126766269974 0.025460937500000048 0.413150390625
0 0.8322304741279123 0.00045630458203163376 0.7705742187500001 9.367506770274758e-17 0.7698710865230685 0.09500781244651514 0.8315273419009805 0.09546411702854668
0 0.8208476562500001 0.23661718750000013 0.7698301143881812 0.23458405098465426 0.7677305050131811 0.28726959785965417 0.8187480468750001 0.2893027343750001