0 0.6736968772562255 0.8006694609966114 0.6029073012342083 0.7499309458038058 0.5108627677279829 0.8783500269946944 0.5816523437500001 0.9290885421875
0 0.2614311425015547 0.11067320306006803 0.17513671874999998 2.2204460492503132e-17 0.10694872602331348 0.05316773506528889 0.1932431497748682 0.16384093812535688
0 0.3829669178620301 0.7861776005316756 0.22973828125 0.5342213546875001 0.14691029962352517 0.584593666973024 0.3001389362355552 0.8365499128171994
0 0.6006082138313703 0.8978651124780935 0.5255712890625001 0.8490195312500001 0.45993377835613014 0.9498523359594067 0.5349707031250002 0.9986979171875001
0 0.2600277470598871 0.5555528144554225 0.15434179687500005 0.3838151046875001 0.06549373731511299 0.43849145741957773 0.17117968750000007 0.6102291671875001
0 0.09805494306744693 0.8118488353122487 0.029304687500000128 0.7904361984374999 -0.002998302442446743 0.8941524678127513 0.06575195312500007 0.9155651046875001
0 0.8269200143751668 0.5120572454973299 0.7573080012160147 0.46708685627678903 0.6744094712158478 0.5954098185919591 0.7440214843749999 0.6403802078124999
0 0.7494286602244106 0.6083768923537017 0.6881318359375 0.5773281250000001 0.5890762225880894 0.7728848263962984 0.650373046875 0.8039335937500001
0 0.25211320810307347 0.3120747269541151 0.18411621093750002 0.25430078125 0.05632331533442658 0.40470652304588495 0.12432031250000006 0.46248046875000004
0 0.5237578066997561 0.44211788787541434 0.42263867187500004 0.31292838593750005 0.36349354086131697 0.3592224298612446 0.4646126756860731 0.48841193179915887
0 0.5928198853363952 0.5386575511674098 0.5058818359374999 0.43074088593750004 0.44614886466360487 0.4788619800825903 0.5330869140625001 0.5867786453125
0 0.3461750022477815 0.2163719394414015 0.24539746093749995 0.08940885468750001 0.18447512613314992 0.13776624238302485 0.2852526674434316 0.2647293271369263
0 0.4368270013959236 0.33669157783811354 0.3331093750000001 0.2043385421875 0.27188786465388337 0.25231439484746326 0.37560549104980695 0.38466743049807683
0 0.8826753544387367 0.4289395160397561 0.8223876953125 0.3832044265625002 0.7503969111862634 0.4781021495852443 0.8106845703125 0.5238372390625001
0 0.7300607631417316 0.04884909666477109 0.6590400390625 0.00032552031250006054 0.5935993931082681 0.09610663146022902 0.6646201171874999 0.14463020781250005
0 0.7063489988807676 0.7075534317062037 0.6572864440967782 0.6739930339903619 0.5923407655285107 0.7689383007216584 0.6414033203125001 0.8024986984375001
0 0.6915938018382002 0.15614063592314023 0.6383925781250002 0.11711588593750015 0.5840588591452922 0.19118734929532435 0.6372600828584922 0.23021209928096442
0 0.5615596152692938 0.047153634753716166 0.5083583984375 0.008128906249999979 0.4540240708484456 0.08220123049947521 0.5072252876802394 0.1212259590031914
0 0.6723776641688126 0.10037018440189596 0.5564921874999998 0 0.49743823850703184 0.06818254912059904 0.6133237151758445 0.168552733522495
0 0.10231713078879476 0.039628274200321986 0.03188867187500001 0.012466145312500005 -0.006992912038794758 0.11328188204967801 0.063435546875 0.1404440109375