0 0.2661554662077047 0.5492880961119159 0.15258613298308768 0.5432939040871106 0.14568261718750006 0.674091796875 0.2592519504121171 0.6800859888998052
0 0.46159570312499987 0.4297607421875 0.4606748830727446 0.3429384757311613 0.3679521484375 0.343921875 0.36887296848975526 0.4307441414563386
0 0.28428417968749997 0.9626904296874998 0.28328515624999995 0.86301953125 0.18129491996793864 0.8640418019231779 0.18229394340543867 0.9637127003606778
0 1.0020965516286917 0.01775275904549767 0.9175458984375 0.015419921875000112 0.9144705459034691 0.12688207998612414 0.9990211990946609 0.1292149171566217
0 0.766669921875 0.016711914062500093 0.6852909980492891 0.014799576053676525 0.6827011542992891 0.12500953699117653 0.7640800781250001 0.12692187500000013
0 0.44824513775232616 0.20572052632496537 0.36166406249999994 0.20417675781250005 0.3599482216226738 0.30040837992503466 0.446529296875 0.30195214843749996
0 0.5320400390625 0.20287109375000006 0.4491396484375 0.19928222656250005 0.4457339650334905 0.2779511964036874 0.5286343556584906 0.2815400635911874
0 0.9009131096906804 0.030454979360967627 0.8232851562500001 0.028740234375000097 0.8214462653093196 0.11198838001403258 0.89907421875 0.1137031250000001
0 0.23014355468749997 0.208251953125 0.21061230468749997 0.09109765625000002 0.09237014112029704 0.11081026875140924 0.11190139112029704 0.22796456562640924
0 0.1075568175489234 0.8847917389179176 0.08012890625000002 0.772662109375 0.018170721513576616 0.7878176360820823 0.045598632812500005 0.8999472656249999
0 0.9313750000000004 0.6906367187500002 0.8309290842414351 0.6901640550659095 0.8304775390625002 0.7861220703125003 0.9309234548210655 0.7865947339965909
0 0.6818398437500001 0.4850380859375001 0.552232421875 0.48300683593750005 0.5500717526167898 0.6208720775774748 0.6796791744917898 0.6229033275774748
0 0.44485263780419004 0.042943394957716555 0.3303466796875 0.039154296875000036 0.32711318144014034 0.13687011388470816 0.4416191395568303 0.14065921196742467
0 0.24448551298785065 0.34083105103976374 0.24265722606409573 0.2599228295063333 0.11551367187499999 0.2627958984375 0.11734195879875495 0.3437041199709304
0 0.29263281250000006 0.8527314453124999 0.26698828125000007 0.7208095703125001 0.1399367410343427 0.7455073483983637 0.16558127228434266 0.8774292233983637
0 0.6822978515625 0.02879492187500009 0.6072402375380845 0.027063339454623005 0.6050234375 0.12315332031250006 0.6800810515244154 0.12488490273287715
0 0.11670898437499999 0.6936630859374999 0.0863918438957888 0.5801395837209239 0.02419750795828881 0.5967489587209239 0.0545146484375 0.7102724609374998
0 0.466345703125 0.5994912109375 0.4649658203125 0.51512890625 0.38163479320986304 0.5164919208389547 0.38301467602236305 0.6008542255264546
0 0.5252180969697939 0.03320511633814894 0.44733789062500007 0.03091601562500006 0.4444899099997584 0.12781053734077266 0.5223701163445523 0.13009963805392152
0 0.1782900390625 0.8794443359375002 0.15392675781249998 0.7693867187500001 0.07906763379870763 0.7859581650440763 0.10343091504870763 0.8960157822315763
0 0.75266699744995 0.6224879089833759 0.6769101562500002 0.6214169921875 0.6760156111978375 0.6846972654298894 0.7517724523977873 0.6857681822257653
0 0.9224668683594885 0.3413525391137936 0.8285595703125 0.3412851562500001 0.8285028582030115 0.42032128901120674 0.92241015625 0.4203886718750002
0 0.9345391268075419 0.6856552731655572 0.9342685546875 0.6216718749999999 0.8257304044424583 0.6221308596469429 0.8260009765625002 0.6861142578125001
0 0.9155849609374999 0.1910947265625001 0.8020175699640127 0.18965234364635 0.8007773311914926 0.28730372318100483 0.9143447221649798 0.2887461060971549
0 0.9354628918587503 0.8224940960867027 0.8050605468750002 0.8188818359375002 0.8021972393428779 0.922247042532818 0.932599584326628 0.9258593026820205
0 0.8311123421045776 0.4449606744720893 0.6889316406250001 0.44066894531250006 0.6868876578954226 0.5083840520904109 0.8290683593750001 0.5126757812500002
0 0.1723741628611068 0.6727914548413582 0.1391824749916234 0.5682300208003558 0.08744503088051662 0.5846534097089978 0.12063671875000001 0.6892148437500001
0 0.7186777343749999 0.20062792968750007 0.6663945320199065 0.2004470430923008 0.6660400390625 0.3029091796875001 0.7183232414175934 0.3030900662826993
0 0.6658926320478734 0.4751181634768028 0.6652587890625 0.4167626953124999 0.5211356882646266 0.41832812558569704 0.5217695312500001 0.47668359374999997
0 0.9320830078125002 0.5308427734375001 0.8246015625000002 0.5292597656250001 0.8236585549320807 0.593287128939488 0.9311400002445808 0.594870136751988
0 0.6027109375 0.03200390625000008 0.5268701217534622 0.030546637373090924 0.5251035156249999 0.12248632812500007 0.6009443313715377 0.1239435970019092
0 0.8218291015625001 0.0476777343750001 0.7678642545531773 0.04676288757294468 0.7665781217406773 0.12262909851044465 0.8205429687500001 0.12354394531250006
0 0.9217197355500357 0.278696548948326 0.8271621093749999 0.2775107421875001 0.826332019005273 0.34370312484644416 0.9208896451803087 0.3448889316072701
0 0.4776035449768396 0.4278131372739578 0.3813037109375001 0.42566503906250003 0.37917476114206894 0.5211064443411602 0.4754745951814085 0.5232545425526179
0 0.2060791015625 0.07677929687499999 0.18706106138603273 0.0022440093450141418 0.06818359375 0.03257617187499999 0.08720163392646726 0.10711145940498583
0 0.25218164062500004 0.391599609375 0.13338566549325548 0.3901289053005189 0.13210742187500005 0.4933789062500001 0.2509033970067446 0.4948496103244812
0 0.9270945762635957 0.4110654445899799 0.832935546875 0.4102871093750001 0.8324532671602937 0.46863085247768355 0.9266122965488893 0.4694091876926634
0 0.80004296875 0.2095849609375001 0.7309657794638639 0.20735575798026287 0.7280995685263638 0.2961721642302629 0.7971767578125001 0.29840136718750015
0 0.5179667986683929 0.3374929694473882 0.46076171875000005 0.33696582031250005 0.4601318269391669 0.4053203124170798 0.5173369068575597 0.40584746155196794
0 0.9284346827426777 0.5294667844020177 0.9277089730631296 0.4661064342568205 0.836392454382952 0.4671523451673029 0.8371181640625001 0.5305126953125001
0 0.24443121271129958 0.34456348533691145 0.12132771294995086 0.3425947199726804 0.12045117187500005 0.39740332031250003 0.24355467163634875 0.3993720856767311
0 0.055967773437499965 0.7076445312499999 0.026642578124999993 0.59925390625 -0.025374957851989975 0.6133273042233045 0.003950237460509998 0.7217179292233046
0 0.9388554687500001 0.9222060546875002 0.83733984375 0.9202500000000002 0.8364100626174075 0.9685039232627428 0.9379256876174076 0.9704599779502427
0 0.434494140625 0.29503124999999997 0.36822363281250003 0.2941025390625 0.3674847258465944 0.3468291064792432 0.4337552336590944 0.34775781741674316
0 0.6655488282477422 0.20849901230024184 0.6005097656250001 0.2077822265625001 0.599335937377258 0.3142920033247584 0.664375 0.3150087890625001
0 0.9468671875000002 0.9990234375000002 0.9455452136230523 0.9613412978502665 0.84401171875 0.9649033203125 0.8453336926269479 1.002585459962234
0 0.4385693359374999 0.03997460937499999 0.43112651451051376 -0.012839644316914067 0.31577495201051387 0.0034162150580859365 0.3232177734375 0.05623046875
0 0.2541503906250001 0.46373535156249995 0.13683593750000006 0.45976171875 0.13444596956886076 0.5303212782407267 0.2517604226938608 0.5342949110532267
0 0.04720605842781008 0.9004931279719213 1.1032841307212493e-16 0.9004335937500002 -0.00007617561530985397 0.9608349970280792 0.04712988281250012 0.9608945312500001
0 0.9315732421874999 0.780595703125 0.8594140481738284 0.778582544754058 0.8581513528613284 0.8238423103790581 0.9303105468749999 0.82585546875
0 0.0868935546875 0.9990234375000002 0.08651033747833631 0.9513383124270751 0.003809570312500001 0.9520029296875002 0.00419278752166369 0.9996880547604252
0 0.76453125 0.29062109375 0.7622431061456173 0.20660544373093126 0.7129393952081174 0.2079482171684312 0.7152275390625001 0.2919638671875
0 0.28844531250000005 0.956158203125 0.18494726562500013 0.956158203125 0.18494726562500013 0.9990234375 0.28844531250000005 0.9990234375
0 0.07213761145051643 0.13945972458181374 0.0630712890625 0.105216796875 0.003609458861983572 0.12096019729318627 0.012675781250000013 0.15520312500000003
0 0.54541015625 0.5767968750000001 0.39048294973736375 0.5719091655317172 0.3865654296875 0.6960839843750002 0.5414926362001363 0.7009716938432831
0 0.8316406913493106 0.7622095486102674 0.8195888671875 0.659720703125 0.7492362617756895 0.6679935763897326 0.7612880859375 0.7704824218749999
0 0.9990234375 0.5234687500000001 0.9846445312500001 0.5234687500000001 0.9846445312500001 0.6021894531250002 0.9990234375 0.6021894531250002
0 0.9990234375 0.2025644531250001 0.981796875 0.2025644531250001 0.981796875 0.3119345703125001 0.9990234375 0.3119345703125001
0 0.18241699218749996 0.01089648437500001 0.176019364228295 -0.020403286173504388 0.07282502829079504 0.000689487263995614 0.07922265625 0.03198925781250001
0 0.9990234375 0.25244335937500006 0.9859296875 0.25244335937500006 0.9859296875 0.36990527343750007 0.9990234375 0.36990527343750007
0 0.9990234375 0.3896738281250001 0.9873662109374999 0.3896738281250001 0.9873662109374999 0.4684218750000002 0.9990234375 0.4684218750000002
0 0.6466788755391302 0.6639774837665814 0.6437451171875 0.6127460937500001 0.56652620258587 0.6171680240459188 0.5694599609375002 0.6683994140625