0 0.5220890011394711 0.602241066037348 0.520138 0.48917200000000005 0.4106659988605289 0.49106093396265205 0.4126169999999999 0.60413
0 0.7416020000000001 0.3667890000000001 0.6138439995707818 0.3664741741790197 0.6133199995707819 0.5791161741790197 0.7410780000000001 0.5794310000000001
0 0.22112901180818664 0.7956870004431649 0.0878500000000001 0.7906850000000002 0.08323598819181359 0.9136259995568354 0.21651500000000015 0.918628
0 0.38377701851749385 0.22484572113876453 0.243639 0.21554 0.23372998148250615 0.36476327886123555 0.373868 0.37406900000000004
0 0.6199550000000001 0.48521100000000006 0.5177490145354997 0.48130062008421665 0.5133580000000001 0.596069 0.6155639854645005 0.5999793799157833
0 0.8536830000000002 0.1606590000000001 0.735584997900631 0.15976727803653618 0.734614997900631 0.28823227803653617 0.8527129999999999 0.2891240000000001
0 0.7059410000000002 0.7648950000000001 0.5575899637134701 0.7579709516329767 0.5509790000000001 0.899614 0.6993300362865302 0.9065380483670236
0 0.142776003336487 0.16306844620976063 0.14229799585950928 0.09914144626566898 0.028547992523022314 0.09999200005590833 0.029026000000000003 0.16391899999999998
0 0.5712310000000002 0.832173 0.4297728447565158 0.8233429903094913 0.4212160000000001 0.9604250000000002 0.5626741552434844 0.9692550096905089
0 0.38 0.04427900000000005 0.22362499280396322 0.04065831079174355 0.21972099280396318 0.20926931079174346 0.376096 0.21288999999999997
0 0.8550493334741869 0.4860940055092355 0.7572930000000002 0.48447900000000005 0.7557006665258135 0.5808629944907648 0.8534570000000002 0.5824780000000003
0 0.16119417864167246 0.3199210012110802 0.03964900000000004 0.3190970000000001 0.03888282135832768 0.43211299878891996 0.16042800000000007 0.4329370000000002
0 0.263707 0.5062570000000001 0.16862700000000005 0.5052300000000001 0.16756385831382697 0.603656009271017 0.26264385831382697 0.6046830092710171
0 0.14644500000000002 0.22438300000000005 0.14623349190820012 0.16519299824222738 0.030656 0.16560599999999998 0.03086750809179991 0.22479600175777265
0 0.9796549999999999 0.4773310000000001 0.85413 0.47319600000000006 0.8507566101723654 0.5756010201000816 0.9762816101723655 0.5797360201000817
0 0.17423001424721365 0.4269044850503773 0.036432000000000055 0.423092 0.03225497235396361 0.5740659992351116 0.1700529866011772 0.5778784842854889
0 0.7552620000000001 0.23758900000000005 0.5959779932880681 0.22984113798689157 0.588098993288068 0.39182113798689155 0.747383 0.39956900000000006
0 0.15726700000000002 0.313659 0.15626014744867373 0.23270001060281859 0.033477147448673715 0.23422701060281859 0.034484 0.3151860000000001
0 0.4633219999999999 5.551115123125783e-17 0.3070391057200493 -0.0077469994530803415 0.30366499999999996 0.060320000000000026 0.45994789427995064 0.06806699945308044
0 0.08187514777427525 0.8238928874840192 1.0130785099704553e-16 0.822894 -0.0020201477742750286 0.9884781125159808 0.07985500000000012 0.9894770000000002
0 0.156387 0.025997000000000013 0.022881000000000006 0.020484000000000006 0.019688559736848153 0.09779398181976275 0.15319455973684815 0.10330698181976276
0 0.39521500744547056 0.4155498471869331 0.25953200000000004 0.408939 0.25039595139265447 0.5964499976317172 0.38607895883812493 0.6030608448186503
0 0.5115210000000001 0.9790399999999998 0.4255980000000002 0.9775209999999998 0.4252198367071105 0.9989119971132071 0.5111428367071105 1.0004309971132073
0 0.44330700000000006 0.9798290000000002 0.3659910000000001 0.9778550000000001 0.3654452373433365 0.9992309805281667 0.4427612373433365 1.0012049805281669
0 0.19985100000000003 0.026540000000000015 0.19970735978334322 -0.0008740804799055189 0.032887000000000007 -2.168404344971009e-20 0.033030640216656804 0.027414080479905532
0 0.7846950355913815 0.5711005563155529 0.779562 0.490868 0.7303029644086182 0.49401944368444717 0.7354359999999998 0.5742520000000001
0 0.14966301175543997 0.9045906765327801 0.06921400000000012 0.901667 0.06594898824456027 0.9915083234672195 0.1463980000000001 0.9944319999999998
0 1.0000179960379674 0.8629672279638296 0.9991529999999997 0.7395229999999999 0.9698895104587912 0.7397280545653513 0.9707545064967589 0.863172282529181
0 0.8559339999999999 0.2858470000000001 0.750985 0.28251500000000007 0.7493148242080404 0.33512102616757844 0.8542638242080403 0.3384530261675785
0 0.8085319221639287 0.4937650212418193 0.7317339226942472 0.4919959982192811 0.729763 0.5775590000000002 0.8065609994696816 0.5793280230225383
0 0.4182600000000001 0.5042800000000001 0.36633900374187234 0.5038005947442412 0.365385 0.607122 0.4173059962581278 0.6076014052557588
0 0.06626900000000001 0.999601 0.06610600000000001 0.9795780000000001 -0.0001618565443863143 0.9801174626487906 0.0000011434556136877272 1.0001404626487906