0 0.2932174484375 0.14478320312499998 0.1886948535904967 0.06763397267309365 0.1393141785117497 0.1345354344802198 0.24383677335875303 0.21168466493212615
0 0.4752994796875001 0.2647568359375001 0.2715447243811039 0.11879698987210285 0.21476560408106043 0.19805862295209586 0.4185203593874567 0.3440184690174931
0 0.20962760468750002 0.07844726562500001 0.09738583103726824 -0.007488017150234033 0.04208072968750001 0.06474707031250002 0.15432250333773181 0.15068235308773406
0 0.8954856765624999 1.0169288422605562e-16 0.76509375 9.370868145108449e-17 0.76509375 0.0647353515625001 0.8954856765624999 0.06473535156250011
0 0.9793333328125 0.7695351562500001 0.916501180446066 0.7171826956687133 0.8383117317725631 0.8110237739667037 0.9011438841389972 0.8633762345479905
0 0.5716848953125002 0.8808447265625 0.30330191629996184 0.7485328247092509 0.262556904879113 0.831180473120774 0.5309398838916513 0.9634923749740233
0 1.0116601039615545 0.2740783952195579 0.8806810355099504 0.2567279394334828 0.8649205734375001 0.3757041015625001 0.995899641889104 0.39305455734857514
0 0.12331510468750002 0.021875976562500038 0.08823847406437357 -0.03412906983531566 1.3877787807814458e-18 0.021135742187500004 0.03507663062312644 0.0771407885853157
0 1.0452463919692543 0.8501525943963717 0.9514393654970593 0.7730182648138972 0.8878684890624999 0.850330078125 0.9816755155346948 0.9274644077074745
0 0.4734374999999999 0.267876953125 0.3420405546067547 0.18296241799200946 0.29459025541747097 0.25638711921309804 0.4259872008107163 0.3413016543460886
0 0.7786835937500001 0.7943242187500001 0.5691729148264146 0.7302952532345295 0.5454895828125 0.8077900390625 0.7550002617360855 0.8718190045779709
0 0.6782903640625 0.9131396484375 0.5472382567071998 0.8615254983202094 0.5145234375000002 0.9445908203125001 0.6455755448553004 0.9962049704297907
0 0.7328346359375001 0.5742275390625001 0.5793997279642579 0.4667468575452438 0.5273138015625001 0.5411025390625002 0.6807487095357423 0.6485832205797564
0 0.37770312500000003 0.1943564453125001 0.3219776096180615 0.12363675313338822 0.22230468750000001 0.20217675781250005 0.27803020288193847 0.2728964499916119
0 0.89169140625 0.2564804687500001 0.7656772994934528 0.2360126182879502 0.7495611984374999 0.3352343750000001 0.8755753051940471 0.35570222546205005
0 0.5997200515625 0.47998730468749995 0.4331543033917312 0.352893986505196 0.36057291718749995 0.448017578125 0.5271386653582687 0.5751108963073039
0 0.47180468750000004 0.5286376953125 0.3897317480977208 0.42537217201001865 0.21782682343750004 0.5619980468750001 0.29989976283977926 0.6652635701774816
0 0.3253502609375 0.7635478515624999 0.1885496749324047 0.704072952096247 0.15184706035054174 0.7884940982903144 0.28864764635563706 0.8479689977565673
0 0.20586458281250014 0.7246982421875001 0.06906446134829078 0.6652247549900949 0.032362410182096915 0.7496463232236118 0.16916253164630626 0.809119810421017
0 0.84275 0.6295546875000001 0.7059482100177294 0.5700811775393143 0.669246365821934 0.6545032670536917 0.8060481558042045 0.7139767770143776
0 0.7730546875000001 0.6947421874999999 0.7079972917351851 0.6446264654654522 0.6303085937499999 0.7454775390625 0.695365989514815 0.7955932610970479
0 0.90004296875 0.6697226562500002 0.8321643268792309 0.6217694011504011 0.7722148437499998 0.7066289062500001 0.8400934856207689 0.7545821613495991