0 0.509748437471121 0.8854395250901209 0.40228906249999996 0.7156432296875002 0.31566453933632727 0.770465492412768 0.42312391430744833 0.9402617878153888
0 0.20223780851735723 0.5275188401537368 0.046246093750000036 0.3862200515625 -0.026395035079857097 0.46641475359626317 0.1295966796875001 0.6077135421875
0 0.5077542185815804 0.4433191367544122 0.4281816406250001 0.33924088593750007 0.3617349493261913 0.3900424173028996 0.4413075272827716 0.49412066811981187
0 0.9978007812499999 1.3322676295501878e-16 0.8978574492464663 -0.005096683219240772 0.8911855742464663 0.12573534803075923 0.9911289062499999 0.13083203125000015
0 0.26775344873816137 0.5293004565403662 0.17563334390104235 0.49292430390327624 0.127193371725381 0.6155952020504101 0.21931347656250005 0.6519713546875
0 0.3146499654039913 0.1190629928913159 0.200345703125 0 0.14246917522100866 0.0555633086711841 0.25677343750000003 0.17462630156249997
0 0.770069132651002 0.7794471834150647 0.66884765625 0.6487213546875001 0.6103554087740006 0.6940121109608625 0.7115768851750026 0.824737939688427
0 0.5015863986824602 0.6447295707004305 0.4332968749999999 0.5873463546875 0.31061770288003976 0.7333420449245696 0.37890722656250003 0.7907252609375
0 0.35147024832671137 0.4021797614286754 0.18872167968750003 0.3134244796875001 0.14159420479828866 0.39984107294632476 0.30434277343750005 0.48859635468750007
0 0.6852928434014822 0.6660895476183194 0.5904599609375001 0.5395664062500001 0.5270580937084245 0.5870880039427795 0.6218909761724067 0.7136111453110988
0 0.8359316012668996 0.8683257053289862 0.7529550781250001 0.7645325515625 0.6962930081081005 0.8098305446710139 0.7792695312500001 0.9136236984375001
0 0.9794800520897283 0.39166872782682166 0.8984814453124998 0.3362252609375003 0.8546615494727716 0.4002427315481789 0.9356601562499998 0.45568619843750025
0 0.5961321970792799 0.5577971413736569 0.4922363281249999 0.42685546875 0.43003479510822 0.47620936956384324 0.5339306640625 0.6071510421875
0 0.721367462682409 0.16371555632415083 0.6545901735849073 0.135624199557293 0.6107490780899981 0.2398409354206422 0.6775263671874999 0.26793229218750003
0 0.810303433018321 0.3044954467040363 0.6921865234375 0.22387760468750004 0.6373938326066791 0.3041568970459637 0.7555107421875 0.3847747390625
0 0.6928792091282598 0.28062682304472514 0.6007509765624999 0.18654427031250012 0.5526140448307576 0.23368128257242665 0.6447422773965176 0.32776383530465164
0 0.8120166195141032 0.36367017611147595 0.76216015625 0.33964973906250007 0.7147216617358968 0.43811237545102416 0.7645781250000001 0.46213281250000005
0 0.914763691668322 0.42091788134711255 0.7929912109374999 0.32192187499999997 0.743762675519178 0.38247664990288727 0.8655351562499998 0.4814726562499999
0 0.43487635683599357 0.22268935299095088 0.36998046875 0.18681640625000007 0.3126265728515064 0.2905723657590492 0.37752246093749997 0.3264453125000001
0 0.39943759708789306 0.16396549638021032 0.30376096185461626 0.11200412340915544 0.18882629445422325 0.3236336785914452 0.2845029296875001 0.37559505156250006