0 0.8793580734375002 0.8660039062500002 0.8242795113634012 0.7961739784292134 0.7007460931507391 0.8936113273652426 0.7558246552248381 0.9634412551860294
0 0.4914739578125002 0.8219355468750003 0.2848368496412988 0.6307634468841048 0.21508203125000006 0.7061611328125001 0.4217191394212015 0.8973332328033955
0 0.7865859375000002 0.9360029296875002 0.6764286347455745 0.8728034096558019 0.6276145828124998 0.9578867187500002 0.7377718855669255 1.0210862387816984
0 0.325859375 0.6476093750000002 0.18286717318763365 0.516678024856329 0.10849739531250005 0.5978984375 0.2514895971248664 0.7288297876436712
0 0.30888541718749996 0.2717041015625 0.25106296095872194 0.22082533781954017 0.17274170230675284 0.3098355105718789 0.23056415853553083 0.36071427431483877
0 0.9874583328125002 0.7182109375000001 0.9284764555255081 0.6673295625816449 0.7984216117709586 0.8180896166725289 0.8574034890579508 0.8689709915908839
0 0.31427213593750003 0.4986806640625 0.26651485976078343 0.42667513942611335 0.09797395781250004 0.538458984375 0.14573123398921667 0.6104645090113866
0 0.7709700515625 0.6415488281249999 0.6290406236709488 0.5314963393965755 0.5831310222167109 0.5907037552798129 0.725060450108262 0.7007562440082373
0 0.6682669265625 0.5520273437500001 0.533139354152281 0.4546950318740527 0.49000911406250003 0.5145732421875 0.625136686472719 0.6119055540634475
0 0.5434687500000001 0.4676142578125001 0.41652639109445894 0.3726875719714192 0.36908463593750007 0.4361298828125001 0.4960269948430412 0.531056568653581
0 0.6335260421875001 0.13220605468750007 0.5188591636652946 0.10973630475873394 0.5043880203125001 0.1835849609375001 0.6190548988347055 0.20605471086626626
0 0.4196080734375 0.38634179687500003 0.27245085909278266 0.27199762793169613 0.22392317656250005 0.33445117187500006 0.37108039090721745 0.44879534081830397
0 0.3116315109375001 0.9307070312500001 0.16039062500000015 0.9307070312500001 0.16039062500000015 0.9990234375 0.3116315109375001 0.9990234375
0 0.929484375 0.791779296875 0.889368895917211 0.7433740478429522 0.802125 0.8156767578125003 0.8422404790827889 0.8640820068445481
0 0.5754778640625001 0.4850996093750001 0.47922953777930594 0.4360753398849341 0.4460686159887703 0.5011794863321075 0.5423169422719645 0.5502037558221735
0 0.2332877609375 0.17763574218750003 0.15251255313909087 0.13327929685009962 0.11485731287853833 0.20185128979518208 0.19563252067694747 0.24620773513258243
0 0.1667721359375 0.1407734375 0.05465709426585556 0.06994987780613589 0.013212508417027258 0.13555744525389285 0.1253275500886717 0.20638100494775694
0 0.1272486984375 0.296533203125 0.04079086839945435 0.2408370523739829 0 0.3041572265625 0.08645783003804566 0.35985337731351713
0 0.9618320312499999 0.29420703125000014 0.8568063765646313 0.23361647954715936 0.8189797339325537 0.299183928519524 0.9240053886179224 0.3597744802223648
0 0.9155729171874999 0.384572265625 0.8105480111629275 0.32398130868687286 0.7727209182625299 0.38954863222500186 0.8777458242871023 0.450139589163129
0 0.7189036453124998 0.30793945312500004 0.6387488870933231 0.2579984557619436 0.6054466140625 0.3114482421875 0.6856013722816768 0.3613892395505564
0 0.54443359375 0.18724804687500016 0.4642794588207197 0.13730629535415256 0.4309765625 0.19075585937500011 0.5111306974292803 0.2406976108958477
0 0.8422955734375 0.29637500000000017 0.5900675230477258 0.16285225823113836 0.5611302078125 0.21751562500000018 0.8133582582022741 0.351038366768862
0 0.6311796875 0.2219267578125001 0.5378646215071324 0.1709932378839641 0.5081236984374999 0.2254814453125001 0.6014387644303676 0.2764149652410361
0 0.1248450515625 0.8695419921875001 0.024245475535174154 0.8382071347214787 0.0018958328125000979 0.9099599609375 0.10249540883982595 0.9412948184035212