0 0.46999121093750007 0.14505273437500002 0.4063015650780173 0.08232500548892316 0.3546298828125 0.13478906250000006 0.41831952867198285 0.19751679138607692
0 0.23613183593750012 0.8910126953124999 0.10101823568679742 0.8139080274156048 0.05959929037429732 0.8864881055406049 0.19471289062500002 0.9635927734375003
0 0.40871484375 0.08006445312500002 0.33877529087598574 0.008871968776533002 0.28202098742477955 0.06462744132928928 0.3519605402987937 0.1358199256777563
0 0.606624231088659 0.26471211356852686 0.46996749319806846 0.13341574637798098 0.4089340824219095 0.19694093749695413 0.5455908203125001 0.32823730468749995
0 0.9216113281250001 1.1275702593849246e-16 0.8239682601605484 -0.00021800259558492076 0.8238237153195069 0.06452343637601707 0.9214667832839586 0.06474143897160209
0 0.9845012906259456 0.7695336770616537 0.9270800781249999 0.733654296875 0.8787311312490544 0.8110317526258465 0.9361523437500001 0.8469111328125003
0 0.6785615234375 0.8803769531249998 0.49929003906249997 0.76376171875 0.45235460506781633 0.8359151124906005 0.6316260894428163 0.9525303468656002
0 1.0174566850975604 0.275617928560105 0.9162060546874999 0.2577353515625001 0.895471892445115 0.37513157462068275 0.9967225228551755 0.3930141516182877
0 0.605119140625 0.26773437500000014 0.521919921875 0.19634082031250008 0.4705283632951599 0.2562305056335782 0.5537275820451599 0.32762406032107816
0 0.8340172391600476 0.7943264316980683 0.6887146438576865 0.7351151529182341 0.6591005859375 0.807787109375 0.8044031812398611 0.866998388154834
0 0.7587165640767303 0.9131175778221546 0.675388671875 0.8693876953125003 0.6359182015482696 0.9445992190528457 0.71924609375 0.9883291015625002
0 0.7996302814855221 0.5742309495726026 0.7007734031161327 0.4818915694455138 0.6454839419431107 0.5410834714354111 0.7443408203125 0.6334228515624999
0 0.53303125 0.1942265625000001 0.4757205321126266 0.13998553225305552 0.4167576414876266 0.2022853369405555 0.474068359375 0.2565263671875001
0 0.16386523437500003 0.4074677734375 0.034110197468138856 0.3633619203587942 0.016929687500000033 0.41390527343750005 0.1466847244068612 0.4580111265162058
0 0.9187724609375 0.25648437500000015 0.8332469820391616 0.23795310587333734 0.8121689453125001 0.33523242187500013 0.8976944242108384 0.35376369100166294
0 0.2575224609375001 0.16860742187500002 0.08362304687500002 0.133046875 0.06408513769537767 0.22859183302007174 0.23798455175787772 0.26415237989507173
0 0.189140625 0.6084521484375 0.12144335937499999 0.5846738281249999 0.10093178480815682 0.643070615349227 0.16862905043315685 0.666848935661727
0 0.281857421875 0.4139736328125001 0.21416015625000004 0.39019531250000006 0.19364858168315682 0.4485920997242272 0.2613458473081568 0.4723704200367272
0 0.22545800781250006 0.4344199218750001 0.15776171875000003 0.410640625 0.13724872063939406 0.46903822426182007 0.20494500970189405 0.4928175211368201
0 0.16357031250000006 0.54906640625 0.09587304687500005 0.525287109375 0.07536041881903403 0.5836844975514137 0.14305768444403405 0.6074637944264139
0 0.24805371093750006 0.4780546875000001 0.18035644531250006 0.4542763671875001 0.15984487074565684 0.5126731544117271 0.22754213637065684 0.5364514747242272
0 0.22298925781250006 0.5334580078125001 0.15465813553443214 0.5094560628675915 0.12670214843750002 0.5890439453125002 0.19503327071556797 0.6130458902574087
0 0.60458203125 0.5127333984375001 0.5215353672116968 0.4367954545914435 0.4083139105107743 0.5606158242294483 0.49136057454907756 0.6365537680755051
0 0.7101001836542775 0.47057238736748347 0.600255859375 0.3712451171875001 0.5274925897832224 0.4517127688825167 0.6373369140625 0.5510400390625001
0 0.8846805624768015 0.6366906398585651 0.8034316406249999 0.5795517578125 0.6974534257716782 0.7302480155668802 0.7787023476234798 0.7873868976129453
0 0.9288896484375 0.674666015625 0.8746763267408799 0.6375683428522966 0.8201181640625 0.7172978515625001 0.8743314857591201 0.7543955243352035