0 0.21991163747557022 0.1447856529427937 0.15616015625000002 0.08204101562500003 0.10449315545312159 0.1345371009015918 0.16824463667869177 0.19728173821938544
0 0.3564746093749999 0.264771484375 0.2209871206769777 0.13536310549573943 0.161087890625 0.19807617187499998 0.29657537932302225 0.32748455075426053
0 0.6710449218750001 8.18789480661053e-17 0.5736494744834408 -0.0003731905604202796 0.5733994140625001 0.06488769531250008 0.6707948614540593 0.06526088587292043
0 0.15722009492000646 0.07844764166823832 0.08883876732299228 0.008639546489332206 0.031559570312500014 0.064748046875 0.09994089790951419 0.13455614205390612
0 0.7315859375000001 0.7717216796875004 0.677873046875 0.7364609375000003 0.629448314426149 0.8102266099222923 0.6831612050511491 0.8454873521097923
0 0.42874999999999996 0.8807958984374998 0.24404281833488067 0.7594588855649749 0.19690107280214558 0.8312211512577491 0.3816082544672649 0.9525581641302743
0 1.00612221854882 0.06669818321920577 0.9299150390624998 0.059832031250000105 0.9227637996458299 0.13920338630010642 0.99897097913215 0.1460695382693121
0 0.9233818359374999 0.0467539062500001 0.7464046106739806 0.03523823812487638 0.7421014992243068 0.10137011307023651 0.919078724487826 0.11288578119536023
0 0.3550674525961061 0.26789654452696954 0.272412109375 0.1966494140625 0.22093840677889393 0.25636517422303046 0.30359375000000005 0.3276123046875
0 0.5839701671243492 0.7945158050163647 0.43859179687500005 0.7351132812500001 0.4089312000631507 0.8077029449836353 0.5543095703124999 0.8671054687499999
0 0.7870976562499999 0.8646474609375 0.7201196371573844 0.7929319066073904 0.6706411215323843 0.8391418675448904 0.7376191406249999 0.9108574218750001
0 0.5088868958415131 0.9132950149954844 0.4252841796875001 0.8693339843750001 0.385652166658487 0.944704008442016 0.46925488281250016 0.9886650390625004
0 0.5501094608437541 0.5740684390240005 0.4505889557640807 0.4817296448439219 0.3948417996078266 0.5418125730074215 0.49436230468750003 0.6341513671875001
0 0.283279296875 0.19436035156250003 0.22603515624999995 0.1398720703125 0.1667297110145678 0.2021770131186253 0.22397385163956782 0.2566652943686253
0 0.9990234375 0.7948623046875002 0.9588603515624999 0.7948623046875002 0.9588603515624999 0.8657568359375001 0.9990234375 0.8657568359375001
0 0.8359892578125002 0.8998789062500002 0.7899873133026578 0.8578615000793365 0.74217578125 0.9102070312500002 0.7881777257598426 0.9522244374206638
0 0.9734684046543043 0.641678961812746 0.8703618008458405 0.5847023558878133 0.8136795290040361 0.6872763237625673 0.9167861328125 0.7442529296875
0 0.999282228822787 0.37082886865799985 0.9344024187519364 0.3688892435174387 0.9307969477416493 0.489491038921939 0.9956767578125 0.4914306640625002
0 0.9994381985368828 0.481843239997238 0.9066805757820584 0.48049442370902123 0.9042902288076757 0.6448777462117834 0.9970478515625001 0.6462265625000001
0 0.8271054687499999 0.2891601562500001 0.6703760341878777 0.24829917283946507 0.6363115810628778 0.37895932908946506 0.793041015625 0.41982031250000007
0 0.7372265624999998 0.9990234374999998 0.7371171866976682 0.9421499734268626 0.6190917968749999 0.942376953125 0.6192011726773315 0.9992504171981373
0 0.959953125 0.3406621093750001 0.8032235390126733 0.29980078108612584 0.7691590858876733 0.4304599607736258 0.925888671875 0.4713212890625001
0 0.6726452517918257 0.2556436694331235 0.577333633519524 0.2315348298832228 0.5461776395401985 0.3547065901375994 0.6414892578125001 0.37881542968750015
0 0.35315820312500007 0.5204726562500002 0.2716717993044918 0.44260605711393824 0.15956399087358458 0.5599254501603765 0.24105039469409287 0.6377920492964384
0 0.4602177734374999 0.48850292968750003 0.339775390625 0.3660195312500001 0.26022840969853556 0.4442409722823757 0.3806707925110354 0.5667243707198757
0 0.15363769531250013 0.7380078125 0.08124449593033707 0.671602998028787 0.022246093750000105 0.7359218750000001 0.09463929313216317 0.8023266894712131
0 0.24562104623471587 0.7769662234385277 0.170989646646086 0.7085093446650668 0.11199218749999998 0.7728281250000002 0.18662358708862983 0.8412850037734613
0 0.6308241711799543 0.6359534770133495 0.5561932245846358 0.5674960223799215 0.49719433593749995 0.6318154296875 0.5718252825328184 0.7002728843209279
0 0.5878499465601064 0.682028401065183 0.5286718163463415 0.6473439557032737 0.47064550781250014 0.7463476562500002 0.5298236380262651 0.7810321016119095
0 0.6765052098624234 0.6778682223682461 0.6260545643008051 0.6376771297286733 0.5770761718749999 0.6991582031250001 0.6275268174366182 0.7393492957645729
0 0.8756376953125 0.9479560546875001 0.8268105468750001 0.9023964843750003 0.779368634812415 0.9532409780027884 0.8281957832499149 0.9988005483152882