0 0.18684811162978793 0.6008629989860336 0.18586400000000006 0.49252 0.07599188837021212 0.4935180010139665 0.07697600000000002 0.6018610000000001
0 0.5285650189040271 0.1536145839316 0.40089699999999995 0.14781400000000006 0.39469395671877494 0.28433995259861977 0.5223619756228021 0.29014053653021976
0 0.24105200000000013 0.830536 0.0970929455070075 0.822590987381653 0.08938094550700751 0.9623279873816528 0.23334000000000016 0.9702729999999999
0 0.784241 0.19774500000000006 0.6514005142111403 0.19006297190733204 0.644234 0.31398900000000013 0.7770744857888597 0.3216710280926681
0 0.2844950000000001 0.4853460000000001 0.1842370099799559 0.48172872339126405 0.18017100000000008 0.5944240000000001 0.2804289900200443 0.5980412766087361
0 0.9360530000000005 0.9495220000000002 0.7836245737781433 0.9406563803717003 0.780173 1.0000000000000002 0.9326014262218569 1.0088656196283001
0 0.3771575170667177 0.7637480590489676 0.2216700000000001 0.7576959999999999 0.2159244425563263 0.9053089783025537 0.3714119596230439 0.9113610373515215
0 0.41805899999999996 0.24031500000000006 0.2672875494187361 0.2314019733633736 0.2579429965174523 0.3894730589102683 0.40871444709871607 0.3983860855468947
0 0.9951060000000002 0.08484700000000009 0.8374919968829131 0.07888299988205179 0.8321780000000001 0.21931900000000012 0.9897920031170871 0.22528300011794844
0 0.6421830000000002 0.47736100000000004 0.5181766739985395 0.47346698976299795 0.5150100000000001 0.5743110000000002 0.6390163260014607 0.5782050102370023
0 1.0042802591770086 0.8877682857099712 0.9999956368420838 0.7574382810934286 0.9331453776650752 0.7596359953834575 0.93743 0.8899660000000003
0 0.5212990000000002 0.4889900000000001 0.42239376688670494 0.48836199851984075 0.4217930000000001 0.5829780000000001 0.5206982331132953 0.5836060014801594
0 0.08296665936899783 0.5212990061999243 0.0033086688593862504 0.5205499968863461 0.0024540000000000763 0.611445 0.08211199050961165 0.6121940093135783
0 0.12969140971506948 0.001250038585401968 3.9641141931501253e-20 0.000325 -0.00048040971506949315 0.06767896141459805 0.12921100000000002 0.06860400000000003
0 0.4110780015810592 0.36414930347770014 0.28054400000000007 0.36385300000000004 0.28007499773007843 0.5704679999948474 0.4106089993111376 0.5707643034725475
0 0.9464590000000003 0.24314400000000008 0.7892428732021654 0.23721499521814354 0.7839910000000001 0.37647600000000014 0.9412071267978348 0.3824050047818567
0 0.05266505341012266 0.4174482157764675 5.134781488891349e-17 0.41712799999999994 -0.0007360534101225433 0.5381847842235323 0.05192900000000007 0.5385049999999999
0 0.1606410000000001 0.9762299999999999 0.024511196954827504 0.9728318052133563 0.023833000000000115 1 0.15996280304517269 1.0033981947866437
0 0.03663600000000003 0.218732 0.0006480000000000264 0.21844000000000002 -0.0004654751929362586 0.3556720042581878 0.03552252480706374 0.3559640042581878
0 0.03377723254484813 0.07514516241028049 9.107298248878237e-18 0.074863 -0.0011562325448480995 0.2132738375897195 0.032621000000000025 0.213556
0 0.5219240030004789 0.3351352697488356 0.5213529918786228 0.2838002698725466 0.4161919888781439 0.28497000012371093 0.416763 0.33630499999999997
0 0.4465179999999999 0.5677369999999999 0.444765998978241 0.4881909536091082 0.3974539999999999 0.48923300000000003 0.39920600102175896 0.5687790463908917
0 0.17219900000000007 0.9751620000000001 0.09409900000000013 0.973653 0.09360398617673545 0.9992729997329153 0.1717039861767354 1.0007819997329155
0 0.3590363009257948 0.5290430068787272 0.2980960000000001 0.5276500000000002 0.2968246990742054 0.5832659931212729 0.3577650000000001 0.584659
0 0.102409 0.998937 0.10231534261922473 0.9794389983542509 0.027784995196675967 0.9797970000230727 0.02787865257745123 0.9992950016688218