0 0.35488020781250007 0.5492890625000001 0.19942873757741864 0.54313377291974 0.19424348906250008 0.6740869140625 0.34969495929758154 0.6802422036427601
0 0.6155364578125001 0.42978222656250004 0.614853048688565 0.3429401435249391 0.4905989578125 0.34391796874999997 0.4912823669364351 0.4307600517875609
0 0.3790416671875 0.9622802734375 0.37829435351071594 0.8626069538875807 0.24173046875 0.863630859375 0.24247778242678403 0.9633041789249193
0 0.5977434890625001 0.20586816406250005 0.4812721220226705 0.20423443014446732 0.47993229193146236 0.2997529479408147 0.596403658971292 0.3013866818588474
0 0.709296875 0.20284960937500007 0.5971760721028737 0.19920775735135335 0.5946497390625 0.2769853515625001 0.7067705419596264 0.28062720358614685
0 0.2995013015625 0.20296582031249993 0.2939909343931023 0.09554795387767448 0.1358344633582222 0.10366113145737595 0.1413448305276198 0.21107899789220141
0 0.9081015625 0.4849589843750001 0.7365627260588955 0.48272609288846224 0.7347799359484042 0.6196865063327169 0.9063187723895085 0.6219193978192548
0 0.14340755156249999 0.8847929687500002 0.10336273584356308 0.7620076163868433 0.024227864062500038 0.78781640625 0.06427267978143694 0.910601758613157
0 0.59376171875 0.042982421875000065 0.43837529333121583 0.03916918935113432 0.43597916718655955 0.13680957035082122 0.5913655926053436 0.14062280287468695
0 0.6201705734375001 0.5978173828125 0.6190559954665894 0.513362578792838 0.5069713546872279 0.5148417968543828 0.5080859326581386 0.5992966008740448
0 0.32598046875 0.3408310546875 0.32460991493712105 0.25990870935755855 0.15402342133828778 0.2627978738803399 0.1553939751511667 0.3437202192102814
0 0.37977734374999994 0.8527138671875003 0.36520542998912814 0.7171238258122894 0.18668967825836646 0.7363089821319884 0.20126159201923827 0.8718990235071992
0 0.9094179687499999 0.02915136718750011 0.8082021866670152 0.027487765472143415 0.8066315109375 0.12304980468750011 0.9078472930204846 0.1247134064028568
0 0.15560807343750005 0.6936660156250001 0.1111015469775956 0.5686768793199282 0.03226415990462479 0.5967495451332891 0.07677068636452924 0.7217386814383611
0 0.7006406250000001 0.032842773437500083 0.594780442431918 0.030541493860920886 0.5926705522181734 0.12759765578871612 0.6985307347862556 0.12989893536529534
0 1.0014550581502655 0.021725296914217068 0.911402218892961 0.01934252444836849 0.9086419265625001 0.12366308593750011 0.9986947658198044 0.12604585840334867
0 0.23771484375 0.8794296875000001 0.2017411451321022 0.7575246313895745 0.10541796875000001 0.78594921875 0.1413916673678978 0.9078542748604255
0 0.9994633651387359 0.4085228950387763 0.8901759324443314 0.40706662110518427 0.8887265625000002 0.5158359375000001 0.9980139951944047 0.517292211433592
0 0.8875572921874998 0.47616699218749997 0.886926570337111 0.4156501762204196 0.6875130203125 0.417728515625 0.6881437421628888 0.4782453315920804
0 0.22983463593750003 0.672794921875 0.18099296241664375 0.5573971471016906 0.11659505156250002 0.5846533203125002 0.16543672508335633 0.7000510950858094
0 0.9984973953124999 0.6205556640625002 0.9007519734529856 0.6198548500495289 0.9002916671875003 0.6840556640625002 0.9980370890470146 0.6847564780754716
0 0.6372486984375001 0.4276650390625 0.5073374022430153 0.42552889784438114 0.5057760421875 0.5204843750000001 0.6356873383819849 0.522620516218119
0 0.2747786453125 0.07678125000000004 0.2601258862845872 0.0001933447435552349 0.09090625000000001 0.03256835937499997 0.10555900902791279 0.10915626463144476
0 0.8036184890625002 0.0317500000000001 0.7015163837528294 0.03018229672772521 0.7000989578125001 0.12249707031250008 0.8022010631221708 0.12406477358477497
0 0.3362421875 0.39159765625000004 0.1770993914257697 0.39012001758140785 0.17614062500000005 0.4933798828125 0.3352834210742304 0.4948575214810922
0 0.5797213546875 0.29511914062500005 0.490215396127199 0.2942086577738583 0.48967837586979773 0.3470009897158869 0.5791843344300986 0.3479114725670286
0 0.3259049484375001 0.34455957031250006 0.1612626543579315 0.34258567309356686 0.1606054685627207 0.39740138280842635 0.3252477626422893 0.3993752800273596
0 0.07461979218749999 0.7076435546875001 0.05195678063959088 0.5959421159519898 -0.017402594360409095 0.6100143815769897 0.00526041718750001 0.7217158203125
0 0.6900039062500001 0.33782714843750006 0.6135425294096354 0.3371985588347664 0.61298046875 0.40556738281250004 0.6894418455903646 0.4061959724152337
0 0.8875078125000002 0.20812792968750013 0.8029409562656034 0.20573966095110796 0.7999010406262455 0.3133808593309085 0.8844678968606423 0.3157691280673006
0 0.9582304687500001 0.20515625000000015 0.8838595469220296 0.2035167981558003 0.8818033859375 0.2967910156250001 0.9561743077654704 0.2984304674692
0 0.9992589414352109 0.20556328115392297 0.9585063756542203 0.20529372719113842 0.9579453125000003 0.2901181640625001 0.9986978782809908 0.2903877180252846
0 0.06818749999999998 0.8973447265625 0.029803385937499982 0.7934501953125002 -0.03166892227292495 0.8161613049507576 0.006715191789575048 0.9200558362007574
0 0.5860182296875001 0.04005761718750002 0.5804735934980928 -0.013228247351376515 0.42116406250000005 0.0033486328124999964 0.4267086986894072 0.05663449735137653
0 0.33885546875000006 0.46373046874999996 0.18105992429307483 0.459720420980754 0.17926562500000007 0.530326171875 0.33706116945692527 0.5343362196442459
0 0.06294010468750011 0.9004951171875 1.1032841307212493e-16 0.9004326171875 -0.00005997420679965618 0.9608291428599897 0.06288013048070033 0.9608916428599896
0 0.11076562500000013 0.9523603515625 1.166682974524038e-16 0.9523603515625 1.1958538460097828e-16 1 0.11076562500000013 1
0 0.9962421875 0.5095615234374999 0.9105870902319809 0.5085335601549443 0.9099973835944987 0.5576708982781182 0.9956524808625178 0.5586988615606738
0 0.38585807343750006 0.9514912109375 0.2460442703125001 0.9514912109375 0.2460442703125001 0.9990234375 0.38585807343750006 0.9990234375
0 0.09618359374999999 0.13946093750000002 0.08918341606842399 0.10420644464013236 0.0048138015624999975 0.120958984375 0.011813979244075998 0.15621347723486764
0 0.6932379100233048 0.6907214948217775 0.6905545255547277 0.5939429252289277 0.5125783342814229 0.5988776804071503 0.5152617187499999 0.6956562500000001
0 0.8602955734375 0.6648320312500001 0.8583423283932362 0.6136471957885601 0.754975259042606 0.6175917472192527 0.7569285040868696 0.6687765826806926