0 0.2820370354990104 0.2156070095730318 0.18133500000000002 0.21279400000000007 0.1768729645009896 0.3725289904269683 0.277575 0.37534200000000006
0 0.9973560121489248 0.07804328345433978 0.8736690000001227 0.07799999965005391 0.8736139878511981 0.23520171619571428 0.9973010000000002 0.23524500000000015
0 0.518801426734512 0.7625701426483321 0.4148310001411114 0.7613349881218123 0.41314957340659947 0.9028708454734803 0.51712 0.904106
0 0.16434319428434843 0.7911149534873368 0.05762400000000008 0.7879 0.05382380571565174 0.9140460465126633 0.1605430000000001 0.9172610000000001
0 0.8394266458908224 0.19962523894858117 0.7378180000000001 0.1983400000000001 0.7361723541091776 0.328441761051419 0.8377809999999999 0.32972700000000005
0 0.12131962769238484 0.42633746215438145 0.02369797658093861 0.42404999945124644 0.020277348888553818 0.570031537296865 0.11789900000000006 0.572319
0 0.38943783695218587 0.4890781076743723 0.30645098483111377 0.487818999769852 0.304673147878928 0.6049948920954799 0.38766000000000006 0.6062540000000001
0 0.27312964044384175 0.042865657416777656 0.17106300000000002 0.041801000000000026 0.16923535955615837 0.21701334258322244 0.27130200000000004 0.21807800000000008
0 0.6495687981328097 0.14168950080593107 0.552554 0.13919600000000004 0.5485552018671904 0.2947774991940691 0.6455700000000001 0.29727100000000006
0 0.1967512561538692 0.5104675330843114 0.12684800000000007 0.508061 0.12363274384613092 0.6014554669156886 0.1935360000000001 0.603862
0 0.10818806658235522 0.23156277531261193 0.026121000000000026 0.231479 0.026033933417644838 0.3167702246873881 0.10810100000000004 0.316854
0 0.42174760915606857 0.8259661028905381 0.320462 0.8227040000000001 0.3158253908439316 0.9666668971094621 0.41711100000000007 0.9699290000000002
0 0.11823908936019398 0.43241963599797045 0.11811000000000002 0.32026699999999997 0.03091391063980604 0.3203673640020296 0.031043000000000005 0.43252000000000007
0 0.9557820197815874 0.9357940068389649 0.8348660000000002 0.9320350000000003 0.8327532996616684 0.999994258082294 0.9536693194432555 1.0037532649212586
0 0.4633460502561049 0.4847818360596715 0.3857040000000001 0.48423 0.3849269497438953 0.5935591639403286 0.4625690000000001 0.5941110000000002
0 0.7313221335572234 0.47918066735731923 0.6406080000000001 0.47814800000000013 0.6395378664427768 0.5721533326426811 0.7302520000000001 0.5731860000000002
0 0.2991131402754723 0.4110605413079962 0.20026194748522247 0.4058549972345505 0.18985880720975026 0.6034064559265543 0.28871000000000013 0.608612
0 0.5703639434749522 0.23663174342306026 0.4469070000000001 0.23315700000000006 0.44154605652504797 0.42363025657693987 0.5650030000000001 0.4271050000000002
0 0.1168654775850118 0.16590633680005779 0.024204000000000017 0.16335800000000003 0.02251552165922309 0.22475369068073495 0.11517699924423486 0.2273020274807927
0 0.6424539249994905 0.4877128632292756 0.5532090000565051 0.48704199248323843 0.5524680750570148 0.5856061292539629 0.6417130000000002 0.5862770000000002
0 1.0000014508670776 0.8868668863427016 0.999441 0.7632990000000002 0.9498265487527824 0.763524029844275 0.95038699961986 0.8870919161869766
0 0.11088362611906726 0.170622843636475 0.11071899999536464 0.094158997847017 0.01868137387629737 0.09435715421054199 0.018845999999999998 0.170821
0 0.06516995395960842 0.8198001795557973 9.992007221626409e-17 0.8195320000000003 -0.0006939539596081859 0.988168820444203 0.06447600000000013 0.988437
0 0.34803100000000003 4.302114220422482e-17 0.23092966433482315 -0.0021763926369623757 0.2298616643348231 0.05528760736303764 0.346963 0.05746400000000005
0 0.11546643096711011 0.09177144060134015 0.11516699998188493 0.021419995743860547 0.010717569014774825 0.021864555142520368 0.011016999999999999 0.09221599999999999
0 0.5647417397181228 0.32346903477532857 0.45543899999999987 0.32189000000000006 0.451701260281877 0.5806209652246715 0.561004 0.5822
0 0.961264256760901 0.2359396963464747 0.83909 0.2357390000000001 0.8388077432390991 0.40756330365352555 0.9609820000000001 0.4077640000000001
0 0.3829184250050951 0.9689274518169542 0.27210400000000007 0.9655950000000001 0.2710829593528937 0.9995477886465695 0.3818973843579888 1.0028802404635235
0 0.1224260127641886 0.04060250077968175 0.1223979555007455 -0.00006449849088357941 0.028910942736556887 7.294346640785874e-10 0.028938999999999993 0.040666999999999995
0 0.3840490441308043 0.9755972618210527 0.30806400000000017 0.9752150000000002 0.30794695584388815 0.9984807432095713 0.3839319999746923 0.9988630050306236