0 0.246582 0.901855 0.106445 0.110352
0 0.386719 0.893066 0.052734 0.122070
0 0.462891 0.893066 0.095703 0.114258
0 0.159180 0.901855 0.068359 0.112305
0 0.098633 0.670410 0.089844 0.092773
0 0.543945 0.046387 0.119141 0.090820
0 0.103027 0.458496 0.108398 0.106445
0 0.088867 0.902344 0.070312 0.103516
0 0.252930 0.732422 0.107422 0.117188
0 0.874023 0.600098 0.087891 0.108398
0 0.823730 0.507324 0.088867 0.100586
0 0.437500 0.733398 0.087891 0.134766
0 0.562988 0.125000 0.118164 0.085938
0 0.776855 0.440918 0.083008 0.081055
0 0.044434 0.615723 0.067383 0.086914
0 0.479004 0.560547 0.065430 0.097656
0 0.151855 0.517090 0.067383 0.098633
0 0.707031 0.891113 0.111328 0.094727
0 0.536133 0.886230 0.054688 0.100586
0 0.258301 0.533691 0.122070 0.151367
0 0.733398 0.033691 0.121094 0.065430
0 0.755859 0.094727 0.123047 0.076172
0 0.350586 0.577148 0.080078 0.095703
0 0.699707 0.339844 0.153320 0.121094
0 0.670898 0.545410 0.080078 0.079102
0 0.909180 0.100098 0.117188 0.122070
0 0.500000 0.715820 0.042969 0.107422
0 0.846680 0.877441 0.076172 0.075195
0 0.967285 0.403809 0.065430 0.159180
0 0.802246 0.735352 0.067383 0.068359
0 0.419922 0.566406 0.064453 0.109375
0 0.598633 0.886719 0.080078 0.101562
0 0.019043 0.791016 0.036133 0.105469
0 0.373047 0.738281 0.052734 0.123047
0 0.027832 0.904297 0.053711 0.123047
0 0.600586 0.685547 0.078125 0.091797
0 0.821777 0.802246 0.071289 0.069336
0 0.328613 0.733887 0.043945 0.108398
0 0.734375 0.590332 0.097656 0.086914
0 0.832031 0.184570 0.164062 0.132812
0 0.045898 0.396973 0.085938 0.110352
0 0.652344 0.710449 0.078125 0.073242
0 0.676758 0.808594 0.107422 0.078125
0 0.965332 0.056641 0.069336 0.111328
0 0.930176 0.854004 0.100586 0.131836
0 0.667969 0.763184 0.095703 0.065430
0 0.380371 0.023926 0.139648 0.045898
0 0.110352 0.766113 0.062500 0.079102
0 0.614746 0.534180 0.063477 0.091797
0 0.790039 0.665527 0.087891 0.081055
0 0.892578 0.985352 0.166016 0.029297
0 0.307129 0.065918 0.241211 0.069336
0 0.013184 0.582031 0.024414 0.076172
0 0.543457 0.537598 0.081055 0.094727
0 0.013184 0.344727 0.024414 0.076172
0 0.684082 0.240723 0.083008 0.069336
0 0.296875 0.191895 0.080078 0.178711
0 0.361816 0.170410 0.059570 0.079102
0 0.498047 0.337402 0.193359 0.125977
0 0.613281 0.197266 0.085938 0.076172
0 0.906250 0.717773 0.080078 0.140625
0 0.174805 0.705078 0.080078 0.089844
0 0.541992 0.701172 0.042969 0.107422
0 0.330566 0.890137 0.071289 0.127930
