0 0.125977 0.805664 0.115234 0.074219
0 0.416992 0.727539 0.091797 0.076172
0 0.375977 0.593750 0.095703 0.083984
0 0.758789 0.694336 0.083984 0.070312
0 0.604492 0.786621 0.093750 0.104492
0 0.047363 0.480469 0.092773 0.103516
0 0.496094 0.954102 0.076172 0.091797
0 0.572266 0.688965 0.089844 0.098633
0 0.108887 0.744141 0.110352 0.070312
0 0.438477 0.793457 0.097656 0.077148
0 0.149902 0.877441 0.120117 0.081055
0 0.240723 0.982422 0.053711 0.035156
0 0.485840 0.868164 0.083008 0.080078
0 0.398438 0.655273 0.097656 0.080078
0 0.092773 0.679199 0.105469 0.065430
0 0.033691 0.212891 0.065430 0.083984
0 0.059082 0.552734 0.102539 0.072266
0 0.204102 0.326172 0.078125 0.095703
0 0.953125 0.969727 0.093750 0.058594
0 0.653320 0.888184 0.128906 0.104492
0 0.080078 0.621094 0.111328 0.062500
0 0.704102 0.658203 0.093750 0.082031
0 0.140137 0.290039 0.077148 0.091797
0 0.251953 0.378418 0.082031 0.094727
0 0.086426 0.253906 0.069336 0.080078
0 0.534668 0.537109 0.102539 0.099609
0 0.538574 0.615234 0.061523 0.056641
0 0.763672 0.876465 0.095703 0.086914
0 0.870605 0.795410 0.079102 0.075195
0 0.153809 0.942871 0.090820 0.055664
0 0.328125 0.439941 0.105469 0.124023
0 0.858398 0.869141 0.101562 0.060547
0 0.354492 0.529785 0.101562 0.075195
0 0.631836 0.601562 0.097656 0.093750
0 0.863281 0.979980 0.087891 0.040039
0 0.945312 0.507812 0.091797 0.136719
0 0.164062 0.982422 0.074219 0.035156
0 0.798340 0.731934 0.098633 0.073242
0 0.428223 0.974121 0.063477 0.051758
0 0.012207 0.963867 0.022461 0.072266
0 0.296875 0.964355 0.060547 0.071289
0 0.359863 0.968750 0.065430 0.062500
0 0.338379 0.076172 0.077148 0.091797
0 0.277832 0.045898 0.077148 0.089844
