0 0.130859 0.455078 0.101562 0.108073
0 0.172852 0.628255 0.115234 0.100260
0 0.510254 0.580078 0.075195 0.087240
0 0.321289 0.584635 0.089844 0.130208
0 0.355957 0.713542 0.096680 0.138021
0 0.191406 0.728516 0.117188 0.097656
0 0.152344 0.547526 0.103516 0.097656
0 0.453125 0.543620 0.095703 0.108073
0 0.283691 0.381510 0.106445 0.138021
0 0.229980 0.819661 0.081055 0.102865
0 0.379883 0.464193 0.105469 0.139323
0 0.289062 0.486328 0.062500 0.076823
0 0.031250 0.165365 0.060547 0.145833
0 0.628418 0.722656 0.106445 0.114583
0 0.514160 0.835286 0.092773 0.115885
0 0.072266 0.251302 0.101562 0.156250
0 0.401855 0.859375 0.135742 0.153646
0 0.566895 0.639323 0.069336 0.088542
0 0.104004 0.363932 0.108398 0.105469
0 0.615234 0.824870 0.101562 0.079427
0 0.700684 0.346354 0.100586 0.197917
0 0.011230 0.487630 0.020508 0.110677
0 0.798828 0.507812 0.148438 0.203125
0 0.873047 0.654948 0.083984 0.140625
0 0.245117 0.934245 0.097656 0.131510
0 0.175781 0.964193 0.048828 0.071615
0 0.048340 0.955729 0.069336 0.088542
0 0.117676 0.953125 0.069336 0.088542
0 0.733398 0.957682 0.146484 0.084635
0 0.623535 0.975260 0.067383 0.049479
