0 0.321777 0.723958 0.088867 0.143229
0 0.213379 0.524089 0.096680 0.152344
0 0.105469 0.520833 0.119141 0.171875
0 0.235840 0.728516 0.083008 0.134115
0 0.881836 0.829427 0.109375 0.125000
0 0.406738 0.719401 0.086914 0.136719
0 0.487793 0.716797 0.075195 0.147135
0 0.154785 0.739583 0.084961 0.158854
0 0.861328 0.351562 0.138672 0.109375
0 0.024902 0.533203 0.047852 0.144531
0 0.166016 0.865885 0.105469 0.093750
0 0.191895 0.301432 0.079102 0.160156
0 0.849609 0.257812 0.140625 0.083333
0 0.442383 0.514323 0.111328 0.127604
0 0.624023 0.134115 0.089844 0.145833
0 0.029297 0.309245 0.056641 0.134115
0 0.596680 0.505208 0.082031 0.104167
0 0.680176 0.468750 0.079102 0.169271
0 0.284180 0.514323 0.050781 0.132812
0 0.868164 0.450521 0.136719 0.101562
0 0.293457 0.270182 0.045898 0.136719
0 0.645508 0.723307 0.171875 0.204427
0 0.024902 0.747396 0.047852 0.106771
0 0.827637 0.157552 0.131836 0.114583
0 0.298340 0.895833 0.139648 0.164062
0 0.577637 0.397786 0.063477 0.097656
0 0.892090 0.936198 0.106445 0.088542
0 0.399414 0.283854 0.072266 0.093750
0 0.881836 0.633464 0.134766 0.240885
0 0.351074 0.246745 0.077148 0.121094
0 0.123047 0.309245 0.050781 0.144531
0 0.349121 0.513672 0.075195 0.139323
0 0.165039 0.954427 0.105469 0.083333
0 0.549316 0.312500 0.071289 0.096354
0 0.081055 0.311849 0.042969 0.144531
0 0.097656 0.101562 0.074219 0.122396
0 0.537109 0.226562 0.082031 0.101562
0 0.026367 0.836589 0.050781 0.084635
0 0.415039 0.348307 0.082031 0.055990
0 0.434570 0.414714 0.103516 0.076823
0 0.544434 0.714844 0.038086 0.151042
0 0.036133 0.089193 0.070312 0.121094
0 0.494141 0.143229 0.111328 0.114583
0 0.223633 0.065755 0.072266 0.128906
0 0.524414 0.966146 0.111328 0.067708
0 0.163086 0.085938 0.056641 0.130208
0 0.291016 0.052734 0.070312 0.102865
0 0.357910 0.049479 0.063477 0.096354
0 0.425293 0.061198 0.065430 0.104167
0 0.660645 0.293620 0.104492 0.183594
0 0.579590 0.040365 0.083008 0.078125
0 0.796387 0.057943 0.131836 0.113281
0 0.026855 0.938802 0.051758 0.122396
0 0.248535 0.285807 0.045898 0.136719
