0 0.646973 0.787598 0.106445 0.073242
0 0.259766 0.361328 0.126953 0.080078
0 0.692383 0.850098 0.107422 0.067383
0 0.481445 0.243652 0.121094 0.075195
0 0.497559 0.384766 0.114258 0.085938
0 0.480469 0.164062 0.113281 0.087891
0 0.461426 0.037109 0.131836 0.072266
0 0.485352 0.094727 0.097656 0.052734
0 0.490723 0.311523 0.122070 0.068359
0 0.308594 0.090332 0.068359 0.112305
0 0.476562 0.638672 0.130859 0.128906
0 0.322754 0.945312 0.159180 0.107422
0 0.306641 0.266113 0.078125 0.116211
0 0.052246 0.020996 0.100586 0.040039
0 0.247070 0.143066 0.099609 0.163086
0 0.055176 0.217773 0.108398 0.107422
0 0.043457 0.625488 0.084961 0.112305
0 0.377930 0.078613 0.068359 0.112305
