0 0.328125 0.901855 0.143229 0.108398
0 0.617188 0.893555 0.127604 0.113281
0 0.436849 0.889160 0.084635 0.125977
0 0.212240 0.901855 0.091146 0.112305
0 0.336589 0.733398 0.144531 0.113281
0 0.715495 0.046387 0.136719 0.090820
0 0.579427 0.725098 0.106771 0.124023
0 0.347656 0.532715 0.158854 0.153320
0 0.133464 0.462402 0.128906 0.088867
0 0.640625 0.550781 0.096354 0.109375
0 0.140625 0.662109 0.104167 0.083984
0 0.742188 0.125977 0.138021 0.085938
0 0.119141 0.901367 0.092448 0.103516
0 0.715495 0.885742 0.074219 0.099609
0 0.211589 0.519531 0.092448 0.082031
0 0.466797 0.577637 0.108073 0.094727
0 0.730469 0.700684 0.070312 0.108398
0 0.558594 0.562988 0.085938 0.108398
0 0.726562 0.529785 0.106771 0.090820
0 0.492839 0.737793 0.071615 0.122070
0 0.805990 0.682617 0.091146 0.087891
0 0.408854 0.066406 0.320312 0.072266
0 0.507812 0.023926 0.184896 0.045898
0 0.798177 0.886230 0.104167 0.100586
0 0.438151 0.733398 0.058594 0.107422
0 0.895833 0.549316 0.075521 0.079102
0 0.870443 0.709961 0.102865 0.074219
0 0.824219 0.535156 0.078125 0.085938
0 0.146484 0.764160 0.084635 0.079102
0 0.656250 0.168945 0.072917 0.068359
0 0.055990 0.608398 0.098958 0.087891
0 0.654297 0.337402 0.220052 0.124023
0 0.888021 0.764648 0.119792 0.050781
0 0.386719 0.187500 0.127604 0.177734
0 0.037109 0.911621 0.071615 0.135742
0 0.484375 0.166504 0.096354 0.081055
0 0.823568 0.189941 0.121094 0.079102
0 0.919271 0.299805 0.161458 0.195312
0 0.048828 0.396484 0.095052 0.095703
0 0.222656 0.704102 0.104167 0.083984
0 0.666667 0.717285 0.070312 0.108398
0 0.909505 0.813477 0.128906 0.066406
0 0.925781 0.892090 0.148438 0.094727
0 0.516927 0.896973 0.078125 0.116211
0 0.962240 0.589355 0.075521 0.079102
0 0.955729 0.036133 0.088542 0.070312
0 0.963542 0.103516 0.072917 0.070312
