0 0.646973 0.190430 0.114258 0.117188
0 0.759766 0.867188 0.109375 0.097656
0 0.462891 0.497070 0.144531 0.101562
0 0.910645 0.749023 0.088867 0.097656
0 0.289062 0.814453 0.097656 0.115234
0 0.637695 0.500000 0.076172 0.076172
0 0.357422 0.895508 0.144531 0.142578
0 0.173340 0.717285 0.090820 0.096680
0 0.477539 0.782715 0.087891 0.096680
0 0.226074 0.762207 0.092773 0.098633
0 0.613281 0.635254 0.121094 0.077148
0 0.521973 0.844238 0.067383 0.079102
0 0.876465 0.180664 0.108398 0.126953
0 0.669922 0.090820 0.082031 0.083984
0 0.213867 0.124023 0.109375 0.109375
0 0.752930 0.943359 0.099609 0.056641
0 0.432617 0.949219 0.099609 0.089844
0 0.443848 0.608398 0.108398 0.056641
0 0.114258 0.442383 0.076172 0.066406
0 0.021484 0.551270 0.041016 0.096680
0 0.437988 0.664062 0.112305 0.058594
0 0.601562 0.760254 0.113281 0.079102
0 0.057129 0.131348 0.112305 0.145508
0 0.868164 0.661621 0.099609 0.092773
0 0.257812 0.353516 0.144531 0.136719
0 0.229492 0.971191 0.119141 0.057617
0 0.953613 0.951660 0.092773 0.096680
0 0.358887 0.029785 0.108398 0.057617
0 0.225586 0.551270 0.080078 0.086914
0 0.606934 0.696289 0.110352 0.048828
0 0.567383 0.508301 0.066406 0.096680
0 0.419922 0.740723 0.080078 0.084961
0 0.853516 0.582520 0.091797 0.086914
0 0.503906 0.333008 0.076172 0.130859
0 0.114258 0.666992 0.091797 0.097656
0 0.057129 0.320801 0.096680 0.118164
0 0.927246 0.286133 0.137695 0.099609
0 0.945312 0.853027 0.107422 0.116211
0 0.779785 0.393555 0.104492 0.111328
0 0.842285 0.077637 0.116211 0.098633
0 0.565918 0.345703 0.059570 0.095703
0 0.291504 0.064453 0.106445 0.097656
0 0.276855 0.615234 0.086914 0.089844
0 0.456543 0.159668 0.104492 0.092773
0 0.762695 0.575684 0.087891 0.069336
0 0.163574 0.399902 0.069336 0.071289
0 0.763672 0.722656 0.095703 0.044922
0 0.759766 0.777832 0.097656 0.067383
0 0.797852 0.492676 0.144531 0.090820
0 0.604980 0.835449 0.100586 0.071289
0 0.960449 0.438477 0.079102 0.089844
0 0.821289 0.018066 0.130859 0.034180
0 0.678711 0.022461 0.062500 0.042969
0 0.602539 0.912598 0.097656 0.079102
0 0.075195 0.034180 0.105469 0.066406
0 0.634277 0.276367 0.102539 0.058594
0 0.753418 0.985352 0.098633 0.029297
0 0.481934 0.973633 0.090820 0.052734
0 0.635742 0.353027 0.101562 0.084961
0 0.974121 0.503418 0.051758 0.086914
0 0.311523 0.436523 0.074219 0.074219
0 0.374512 0.229004 0.141602 0.118164
0 0.068359 0.851074 0.126953 0.151367
0 0.436523 0.357910 0.054688 0.083008
0 0.519043 0.094727 0.104492 0.093750
0 0.587402 0.029785 0.079102 0.057617
0 0.764648 0.654785 0.093750 0.090820
0 0.304199 0.518066 0.077148 0.102539
0 0.619629 0.563965 0.102539 0.065430
0 0.139160 0.222168 0.096680 0.118164
0 0.961426 0.029785 0.077148 0.057617
0 0.383789 0.362793 0.054688 0.083008
0 0.061523 0.616211 0.066406 0.076172
0 0.160645 0.499023 0.088867 0.082031
