0 0.246582 0.901855 0.106445 0.110352
0 0.327148 0.889648 0.068359 0.125000
0 0.462891 0.893066 0.095703 0.114258
0 0.159180 0.901855 0.068359 0.112305
0 0.094238 0.667969 0.102539 0.097656
0 0.539062 0.049805 0.119141 0.091797
0 0.101074 0.460449 0.108398 0.106445
0 0.088867 0.902344 0.070312 0.103516
0 0.260742 0.733398 0.103516 0.113281
0 0.870117 0.599609 0.078125 0.111328
0 0.822754 0.507324 0.069336 0.096680
0 0.498047 0.713867 0.058594 0.107422
0 0.571289 0.126953 0.107422 0.082031
0 0.781250 0.442383 0.080078 0.072266
0 0.041504 0.611816 0.067383 0.086914
0 0.479980 0.551270 0.071289 0.110352
0 0.158203 0.527344 0.080078 0.095703
0 0.699219 0.892090 0.126953 0.096680
0 0.536133 0.886230 0.054688 0.100586
0 0.258789 0.533691 0.121094 0.151367
0 0.730469 0.033691 0.121094 0.065430
0 0.750000 0.096680 0.123047 0.076172
0 0.350586 0.577148 0.080078 0.095703
0 0.702148 0.300781 0.148438 0.199219
0 0.676270 0.553223 0.065430 0.079102
0 0.909180 0.100098 0.117188 0.122070
0 0.541504 0.698730 0.041992 0.106445
0 0.847168 0.872559 0.075195 0.084961
0 0.967285 0.403809 0.065430 0.159180
0 0.613281 0.537598 0.060547 0.092773
0 0.802246 0.735352 0.067383 0.068359
0 0.416992 0.568848 0.056641 0.110352
0 0.598633 0.886719 0.080078 0.101562
0 0.373047 0.738281 0.052734 0.123047
0 0.027832 0.904297 0.053711 0.123047
0 0.600586 0.685547 0.078125 0.091797
0 0.333496 0.734863 0.043945 0.108398
0 0.739746 0.585938 0.088867 0.089844
0 0.834961 0.188965 0.162109 0.112305
0 0.037598 0.391602 0.073242 0.111328
0 0.652344 0.710449 0.078125 0.073242
0 0.677246 0.819824 0.108398 0.055664
0 0.965332 0.056641 0.069336 0.111328
0 0.935059 0.857910 0.096680 0.131836
0 0.665527 0.768066 0.088867 0.051758
0 0.367676 0.022461 0.114258 0.042969
0 0.110352 0.766113 0.062500 0.079102
0 0.786133 0.654785 0.087891 0.081055
0 0.892578 0.985352 0.166016 0.029297
0 0.307617 0.062988 0.244141 0.061523
0 0.543457 0.537598 0.081055 0.094727
0 0.818848 0.802734 0.057617 0.068359
0 0.617676 0.189941 0.083008 0.069336
0 0.294434 0.189453 0.086914 0.179688
0 0.362793 0.168945 0.065430 0.082031
0 0.499023 0.333984 0.189453 0.128906
0 0.912109 0.723145 0.101562 0.137695
0 0.182129 0.711426 0.071289 0.108398
0 0.388184 0.892578 0.057617 0.117188
0 0.437012 0.734375 0.086914 0.128906
