0 0.646973 0.787598 0.106445 0.073242
0 0.256836 0.352539 0.126953 0.080078
0 0.692383 0.850098 0.107422 0.067383
0 0.481445 0.243652 0.121094 0.075195
0 0.497559 0.384766 0.114258 0.085938
0 0.480469 0.164062 0.113281 0.087891
0 0.473145 0.037109 0.108398 0.072266
0 0.485352 0.094727 0.097656 0.052734
0 0.490723 0.311523 0.122070 0.068359
0 0.316895 0.095215 0.077148 0.120117
0 0.474121 0.630859 0.135742 0.144531
0 0.335449 0.925293 0.184570 0.147461
0 0.052246 0.020996 0.100586 0.040039
0 0.248047 0.122070 0.078125 0.158203
0 0.056641 0.216309 0.111328 0.104492
0 0.376953 0.074707 0.082031 0.118164
0 0.036621 0.630859 0.071289 0.097656
0 0.315918 0.264648 0.086914 0.111328
