0 0.746582 0.901855 0.106445 0.110352
0 0.249023 0.259277 0.117188 0.153320
0 0.211914 0.489746 0.126953 0.118164
0 0.889160 0.893066 0.045898 0.122070
0 0.659180 0.901855 0.068359 0.112305
0 0.123047 0.540039 0.070312 0.099609
0 0.957031 0.893066 0.085938 0.114258
0 0.595703 0.668945 0.083984 0.099609
0 0.066406 0.581055 0.072266 0.093750
0 0.603516 0.465820 0.095703 0.093750
0 0.419434 0.248535 0.096680 0.108398
0 0.478516 0.798828 0.119141 0.099609
0 0.541992 0.611816 0.074219 0.084961
0 0.750977 0.729980 0.103516 0.122070
0 0.244141 0.590332 0.099609 0.081055
0 0.588867 0.901367 0.070312 0.103516
0 0.042969 0.381348 0.083984 0.143555
0 0.021484 0.615234 0.041016 0.101562
0 0.309082 0.827637 0.114258 0.090820
0 0.935547 0.733887 0.072266 0.124023
0 0.664062 0.523926 0.085938 0.090820
0 0.972656 0.549316 0.054688 0.106445
0 0.437988 0.729492 0.077148 0.066406
0 0.756836 0.531738 0.126953 0.153320
0 0.429688 0.652832 0.105469 0.094727
0 0.268066 0.667969 0.096680 0.099609
0 0.850098 0.577148 0.081055 0.095703
0 0.501465 0.913086 0.110352 0.138672
0 0.954590 0.333984 0.090820 0.119141
0 0.373047 0.187988 0.076172 0.084961
0 0.535156 0.404297 0.093750 0.099609
0 0.192383 0.330078 0.080078 0.099609
0 0.368652 0.456055 0.120117 0.128906
0 0.982422 0.166504 0.035156 0.077148
0 0.021484 0.936035 0.041016 0.059570
0 0.868164 0.733887 0.052734 0.124023
0 0.188477 0.970215 0.119141 0.059570
0 0.919922 0.563477 0.062500 0.109375
0 0.476562 0.338867 0.101562 0.103516
0 0.114258 0.344238 0.087891 0.133789
0 0.354492 0.948730 0.095703 0.088867
0 0.824707 0.733887 0.043945 0.108398
0 0.868164 0.024902 0.115234 0.047852
0 0.338867 0.890625 0.095703 0.044922
0 0.602051 0.767090 0.063477 0.079102
0 0.032227 0.805664 0.062500 0.072266
0 0.037598 0.982422 0.073242 0.035156
0 0.276367 0.963867 0.066406 0.070312
0 0.806641 0.065430 0.242188 0.070312
0 0.490234 0.568359 0.066406 0.066406
0 0.457520 0.529297 0.057617 0.066406
0 0.391602 0.568359 0.093750 0.083984
0 0.828613 0.889160 0.067383 0.124023
0 0.672363 0.709961 0.069336 0.101562
0 0.792969 0.193848 0.085938 0.184570
0 0.859375 0.170410 0.062500 0.079102
0 0.028809 0.873535 0.055664 0.059570
0 0.280762 0.754395 0.071289 0.071289
