0 0.250000 0.943359 0.107422 0.111328
0 0.138672 0.938965 0.115234 0.122070
0 0.338867 0.493164 0.080078 0.123047
0 0.164062 0.470215 0.099609 0.118164
0 0.113770 0.694336 0.088867 0.119141
0 0.194336 0.699219 0.080078 0.123047
0 0.653809 0.760742 0.133789 0.125000
0 0.545898 0.510254 0.080078 0.108398
0 0.615234 0.337891 0.113281 0.105469
0 0.625000 0.515625 0.082031 0.099609
0 0.538574 0.100586 0.090820 0.083984
0 0.781250 0.374512 0.126953 0.106445
0 0.286621 0.713379 0.116211 0.124023
0 0.704590 0.521484 0.086914 0.091797
0 0.035156 0.686523 0.068359 0.126953
0 0.516113 0.273926 0.110352 0.094727
0 0.675781 0.976074 0.152344 0.047852
0 0.076660 0.455566 0.073242 0.108398
0 0.361816 0.328613 0.081055 0.098633
0 0.532227 0.188965 0.103516 0.088867
0 0.035156 0.929199 0.068359 0.133789
0 0.373047 0.186035 0.107422 0.094727
0 0.504883 0.358887 0.109375 0.075195
0 0.878906 0.657715 0.123047 0.092773
0 0.349121 0.950684 0.098633 0.098633
0 0.697266 0.050781 0.048828 0.099609
0 0.257324 0.481934 0.088867 0.110352
0 0.384277 0.107422 0.102539 0.062500
0 0.370117 0.952148 0.138672 0.095703
0 0.903320 0.561035 0.162109 0.127930
0 0.756836 0.057617 0.066406 0.109375
0 0.869629 0.389648 0.053711 0.095703
0 0.788086 0.521973 0.080078 0.065430
0 0.851074 0.719238 0.092773 0.075195
0 0.458984 0.539062 0.087891 0.072266
0 0.020508 0.442871 0.039062 0.090820
0 0.561523 0.030762 0.103516 0.059570
0 0.414062 0.038574 0.070312 0.075195
0 0.691406 0.370117 0.042969 0.087891
0 0.371094 0.257324 0.095703 0.049805
0 0.325195 0.598633 0.095703 0.097656
0 0.143066 0.298828 0.098633 0.105469
0 0.516113 0.964844 0.161133 0.070312
0 0.797852 0.980957 0.087891 0.038086
0 0.469238 0.479004 0.077148 0.059570
0 0.911133 0.312988 0.078125 0.081055
0 0.259277 0.146973 0.065430 0.063477
0 0.881836 0.985840 0.083984 0.028320
0 0.267578 0.078125 0.068359 0.072266
0 0.935059 0.416504 0.063477 0.065430
0 0.255371 0.327148 0.131836 0.087891
0 0.972656 0.272461 0.054688 0.074219
0 0.439941 0.609863 0.065430 0.055664
0 0.354980 0.026367 0.045898 0.050781
0 0.289062 0.019043 0.080078 0.036133
0 0.207031 0.019531 0.082031 0.037109
0 0.056152 0.137695 0.110352 0.119141
0 0.912109 0.045898 0.158203 0.089844
0 0.965332 0.989746 0.069336 0.020508
0 0.131836 0.016113 0.072266 0.030273
0 0.481445 0.724609 0.185547 0.150391
0 0.052734 0.252930 0.101562 0.087891
0 0.988281 0.361816 0.023438 0.088867
0 0.810547 0.058594 0.044922 0.103516
0 0.644043 0.039551 0.059570 0.077148
0 0.040039 0.018066 0.078125 0.034180
0 0.984375 0.723633 0.031250 0.132812
0 0.775391 0.758301 0.105469 0.125977
0 0.136230 0.203125 0.051758 0.076172
0 0.144043 0.129883 0.051758 0.076172
0 0.249512 0.212402 0.065430 0.063477
