0 0.894531 0.329102 0.078125 0.103516
0 0.815430 0.331543 0.080078 0.102539
0 0.456543 0.862793 0.102539 0.125977
0 0.654297 0.499023 0.089844 0.089844
0 0.733398 0.331543 0.082031 0.102539
0 0.967285 0.326172 0.065430 0.109375
0 0.367676 0.222168 0.106445 0.084961
0 0.688477 0.721191 0.126953 0.086914
0 0.414551 0.405762 0.129883 0.108398
0 0.664062 0.635254 0.093750 0.079102
0 0.429199 0.554199 0.118164 0.077148
0 0.653809 0.571289 0.075195 0.048828
0 0.148438 0.702148 0.119141 0.078125
0 0.327148 0.154785 0.136719 0.100586
0 0.124023 0.636230 0.115234 0.073242
0 0.300781 0.076660 0.109375 0.071289
0 0.389648 0.302246 0.136719 0.090820
0 0.088379 0.528809 0.116211 0.069336
0 0.740234 0.492676 0.080078 0.088867
0 0.878906 0.503418 0.070312 0.106445
0 0.382324 0.878906 0.061523 0.115234
0 0.319824 0.890625 0.059570 0.103516
0 0.267578 0.913086 0.064453 0.105469
0 0.077148 0.462402 0.119141 0.067383
0 0.046387 0.039551 0.088867 0.077148
0 0.040527 0.279785 0.079102 0.071289
0 0.045898 0.343262 0.089844 0.071289
0 0.171875 0.762207 0.123047 0.073242
0 0.057617 0.403320 0.113281 0.074219
0 0.105469 0.585449 0.113281 0.061523
0 0.028320 0.838379 0.054688 0.079102
0 0.183594 0.827637 0.115234 0.063477
0 0.740723 0.136719 0.100586 0.134766
0 0.438477 0.680176 0.138672 0.073242
0 0.982422 0.497070 0.035156 0.101562
0 0.613770 0.199707 0.139648 0.096680
0 0.047852 0.971680 0.091797 0.056641
0 0.195312 0.921875 0.085938 0.128906
0 0.040527 0.213379 0.079102 0.067383
0 0.020508 0.764648 0.039062 0.074219
0 0.634766 0.342285 0.117188 0.086914
0 0.276855 0.028320 0.077148 0.054688
0 0.431152 0.621094 0.131836 0.054688
0 0.031738 0.148438 0.061523 0.064453
0 0.459473 0.750488 0.102539 0.083008
0 0.893066 0.099609 0.213867 0.197266
0 0.970703 0.896973 0.058594 0.055664
0 0.428223 0.487305 0.116211 0.056641
0 0.940430 0.496094 0.056641 0.099609
0 0.810547 0.479980 0.060547 0.063477
0 0.609375 0.267090 0.080078 0.061523
0 0.129883 0.029785 0.083984 0.057617
0 0.016602 0.704102 0.031250 0.054688
0 0.751465 0.668457 0.055664 0.032227
0 0.042480 0.906738 0.081055 0.075195
0 0.691406 0.807129 0.126953 0.086914
0 0.727539 0.897949 0.175781 0.092773
0 0.967285 0.782227 0.065430 0.060547
