0 0.646973 0.190430 0.114258 0.117188
0 0.759766 0.867188 0.109375 0.097656
0 0.462891 0.497070 0.144531 0.101562
0 0.910645 0.749023 0.088867 0.097656
0 0.276855 0.814941 0.094727 0.110352
0 0.640625 0.496094 0.074219 0.068359
0 0.355957 0.888184 0.147461 0.135742
0 0.166992 0.721680 0.078125 0.087891
0 0.477539 0.782715 0.087891 0.096680
0 0.215820 0.764648 0.087891 0.091797
0 0.613281 0.635254 0.121094 0.077148
0 0.521973 0.844238 0.067383 0.079102
0 0.885742 0.180176 0.130859 0.139648
0 0.669922 0.090820 0.082031 0.083984
0 0.213867 0.124023 0.109375 0.109375
0 0.752930 0.943359 0.099609 0.056641
0 0.433594 0.954102 0.080078 0.076172
0 0.443848 0.608398 0.108398 0.056641
0 0.114258 0.445801 0.087891 0.069336
0 0.022949 0.560059 0.043945 0.083008
0 0.437988 0.664062 0.112305 0.058594
0 0.601562 0.760254 0.113281 0.079102
0 0.057129 0.131348 0.112305 0.145508
0 0.871094 0.661621 0.099609 0.092773
0 0.248535 0.346680 0.131836 0.115234
0 0.233887 0.971680 0.108398 0.056641
0 0.953613 0.951660 0.092773 0.096680
0 0.358887 0.029785 0.108398 0.057617
0 0.210938 0.558105 0.091797 0.088867
0 0.606934 0.696289 0.110352 0.048828
0 0.569336 0.511719 0.068359 0.103516
0 0.419922 0.740723 0.080078 0.084961
0 0.846680 0.584473 0.078125 0.083008
0 0.505859 0.328125 0.076172 0.126953
0 0.112793 0.660156 0.094727 0.101562
0 0.057129 0.320801 0.096680 0.118164
0 0.931152 0.295898 0.137695 0.132812
0 0.937012 0.853027 0.100586 0.116211
0 0.779785 0.393555 0.104492 0.111328
0 0.845215 0.076660 0.133789 0.106445
0 0.569336 0.343750 0.052734 0.099609
0 0.291504 0.064453 0.106445 0.097656
0 0.278320 0.610352 0.093750 0.089844
0 0.958008 0.432617 0.083984 0.089844
0 0.458984 0.160645 0.095703 0.084961
0 0.762207 0.619629 0.088867 0.157227
0 0.162109 0.403320 0.078125 0.074219
0 0.763672 0.722656 0.095703 0.044922
0 0.759766 0.777832 0.097656 0.067383
0 0.800781 0.491211 0.150391 0.103516
0 0.604980 0.835449 0.100586 0.071289
0 0.970215 0.515137 0.059570 0.067383
0 0.821289 0.018066 0.130859 0.034180
0 0.678711 0.022461 0.062500 0.042969
0 0.602539 0.912598 0.097656 0.079102
0 0.075195 0.034180 0.105469 0.066406
0 0.642090 0.275391 0.102539 0.058594
0 0.753418 0.985352 0.098633 0.029297
0 0.485840 0.975586 0.067383 0.048828
0 0.643555 0.346191 0.101562 0.084961
0 0.981934 0.583008 0.036133 0.078125
0 0.311523 0.436523 0.074219 0.074219
0 0.368652 0.233887 0.141602 0.118164
0 0.068359 0.851074 0.126953 0.151367
0 0.436523 0.357910 0.054688 0.083008
0 0.517578 0.093262 0.095703 0.084961
0 0.585938 0.027344 0.068359 0.052734
0 0.380371 0.362793 0.057617 0.081055
0 0.303711 0.521973 0.078125 0.088867
0 0.060059 0.607422 0.075195 0.076172
0 0.617188 0.564941 0.099609 0.067383
