0 0.802734 0.233073 0.178385 0.166667
0 0.624349 0.121745 0.178385 0.240885
0 0.374349 0.281901 0.274740 0.246094
0 0.274740 0.137370 0.294271 0.251302
0 0.160156 0.827474 0.268229 0.282552
0 0.929688 0.369141 0.140625 0.186198
0 0.563151 0.567708 0.287760 0.210938
0 0.622396 0.698568 0.283854 0.230469
0 0.789714 0.040365 0.144531 0.078125
0 0.697917 0.826172 0.268229 0.201823
0 0.472656 0.447266 0.289062 0.261719
0 0.805990 0.921875 0.283854 0.156250
0 0.927083 0.057943 0.145833 0.113281
0 0.090495 0.699219 0.178385 0.231771
0 0.090495 0.526042 0.178385 0.231771
0 0.048828 0.352865 0.095052 0.174479
0 0.273438 0.932943 0.242188 0.134115
