0 0.068359 0.960938 0.134766 0.078125
0 0.267090 0.803711 0.176758 0.128906
0 0.226562 0.730469 0.171875 0.132812
0 0.631348 0.032715 0.184570 0.063477
0 0.324707 0.870605 0.159180 0.122070
0 0.953125 0.218262 0.093750 0.172852
0 0.717285 0.104004 0.145508 0.141602
0 0.812500 0.777344 0.232422 0.226562
0 0.225586 0.061035 0.216797 0.120117
0 0.363281 0.934082 0.169922 0.129883
0 0.282227 0.115723 0.208984 0.137695
0 0.350586 0.191895 0.208984 0.137695
0 0.412109 0.296387 0.208984 0.137695
0 0.503418 0.422363 0.194336 0.151367
0 0.614258 0.523438 0.216797 0.193359
0 0.717773 0.645020 0.101562 0.063477
0 0.164551 0.653320 0.184570 0.160156
0 0.089355 0.521973 0.176758 0.188477
0 0.049316 0.355957 0.096680 0.133789
0 0.025391 0.215332 0.048828 0.114258
0 0.039551 0.858398 0.077148 0.115234
0 0.828613 0.257324 0.184570 0.213867
0 0.944336 0.388184 0.111328 0.131836
0 0.886719 0.946777 0.226562 0.104492
