0 0.464844 0.327474 0.142578 0.128906
0 0.607910 0.512370 0.108398 0.100260
0 0.640137 0.332682 0.075195 0.087240
0 0.903809 0.668620 0.075195 0.123698
0 0.268066 0.764974 0.094727 0.152344
0 0.170410 0.619141 0.073242 0.115885
0 0.478027 0.710938 0.086914 0.127604
0 0.759277 0.822917 0.108398 0.130208
0 0.599121 0.679688 0.114258 0.104167
0 0.566895 0.347656 0.067383 0.130208
0 0.223145 0.679688 0.073242 0.117188
0 0.850098 0.443359 0.067383 0.102865
0 0.356445 0.852214 0.134766 0.186198
0 0.521973 0.792318 0.065430 0.105469
0 0.209473 0.410807 0.073242 0.110677
0 0.443359 0.477865 0.107422 0.075521
0 0.113281 0.253255 0.068359 0.089844
0 0.867676 0.550781 0.079102 0.117188
0 0.021484 0.412760 0.041016 0.111979
0 0.113281 0.551432 0.095703 0.123698
0 0.438477 0.552083 0.111328 0.078125
0 0.790527 0.320964 0.143555 0.123698
0 0.606934 0.596354 0.110352 0.062500
0 0.752930 0.924479 0.103516 0.072917
0 0.930176 0.804036 0.102539 0.157552
0 0.419434 0.654297 0.079102 0.113281
0 0.758789 0.492188 0.095703 0.208333
0 0.763184 0.630208 0.094727 0.059896
0 0.603516 0.779297 0.099609 0.089844
0 0.564941 0.128255 0.057617 0.121094
0 0.170410 0.218750 0.083008 0.104167
0 0.285645 0.486328 0.081055 0.110677
0 0.759766 0.704427 0.097656 0.091146
0 0.436523 0.143880 0.054688 0.108073
0 0.958008 0.248047 0.083984 0.115885
0 0.258789 0.139974 0.109375 0.136719
0 0.311035 0.249349 0.071289 0.100260
0 0.953613 0.936849 0.092773 0.118490
0 0.973145 0.353516 0.053711 0.102865
0 0.603027 0.880859 0.098633 0.100260
0 0.385742 0.156250 0.054688 0.096354
0 0.984375 0.451172 0.031250 0.100260
0 0.067871 0.802083 0.127930 0.187500
0 0.307617 0.357422 0.083984 0.121094
0 0.055176 0.097005 0.102539 0.160156
0 0.367676 0.036458 0.100586 0.070312
0 0.501953 0.109375 0.070312 0.171875
0 0.634277 0.131510 0.086914 0.117188
0 0.634766 0.039062 0.097656 0.075521
0 0.777832 0.184896 0.098633 0.135417
0 0.757812 0.979818 0.095703 0.040365
0 0.934082 0.061849 0.131836 0.121094
0 0.056152 0.488932 0.075195 0.092448
0 0.436523 0.928385 0.080078 0.109375
0 0.488281 0.968750 0.058594 0.062500
0 0.617188 0.415365 0.101562 0.085938
