0 0.205078 0.564453 0.115234 0.121094
0 0.487793 0.497070 0.153320 0.113281
0 0.617676 0.721680 0.106445 0.083984
0 0.375977 0.521973 0.076172 0.112305
0 0.103516 0.287109 0.093750 0.105469
0 0.258789 0.194336 0.083984 0.070312
0 0.971191 0.831543 0.057617 0.104492
0 0.072266 0.188965 0.089844 0.098633
0 0.663086 0.907227 0.130859 0.111328
0 0.577637 0.654297 0.135742 0.099609
0 0.550781 0.575195 0.109375 0.070312
0 0.061523 0.732910 0.121094 0.088867
0 0.272461 0.783203 0.113281 0.064453
0 0.285645 0.842285 0.110352 0.071289
0 0.305176 0.899902 0.120117 0.073242
0 0.043457 0.605469 0.084961 0.091797
0 0.129883 0.933105 0.117188 0.075195
0 0.639648 0.803711 0.136719 0.091797
0 0.154297 0.394043 0.130859 0.116211
0 0.974121 0.973633 0.051758 0.052734
0 0.087891 0.800781 0.123047 0.072266
0 0.203613 0.157715 0.094727 0.083008
0 0.108398 0.862305 0.117188 0.076172
0 0.902344 0.977539 0.089844 0.044922
0 0.373535 0.295410 0.104492 0.086914
0 0.261230 0.718262 0.137695 0.077148
0 0.243652 0.655762 0.141602 0.073242
0 0.263184 0.375488 0.092773 0.088867
0 0.357910 0.369141 0.100586 0.060547
0 0.545410 0.133301 0.163086 0.157227
0 0.040039 0.114746 0.060547 0.057617
0 0.883789 0.842773 0.119141 0.083984
0 0.327637 0.966309 0.122070 0.067383
0 0.043457 0.046387 0.084961 0.088867
0 0.020020 0.452148 0.038086 0.107422
0 0.129883 0.097656 0.101562 0.101562
0 0.146484 0.983398 0.126953 0.033203
0 0.294922 0.526367 0.082031 0.099609
0 0.298828 0.232422 0.099609 0.074219
0 0.862305 0.680176 0.140625 0.124023
0 0.209961 0.658691 0.074219 0.069336
0 0.858887 0.767578 0.079102 0.060547
0 0.055176 0.672363 0.106445 0.055664
0 0.617676 0.238770 0.098633 0.114258
0 0.438965 0.039551 0.092773 0.077148
0 0.682129 0.974121 0.124023 0.051758
