0 0.645508 0.254557 0.115234 0.157552
0 0.463379 0.662760 0.143555 0.130208
0 0.639160 0.667969 0.073242 0.088542
0 0.606934 0.848958 0.108398 0.106771
0 0.932129 0.390625 0.124023 0.156250
0 0.780273 0.524740 0.103516 0.145833
0 0.245117 0.475260 0.117188 0.161458
0 0.114258 0.593750 0.089844 0.093750
0 0.443359 0.811198 0.107422 0.075521
0 0.504883 0.444661 0.078125 0.165365
0 0.024902 0.750651 0.047852 0.118490
0 0.438477 0.884115 0.111328 0.075521
0 0.872070 0.191406 0.130859 0.083333
0 0.570312 0.464844 0.058594 0.130208
0 0.210449 0.744141 0.086914 0.113281
0 0.569824 0.684245 0.067383 0.134115
0 0.602051 0.929688 0.102539 0.052083
0 0.054688 0.429688 0.097656 0.161458
0 0.457031 0.214193 0.101562 0.126302
0 0.206055 0.169922 0.097656 0.136719
0 0.162109 0.537109 0.078125 0.100260
0 0.760742 0.768880 0.080078 0.092448
0 0.384277 0.490885 0.055664 0.096354
0 0.638184 0.462240 0.098633 0.132812
0 0.312012 0.582682 0.075195 0.100260
0 0.958984 0.587240 0.082031 0.117188
0 0.282715 0.823568 0.108398 0.134115
0 0.797852 0.658203 0.144531 0.121094
0 0.852051 0.772786 0.075195 0.113281
0 0.636719 0.363281 0.103516 0.065104
0 0.045898 0.180990 0.089844 0.182292
0 0.864746 0.885417 0.083008 0.125000
0 0.438477 0.480469 0.054688 0.109375
0 0.759766 0.869141 0.095703 0.113281
0 0.669922 0.120443 0.082031 0.108073
0 0.371094 0.309245 0.134766 0.173177
0 0.131836 0.282552 0.087891 0.143229
0 0.981445 0.783203 0.037109 0.087240
0 0.307617 0.694010 0.083984 0.132812
0 0.889160 0.281901 0.118164 0.102865
0 0.970215 0.680990 0.059570 0.109375
0 0.080078 0.044271 0.097656 0.085938
0 0.291016 0.095703 0.097656 0.115885
0 0.351562 0.031250 0.097656 0.059896
0 0.515625 0.125651 0.101562 0.126302
0 0.594727 0.037760 0.070312 0.072917
0 0.669922 0.031250 0.072266 0.059896
0 0.062012 0.812500 0.075195 0.098958
0 0.107910 0.888672 0.094727 0.131510
0 0.162598 0.953125 0.086914 0.093750
0 0.436523 0.962240 0.111328 0.075521
0 0.622559 0.751953 0.098633 0.089844
0 0.603027 0.977865 0.110352 0.044271
0 0.763672 0.964193 0.093750 0.071615
0 0.906738 0.969401 0.084961 0.061198
0 0.842773 0.100260 0.099609 0.117188
0 0.822754 0.025391 0.114258 0.048177
0 0.958496 0.042969 0.083008 0.083333
