0 0.464355 0.811198 0.112305 0.182292
0 0.654785 0.331380 0.088867 0.123698
0 0.688477 0.625651 0.128906 0.118490
0 0.414062 0.206380 0.128906 0.147135
0 0.664062 0.514323 0.093750 0.104167
0 0.429688 0.405599 0.119141 0.102865
0 0.153320 0.598307 0.119141 0.105469
0 0.873535 0.339193 0.081055 0.144531
0 0.653809 0.428385 0.075195 0.065104
0 0.127930 0.519531 0.105469 0.093750
0 0.095215 0.365885 0.116211 0.093750
0 0.738281 0.333984 0.076172 0.139323
0 0.177734 0.764974 0.115234 0.084635
0 0.734375 0.108073 0.080078 0.138021
0 0.378418 0.839193 0.061523 0.152344
0 0.079102 0.285807 0.125000 0.100260
0 0.056152 0.205729 0.102539 0.085938
0 0.028809 0.785156 0.055664 0.106771
0 0.178711 0.677734 0.144531 0.092448
0 0.323730 0.856120 0.073242 0.157552
0 0.110352 0.439453 0.113281 0.087240
0 0.943359 0.332031 0.062500 0.135417
0 0.814941 0.108073 0.079102 0.135417
0 0.968750 0.863281 0.062500 0.075521
0 0.438965 0.571615 0.135742 0.098958
0 0.636230 0.119792 0.114258 0.114583
0 0.020508 0.686849 0.039062 0.097656
0 0.984375 0.331380 0.031250 0.131510
0 0.966797 0.100260 0.066406 0.143229
0 0.261719 0.889323 0.072266 0.145833
0 0.045898 0.126953 0.089844 0.092448
0 0.458984 0.667318 0.103516 0.110677
0 0.895020 0.104818 0.077148 0.144531
0 0.427246 0.315104 0.116211 0.078125
0 0.433594 0.494792 0.136719 0.072917
0 0.810059 0.332682 0.061523 0.147135
0 0.187988 0.892578 0.088867 0.170573
0 0.016113 0.606120 0.030273 0.071615
0 0.053223 0.961589 0.077148 0.071615
0 0.964844 0.712891 0.070312 0.069010
0 0.718750 0.742188 0.175781 0.114583
0 0.391113 0.073568 0.133789 0.123698
0 0.034180 0.043620 0.066406 0.084635
0 0.619141 0.033203 0.105469 0.063802
0 0.720215 0.864583 0.159180 0.125000
0 0.034180 0.877604 0.066406 0.101562
