0 0.175293 0.297852 0.071289 0.066406
0 0.046875 0.890625 0.068359 0.064453
0 0.228516 0.347656 0.078125 0.080078
0 0.290527 0.395508 0.079102 0.068359
0 0.787109 0.057129 0.232422 0.112305
0 0.260254 0.780762 0.208008 0.198242
0 0.168457 0.623535 0.114258 0.114258
0 0.375977 0.480957 0.074219 0.071289
0 0.626465 0.389648 0.096680 0.097656
0 0.018066 0.861816 0.034180 0.073242
0 0.172852 0.965820 0.109375 0.068359
0 0.330566 0.440430 0.063477 0.072266
0 0.787109 0.624023 0.162109 0.173828
0 0.472168 0.063965 0.094727 0.125977
0 0.414551 0.536133 0.059570 0.076172
0 0.672852 0.769043 0.132812 0.155273
0 0.562012 0.909180 0.161133 0.179688
0 0.155273 0.513184 0.136719 0.122070
0 0.464355 0.574219 0.059570 0.076172
0 0.524902 0.629395 0.094727 0.094727
0 0.122559 0.189453 0.069336 0.080078
0 0.048340 0.304199 0.094727 0.090820
0 0.034180 0.215820 0.066406 0.093750
0 0.062988 0.137207 0.100586 0.084961
0 0.020020 0.078125 0.038086 0.093750
0 0.402832 0.180664 0.094727 0.126953
0 0.479492 0.227539 0.099609 0.103516
0 0.535156 0.285156 0.099609 0.103516
0 0.590332 0.313965 0.071289 0.081055
0 0.665527 0.299805 0.096680 0.097656
