0 0.681152 0.799316 0.081055 0.069336
0 0.224121 0.199219 0.100586 0.083984
0 0.042480 0.030762 0.083008 0.059570
0 0.731445 0.840820 0.091797 0.076172
0 0.599609 0.304199 0.136719 0.133789
0 0.290039 0.257812 0.123047 0.091797
0 0.783691 0.900391 0.075195 0.070312
0 0.160156 0.138672 0.105469 0.093750
0 0.093262 0.068848 0.094727 0.090820
0 0.624023 0.031250 0.117188 0.060547
0 0.444824 0.926758 0.098633 0.083984
0 0.975586 0.431152 0.048828 0.131836
0 0.476562 0.553711 0.140625 0.115234
0 0.370117 0.446777 0.144531 0.145508
0 0.367676 0.893066 0.086914 0.088867
0 0.924316 0.696777 0.151367 0.163086
0 0.827148 0.942383 0.078125 0.068359
0 0.266602 0.542480 0.130859 0.147461
0 0.734863 0.326172 0.151367 0.140625
0 0.880371 0.384766 0.151367 0.140625
0 0.959473 0.562500 0.081055 0.148438
0 0.877441 0.973633 0.077148 0.052734
0 0.624512 0.689453 0.071289 0.089844
0 0.573242 0.636719 0.085938 0.082031
0 0.531250 0.710449 0.078125 0.081055
0 0.468262 0.780273 0.086914 0.093750
0 0.551270 0.806641 0.086914 0.093750
0 0.303223 0.841309 0.086914 0.088867
0 0.229980 0.809082 0.086914 0.088867
0 0.167480 0.763184 0.086914 0.088867
0 0.090332 0.735840 0.086914 0.088867
0 0.671875 0.973633 0.103516 0.052734
0 0.831055 0.075684 0.197266 0.118164
0 0.965820 0.097168 0.068359 0.112305
