0 0.150391 0.498047 0.111328 0.149740
0 0.260254 0.703776 0.206055 0.264323
0 0.047363 0.850260 0.067383 0.085938
0 0.290039 0.201823 0.083984 0.093750
0 0.647461 0.134115 0.121094 0.203125
0 0.379883 0.315104 0.070312 0.096354
0 0.017578 0.822917 0.033203 0.080729
0 0.230469 0.136068 0.082031 0.105469
0 0.328125 0.265625 0.062500 0.096354
0 0.437500 0.667318 0.060547 0.092448
0 0.162109 0.345703 0.111328 0.149740
0 0.418945 0.377604 0.070312 0.096354
0 0.464844 0.428385 0.070312 0.096354
0 0.525391 0.507161 0.083984 0.123698
0 0.781738 0.501953 0.149414 0.207031
0 0.669922 0.684896 0.128906 0.187500
0 0.562988 0.880859 0.155273 0.227865
0 0.172852 0.070964 0.082031 0.105469
0 0.048340 0.058594 0.094727 0.114583
0 0.543457 0.057943 0.127930 0.113281
0 0.171875 0.954427 0.103516 0.091146
