0 0.272786 0.614258 0.152344 0.136719
0 0.753906 0.081055 0.106771 0.101562
0 0.645182 0.081055 0.108073 0.103516
0 0.539714 0.248535 0.118490 0.092773
0 0.218099 0.155273 0.170573 0.109375
0 0.281901 0.773438 0.178385 0.082031
0 0.584635 0.469238 0.171875 0.088867
0 0.860677 0.080078 0.101562 0.113281
0 0.514323 0.090820 0.153646 0.085938
0 0.308594 0.913574 0.145833 0.088867
0 0.551432 0.385742 0.123698 0.078125
0 0.238932 0.304199 0.157552 0.077148
0 0.538411 0.321289 0.100260 0.048828
0 0.652995 0.235352 0.108073 0.074219
0 0.250651 0.430176 0.186198 0.073242
0 0.179036 0.627930 0.082031 0.117188
0 0.477214 0.022949 0.108073 0.043945
0 0.314453 0.843750 0.123698 0.052734
0 0.838542 0.256348 0.093750 0.114258
0 0.190104 0.050781 0.182292 0.093750
0 0.103516 0.651855 0.084635 0.120117
0 0.242839 0.371094 0.180990 0.054688
0 0.277344 0.500488 0.140625 0.081055
0 0.953776 0.530273 0.092448 0.056641
0 0.307943 0.977539 0.157552 0.044922
0 0.085938 0.842773 0.083333 0.105469
0 0.174479 0.833496 0.114583 0.090820
0 0.748698 0.255371 0.083333 0.110352
0 0.236328 0.238281 0.157552 0.054688
0 0.660807 0.381348 0.087240 0.083008
0 0.029948 0.666016 0.057292 0.119141
0 0.957031 0.075195 0.085938 0.111328
0 0.626302 0.639160 0.236979 0.108398
0 0.576823 0.552246 0.153646 0.077148
0 0.917969 0.250000 0.065104 0.095703
0 0.977214 0.252930 0.045573 0.095703
0 0.953776 0.656250 0.092448 0.080078
